1.243712,0.815133,0
-0.342322,-0.037790,1
1.018971,0.663218,0
-2.023383,0.391366,1
1.250205,-0.570538,0
-1.413179,-0.767110,1
0.826389,0.155679,0
0.137674,0.654850,1
1.218555,1.221950,0
0.147833,0.120999,1
1.905178,0.789463,0
-1.960030,-0.107014,1
0.622295,0.422387,0
-1.797202,0.992543,1
1.417986,-0.015832,0
-0.637827,0.379718,1
1.663978,1.596965,0
-0.757185,-0.523534,1
2.592725,1.204321,0
-1.300982,0.706552,1
0.868141,1.117236,0
-2.560117,-0.572894,1
0.727849,-0.576382,0
-0.959722,0.495646,1
-0.679487,-0.062842,0
-1.247382,-0.771010,1
0.579902,-0.151223,0
-2.542832,-1.225934,1
1.552314,0.855065,0
-1.413596,-0.548102,1
0.669579,-0.035484,0
-1.240654,-0.727741,1
0.887719,0.477511,0
1.354498,-0.659245,1
1.868812,1.353978,0
-0.362242,-0.594035,1
1.952064,-0.536078,0
-1.508555,-1.622054,1
1.567723,-0.177979,0
-0.001981,0.158606,1
0.633372,-0.050180,0
-0.998048,-0.424952,1
0.988542,0.742304,0
-1.351379,-1.612468,1
1.120197,-0.707084,0
-1.102540,1.194731,1
0.327010,0.839335,0
-1.113642,-0.597103,1
1.403523,1.544396,0
1.148267,1.435680,1
1.364515,0.886447,0
-0.459989,-0.192468,1
2.074178,0.280717,0
-1.220765,-0.954792,1
0.623553,0.867980,0
-1.447163,1.191811,1
0.342283,0.540951,0
-0.899099,-0.241493,1
2.188484,0.588313,0
-1.045806,0.234037,1
0.577923,-0.745566,0
-1.309415,0.024393,1
2.176890,-0.915371,0
-1.255168,-0.846337,1
1.022219,-0.037564,0
-1.832367,-0.312420,1
0.248950,-0.078348,0
-2.199904,-0.088073,1
0.044838,1.727833,0
-2.150857,-1.581620,1
1.077048,0.985779,0
-0.457581,1.112898,1
1.291702,-0.680645,0
-0.978325,0.375146,1
0.535567,-0.318340,0
-1.639467,-0.408465,1
0.436632,0.449317,0
-2.489396,0.983482,1
1.258600,-0.434902,0
0.322046,-0.997265,1
1.688487,0.981700,0
-0.974837,0.840864,1
1.148379,1.108800,0
-1.809662,1.052839,1
0.410795,-0.665914,0
-0.496884,-0.645440,1
1.194414,-0.624091,0
-1.799614,-0.474758,1
0.370710,-0.357028,0
-1.311227,-0.897861,1
0.963505,-0.736777,0
-1.259835,-0.577731,1
0.851424,-0.190868,0
-0.756602,-1.392917,1
1.997034,-0.834521,0
-1.672629,1.068825,1
0.353375,-1.135502,0
-3.187946,0.848434,1
2.526925,0.416206,0
-1.048934,0.686077,1
1.865505,-0.031861,0
0.156302,-0.109306,1
0.439964,0.404491,0
-1.329299,1.259721,1
-0.737078,0.721680,0
-0.117556,-0.395502,1
1.271444,-0.996176,0
-2.061263,-0.602126,1
0.823985,0.729182,0
-2.063663,0.324216,1
0.950374,-0.646156,0
1.059228,0.523881,1
0.137744,-0.274153,0
-1.933709,0.248270,1
1.598401,0.350136,0
-1.532881,0.097618,1
0.694407,0.779006,0
-0.831727,-0.801994,1
0.238912,-0.564233,0
-0.790537,-0.033335,1
1.193048,-1.063392,0
-0.197178,-0.523515,1
0.909956,-0.602970,0
-1.452967,-0.531351,1
0.202501,0.172145,0
-1.904613,0.332319,1
1.327088,-0.024296,0
-1.709767,-0.111036,1
0.871193,0.776856,0
-0.385201,-1.321476,1
1.575612,0.561347,0
-0.312720,-0.097620,1
0.824421,-0.486972,0
-0.648075,-0.313770,1
2.593749,-0.212200,0
-2.227019,0.980487,1
1.601722,-0.763586,0
-1.189027,1.081356,1
0.247036,-0.482499,0
-1.232626,0.573961,1
0.584322,0.506301,0
-1.569106,-1.805764,1
0.277133,-0.221783,0
-1.607604,-0.042794,1
1.385251,0.047306,0
-0.960299,-0.742439,1
1.497647,-0.571815,0
-1.662363,0.835014,1
2.276094,-1.398996,0
0.474349,0.491305,1
0.455700,-0.686988,0
-0.856615,0.012769,1
1.085223,0.389865,0
-1.018333,0.277912,1
0.884642,0.103920,0
-0.684221,0.558173,1
1.839919,-0.518547,0
0.213028,0.219009,1
0.899330,-0.200455,0
-1.100212,-0.143501,1
0.804583,0.329926,0
-1.115714,1.175215,1
0.286689,0.267589,0
-1.640466,0.005713,1
1.505304,-0.001652,0
0.273935,0.286843,1
1.002938,-0.144794,0
-0.763624,-0.519194,1
-0.516958,0.343569,0
-0.800365,2.351259,1
1.518679,0.326546,0
-0.735792,0.190973,1
0.351042,0.375213,0
-0.599763,-0.010859,1
0.684062,-0.363363,0
-1.035849,1.173278,1
1.696924,-0.228518,0
-0.530031,0.705787,1
0.624481,1.786764,0
-2.658665,0.150758,1
0.988058,-0.910979,0
-0.408601,-0.353820,1
1.606960,0.888685,0
0.168988,1.143205,1
1.590235,-0.125254,0
-0.873208,0.868602,1
1.110429,0.268098,0
-0.576316,-0.186325,1
0.896805,-1.378261,0
-1.770320,0.246627,1
0.911578,0.159717,0
-0.029056,1.586990,1
0.803401,1.311244,0
-1.830965,0.579120,1
0.146167,-0.203617,0
-0.277727,0.460037,1
0.466212,0.509943,0
-1.428177,-0.227917,1
-0.220717,0.392969,0
0.576641,1.421617,1
-1.205244,-0.016988,0
-2.900450,1.364930,1
-0.086277,0.039484,0
-0.127631,0.322185,1
1.536151,0.789603,0
0.380144,-1.146082,1
1.081983,-1.246665,0
-0.347248,-1.358279,1
1.314689,0.331223,0
-0.275530,0.354264,1
2.064090,-0.748916,0
-0.796700,0.412493,1
0.710571,0.172913,0
-0.854611,0.076679,1
1.333049,0.904789,0
1.021610,-0.111654,1
1.155533,-1.011676,0
-1.028199,1.194560,1
-0.063245,-1.181736,0
-0.775753,-0.493157,1
1.719891,-0.550829,0
-1.627466,-0.322219,1
-0.151925,-1.284732,0
0.001198,0.728766,1
0.105695,0.214445,0
-1.324984,0.047506,1
1.086638,-1.254529,0
-0.826978,-0.007127,1
0.667126,0.036681,0
-1.443073,-0.672398,1
1.318019,-0.884455,0
-1.721659,-0.684639,1
1.227941,-0.192425,0
-2.244789,0.157084,1
2.069795,0.899878,0
0.281921,-0.466010,1
0.820372,0.044255,0
-1.481761,0.216120,1
0.349599,-0.551908,0
-1.196510,0.630545,1
1.872798,1.081342,0
-0.959771,0.789240,1
1.318596,-0.026300,0
-1.005915,-0.913389,1
0.670480,-0.306135,0
-0.893559,0.675220,1
0.888052,0.568464,0
-1.077865,-0.283154,1
2.005491,0.876247,0
-1.102695,0.056894,1
