1.565357,-5.418715,3.719791,2.581394,-1.530800,3.108669,-6.219008,1.141171,-0.120342,1.534048,1.584661,-2.425594,1.979914,3.799103,-1.960258,-3.518748,0
1.335468,1.715171,4.387586,0.919032,0.034929,2.097344,1.604703,3.514045,4.208152,-2.579863,2.030087,-0.700314,3.943450,-1.173029,-1.495973,-3.737502,1
-2.234859,-2.790014,1.180813,0.620865,-0.900620,-6.958357,2.516983,-3.277592,-0.674549,-6.868044,-3.772010,-2.422343,2.860054,-0.472931,1.640976,2.779488,0
2.535083,1.225673,1.209895,1.911130,3.851060,1.603982,0.485922,1.977412,3.233455,4.139058,0.979637,-2.982878,-2.100205,2.792640,5.453876,3.995189,1
-0.146509,-2.532966,4.780510,-1.365176,0.663357,-2.596530,-4.179454,-4.707848,-2.425636,0.853409,-1.496221,1.756681,-4.823046,-1.298738,2.499828,-1.958467,0
7.550738,8.208495,2.077029,-2.066159,0.443929,0.510079,-2.814550,-7.179544,-2.205151,6.267200,4.707561,2.826690,4.600644,2.194364,1.434207,-1.262089,1
-6.276070,0.819757,-1.149421,-5.187959,0.018272,-4.171692,-4.595472,-3.842843,-0.085091,-0.402777,6.591749,0.890533,-1.099560,-2.987137,-2.505188,-1.656514,0
-3.496684,2.988830,-2.130559,-1.265188,0.486170,2.647485,-3.179583,-0.347598,-3.269453,-3.551339,6.083522,7.845748,-0.995657,-0.780021,2.197982,5.502471,1
1.008186,-2.603099,-3.165505,-3.770297,-9.127728,2.919298,3.901756,-5.625072,1.082697,0.898851,2.153042,0.386833,1.865768,2.487303,1.716413,-2.219769,0
-1.964389,-3.279434,-5.300061,-2.843519,-2.860765,8.077224,-2.083363,4.146668,5.208438,-1.266055,-3.518793,-0.062352,0.863447,1.127820,1.256568,-2.305616,1
2.446318,0.940844,-2.636294,-1.404756,-0.467249,-0.480415,2.322863,2.728155,-2.399679,-1.637957,5.731895,-1.291059,1.495995,-1.384307,-2.206075,-5.084663,0
-0.901500,-7.611747,-2.969895,4.228707,5.354814,-5.738643,-2.553429,-0.584155,4.974586,5.193723,1.491332,-2.601902,-0.902148,-3.323617,1.864923,2.890574,1
2.068176,-5.867951,-1.042171,-6.565592,-2.802379,3.499432,0.232059,2.160152,0.526129,0.413078,1.548431,-3.350108,-3.374380,5.381565,-1.035282,-7.369965,0
2.162818,-0.528102,4.051576,-2.641127,3.445937,1.190382,0.092746,-0.832628,-2.816509,2.426539,2.430032,2.941876,2.940406,-1.189003,1.166025,-8.140038,1
-2.908381,-2.126958,-7.365319,-1.116206,0.729563,-8.839289,-2.161849,-2.191787,-0.060673,-1.535287,-1.383765,-0.630587,-1.752542,-1.468140,-5.242513,0.135424,0
3.817294,7.942016,-0.375039,3.008765,-2.328426,-1.890315,1.183802,-4.762633,-0.694113,1.609626,-0.424426,3.512094,-0.863235,0.551460,3.271941,4.651496,1
1.252787,0.163841,4.291067,-4.368660,-1.268644,-0.369049,-1.584821,0.199343,-3.164227,-0.679927,-2.355576,-2.335284,-3.380418,0.252159,-5.530462,2.126389,0
-2.804933,-4.952888,4.391238,2.825536,-0.109407,-2.560045,-0.416773,3.634414,0.488356,0.037647,-0.025193,5.487979,2.342292,-0.069697,-5.938931,-0.593831,1
-1.576947,3.533298,4.139750,6.109327,1.164532,1.689123,-5.261879,-6.859792,1.128307,-4.917668,-0.029947,-0.459440,-0.857039,1.183264,-1.992203,-1.992200,0
7.393256,4.422709,0.210548,2.537160,1.831084,-1.827339,3.065991,0.048917,-2.516576,3.909995,1.897008,3.949489,3.344468,1.480216,-0.667014,-3.780123,1
-1.341615,2.718987,-1.283349,-0.466436,-6.179374,2.693289,-3.773878,0.130379,-4.961185,2.503523,-1.032003,-0.548210,0.326612,1.973394,-0.716823,-3.117411,0
1.924619,0.014369,1.789132,-1.112638,4.175706,-1.565195,4.540280,3.795426,0.364289,2.709268,-0.117755,4.722392,-0.108204,2.980041,2.207774,3.263606,1
1.343039,-1.045665,-2.602088,-1.995594,-2.382317,-1.870197,-0.279491,-3.200652,0.824389,-6.835180,-3.212408,-2.252411,2.178680,-2.517715,2.111872,-0.644797,0
6.441026,2.711621,1.377791,-0.115026,4.531653,-2.445558,-0.444814,-2.190502,-0.864343,-6.261363,-3.450566,5.914014,0.866683,3.119914,-0.958039,6.252866,1
0.204641,4.502195,2.463339,-6.079935,-3.185850,2.393213,0.768147,1.814734,-0.295462,1.196062,-5.315155,-3.015754,-2.377237,5.328011,1.617243,-1.077345,0
-5.155249,0.006200,1.877273,-0.365818,-2.574617,-0.355861,3.923631,6.268186,-1.134583,0.640731,2.721484,-0.745652,-5.080101,1.005943,4.228824,2.346614,1
-3.530063,-4.065760,-2.953890,3.610191,-1.484232,3.772648,-5.737746,-0.389698,-7.326238,-1.973940,-2.909899,1.175636,-0.068483,-1.763261,0.720629,-3.791164,0
1.601579,-2.893488,-1.955066,4.644900,2.166560,-0.301388,-2.239426,-2.396060,-2.272466,0.908052,3.326997,5.338063,-3.451644,-1.738511,-0.375857,2.381743,1
-3.946259,1.730875,2.194647,-3.487410,-3.478285,-2.155821,1.401899,3.868248,-5.988108,1.150999,-7.118835,-0.785694,-3.024343,-1.692733,-8.046585,0.183989,0
2.233809,1.604300,0.053026,3.258052,-0.143027,-0.147394,-6.480710,-1.533347,-2.129289,-0.054005,5.564448,2.793067,0.363158,-0.871131,-1.573196,1.843560,1
3.490578,-2.037028,-2.405010,-4.177244,7.006252,-0.982569,4.454592,-2.907279,-3.990378,2.146732,-2.690354,-4.757848,1.268391,6.225359,0.419121,4.899290,0
1.772313,-0.874715,-0.917086,-0.554212,-7.192143,4.362687,1.955253,3.937488,3.190646,-0.614949,8.493300,0.101402,3.213103,3.464543,4.751046,2.131593,1
-5.792058,-6.223992,-0.745525,-4.633475,-0.052977,-6.956966,-1.097180,-3.751533,3.256092,3.623556,2.871490,-3.563361,-3.842075,2.811886,3.274296,-3.911249,0
-5.454921,-1.246795,-0.097077,-0.870445,1.641845,-0.135254,4.264829,-1.612414,1.267134,-1.374968,-1.897441,-2.189392,5.183421,1.380862,3.690747,-0.532391,1
-4.155001,1.092638,-1.033393,2.265614,3.413788,-2.706800,0.189623,0.664379,0.742893,-3.717874,-2.091001,-8.202978,-0.896527,-9.677137,-2.122451,-0.571169,0
4.339431,1.464845,-0.681794,7.470576,1.493918,1.233749,-3.106892,1.205915,3.789222,0.203572,4.255290,3.321847,-0.178590,2.380399,6.292478,3.417235,1
2.497324,-2.346083,-9.549025,-1.815852,-6.041982,-5.596606,-7.335448,-4.881371,-3.019351,2.743938,-6.690959,0.133156,-1.965302,-3.224920,0.606819,-3.678915,0
1.975732,7.459611,0.680016,3.364148,3.293988,0.429708,0.067194,0.940326,2.457828,-5.906889,-6.942725,0.487790,-4.901172,-1.312263,3.024072,-2.895498,1
-1.155074,-0.590311,2.117704,1.206326,5.068186,-7.669905,0.455294,-8.660925,0.986879,2.512266,-1.719477,-2.605641,-1.046940,-1.841457,4.425150,0.283484,0
-1.594488,0.985277,7.193707,6.523673,-4.106713,-2.023397,3.352725,0.197491,-0.006430,3.833987,-7.613642,-1.439480,1.732673,3.255431,-4.711939,-0.509328,1
-2.802031,-1.633526,-1.693269,-1.315346,-1.096231,0.260988,1.200161,-1.329452,-1.155257,2.074860,3.839443,-5.809701,0.627998,0.712030,-2.318990,-3.140187,0
4.012197,0.564830,3.856851,2.483235,-1.662174,-0.115473,-0.647050,6.361979,1.565598,1.807990,1.437274,-2.609232,-4.760231,-3.474942,3.374907,0.390163,1
-2.574578,-2.060332,-4.279263,-1.453769,-2.791970,3.522614,-0.135746,-1.500714,0.343260,-2.250879,-0.216589,-2.504321,1.026360,1.419842,-1.802559,-3.473327,0
4.584088,3.245835,-4.635603,1.354839,1.156605,0.078385,3.307534,-4.452481,-1.129551,-1.860346,-0.065219,0.479323,-8.572194,0.164330,-1.386102,1.577165,1
-2.237066,-1.837324,-4.149878,-3.231238,1.755049,-6.058363,0.169365,-5.685555,3.174992,-2.456842,-0.787354,-2.876701,1.585482,-0.359114,1.851925,3.900419,0
3.029956,-2.600481,3.401479,-2.745795,9.046268,1.287786,6.103427,-5.090349,-1.204638,6.930484,-2.174055,3.495250,-1.114012,-0.319999,0.195809,-0.279441,1
1.697935,-3.445406,2.141233,-2.501928,-1.974525,-2.140741,-4.569890,-2.056357,2.485458,-4.183689,-7.497121,0.777447,-3.569135,-0.399790,0.504389,-3.947889,0
2.748885,5.373055,3.506143,0.904817,-2.228395,0.037220,0.179925,1.752082,0.291767,6.797730,3.042403,0.517542,5.902740,1.845998,0.318672,0.001726,1
-0.802651,-2.487298,-3.142331,-1.141875,8.382557,-2.030218,-2.028182,-6.094447,-5.532614,-5.016166,-4.539461,-7.263030,0.979866,0.288244,-1.375468,0.119093,0
4.101684,0.090087,4.585778,-1.741189,1.469085,5.979362,-4.238945,1.660197,3.564137,-0.693424,-1.320150,1.120801,4.271043,-4.466644,4.074079,1.408862,1
2.298687,1.470871,-1.061134,-0.651816,-5.582695,-0.889330,2.547901,-1.538710,0.762054,-0.517351,-5.459831,2.687881,-3.016993,-0.787019,2.962221,3.361355,0
-0.962399,-2.234444,0.856187,3.154304,-5.310176,-0.556388,1.830979,2.885791,1.906320,-0.091599,-2.390010,9.042146,-0.246212,6.465869,4.848489,-1.546229,1
4.578466,-0.359694,-1.026335,-3.155609,2.745695,1.209997,5.233387,3.664289,-2.447827,-3.902561,-4.141988,3.052494,-3.542356,0.328651,3.206396,3.801033,0
0.614189,-0.667705,7.162030,2.957854,-4.517388,0.928145,5.109206,1.061013,-1.820439,-3.574486,-1.513773,2.119924,-0.567227,4.662797,9.214078,2.161851,1
-2.005422,2.271685,0.286695,-4.647873,5.946175,-6.245511,0.918304,-1.792539,2.525522,-2.950414,-1.952719,1.976067,-3.398220,4.446705,3.393452,-3.263743,0
3.319800,1.392405,0.539310,4.442588,5.509835,2.900720,3.085156,-4.386414,4.259742,8.349404,6.543153,1.989295,4.084844,-3.521006,4.286115,-2.014496,1
0.588396,-0.998113,-3.148595,3.543949,-2.348433,-4.727258,2.830473,2.766581,-1.373120,-0.988740,-2.669689,-0.727807,0.997124,-2.069635,-4.222535,7.289263,0
0.970418,0.468293,0.310601,-2.418340,-7.468530,-3.944075,6.151076,1.463510,2.864530,-4.579181,1.603490,8.416829,2.865129,-1.092912,6.902547,-0.354793,1
-6.416507,-1.070648,-1.991118,-3.047772,1.095404,-1.081543,-5.276218,-1.889221,-0.958554,-0.927680,1.927202,-1.476328,0.011101,-5.655715,-0.374691,-0.178005,0
-0.175757,-1.047885,-5.116297,-1.846148,3.233087,3.428588,-3.833473,1.850961,-1.464144,-1.923521,3.885592,2.239984,5.229039,1.258347,-4.848694,4.915162,1
-1.425050,-1.384772,-5.573667,-3.810832,-1.655541,-0.149406,1.663532,-2.967421,-0.934481,-5.691713,0.775002,-0.437914,-6.153967,-3.711273,-0.512655,1.321548,0
1.015660,-0.638139,5.618655,2.679667,0.172608,0.614970,-0.259227,8.628879,5.107604,1.371787,4.717938,1.730224,2.496842,1.485610,2.847920,-2.115598,1
-1.605859,-7.594307,-3.330698,0.370895,-0.303556,3.264160,-2.952082,-0.517742,-1.889974,-2.669187,0.251795,-2.511322,0.747082,-2.462033,2.809217,-1.640823,0
3.332776,-1.767690,6.090352,1.070483,3.725839,-1.129781,0.382042,-2.306124,-4.802571,4.294906,-4.449093,1.013392,2.857169,1.890975,2.179952,-3.679184,1
0.717543,-2.626703,-2.470101,-0.871775,-2.870453,1.222538,0.705730,-2.661660,1.033564,-3.684855,-2.139096,2.464132,0.114515,-2.823961,5.809734,1.330606,0
-2.940413,5.756518,3.987565,3.763631,0.224504,-1.550554,3.310061,2.830853,-0.095265,3.261676,5.049211,0.511524,-1.232105,2.084685,7.567233,4.744712,1
-1.467027,-8.348084,2.377819,1.775419,-3.899087,-5.603152,0.418173,-1.565677,-5.601855,-2.859826,-1.453895,3.040558,-1.164001,3.457560,-0.414520,1.173019,0
3.698796,-0.703401,1.054805,3.591521,0.802123,-0.368142,3.327895,3.715835,0.757383,0.834969,1.914378,-2.185325,1.860072,3.230571,-0.123857,1.097601,1
2.101231,-5.710683,0.309238,4.596786,-1.840871,0.166430,1.125597,-5.967878,-5.004047,-1.613835,-4.781070,1.509010,-2.403661,1.355335,-7.793118,-0.017294,0
1.928777,4.606112,0.143199,0.768015,1.733377,-4.580950,5.335135,2.004672,-1.463697,-4.984194,-1.465267,2.283067,2.738454,0.535578,-7.028692,-1.784775,1
1.573399,-4.731559,-5.850136,-3.158792,0.760118,-2.787372,0.746857,-2.905904,1.916388,0.382172,-1.359862,-1.560686,4.552517,1.182051,-1.211050,-0.535288,0
-3.521863,0.904203,0.685533,2.728295,2.696685,-0.614870,-2.339935,1.584561,-3.270880,1.014330,3.647120,1.182695,5.994897,8.872987,-0.590516,7.332101,1
8.692125,-1.560987,-0.862562,-6.693581,-2.775665,-4.127584,-2.322848,-0.344486,-0.336782,-3.480932,-1.116734,-1.719543,-1.244078,-3.692267,-4.917379,4.239597,0
1.768018,0.266004,6.566733,3.876725,-3.230154,-3.924288,6.207490,1.099360,-1.270597,3.219546,3.274123,-2.531202,-1.478679,3.801312,2.384730,5.361007,1
-3.267162,-2.156901,6.702381,-0.407413,-1.379099,-3.459068,-0.062876,1.226974,-0.475906,-1.373083,-3.334356,-1.547053,-5.082753,1.621866,-4.227778,4.678085,0
-0.601582,6.467013,-3.180557,0.205192,2.447433,0.324040,0.964281,2.326983,-0.450005,0.822258,-1.040600,-1.264004,-1.210980,-6.640357,6.959405,0.686598,1
5.223360,1.012970,-2.660281,-1.085985,1.942589,2.157461,0.089846,-0.037027,-1.697531,-1.380292,7.574097,-2.332598,-5.270621,-1.145616,-1.411819,-3.879552,0
-0.898355,1.315962,-0.190745,4.277385,0.743922,5.921790,-4.787347,3.964910,4.239953,-2.772320,6.998765,-0.255466,5.132039,-1.061752,-0.458803,-5.030968,1
1.382256,-1.155784,-1.080886,-3.176278,-5.234900,-1.637965,1.042833,0.245863,-1.736581,2.098736,-2.045518,4.551722,-7.915966,1.699814,-7.127985,-2.089835,0
-1.549988,-5.575562,-1.770949,1.017070,2.272916,-0.619295,2.118974,9.209207,5.290099,2.624068,-5.315500,2.124576,-0.540810,4.743154,-2.439843,3.043717,1
-2.309981,-1.402838,5.527962,4.820467,3.196629,-0.778566,-2.662566,7.036949,-1.534599,1.427235,3.666445,0.509386,3.003967,1.686348,-4.381420,-4.281697,0
-0.157068,-1.054564,3.978198,0.275426,-2.648846,0.063106,-0.199707,1.678672,5.316220,1.204000,1.232814,2.632491,-1.964947,-2.109012,-1.684405,-3.821918,1
5.387257,1.073626,6.403551,-0.792776,-0.522316,-0.293421,-1.781940,-0.713533,-1.636023,-5.302397,0.500675,-0.993828,5.079819,-4.270946,-3.123359,-2.062552,0
1.739980,2.354920,1.107804,-3.007402,1.595428,-0.757195,3.023345,1.269675,10.944695,-2.266862,1.341148,2.593837,-0.401207,1.151451,-2.701157,0.200197,1
-1.694780,-2.492662,-5.790882,4.429680,-6.005618,-0.139101,-0.359598,0.507803,-3.042815,-2.796282,-4.123206,-4.500689,-6.748379,0.681715,-6.506685,-3.664042,0
6.101861,0.397210,0.273027,1.065834,-5.248291,3.057466,3.847646,1.055410,2.598195,0.956054,0.942972,0.284071,-1.983764,5.645642,0.698261,1.315636,1
5.225973,-5.955025,-0.407909,-0.554272,0.423187,-0.565849,0.234930,0.797031,4.940962,-5.107958,-1.600341,-2.603481,-3.548768,0.009203,-0.974769,-3.393148,0
2.942798,5.256677,-0.156530,1.351685,3.377707,-1.032155,3.587461,-1.077600,1.245832,-1.295430,3.133164,0.728257,-5.034350,2.190377,3.172467,4.513049,1
-5.032362,3.395267,-0.546373,-5.277273,2.814554,-1.493243,-1.226151,1.566824,0.707748,-1.127849,2.662039,-5.864413,-2.307883,-2.293829,-1.840837,3.071341,0
6.980699,4.604211,-3.373898,2.602641,-1.956692,2.659844,-0.856951,-0.978785,-1.432602,2.764977,2.561164,-0.307950,1.378044,2.823697,5.132913,1.050776,1
0.259909,-2.131069,4.659008,-0.684829,-2.021415,-0.159588,1.441481,1.663992,-1.190274,-3.750509,0.938677,-5.085188,-0.376652,1.483086,-0.170176,5.356876,0
6.739907,5.249415,2.798129,0.243259,0.236505,0.489388,5.428342,-4.506967,4.009667,1.190060,4.109670,7.177928,-0.934301,-0.686362,-1.895787,-0.613225,1
2.084721,-2.847698,0.366581,-1.221186,-3.581233,-1.867041,3.494797,0.193787,-5.447266,-1.349662,-0.421894,2.060768,1.932270,-1.296144,-4.526884,2.276934,0
1.951652,-1.635039,0.770248,6.914258,2.460931,2.748954,-5.780523,0.316456,4.494245,-0.395271,0.876997,-5.280424,5.533750,4.151998,-1.291521,2.637874,1
-3.223450,-0.640236,-1.931386,0.754675,-1.127309,-0.290668,-1.907096,0.360491,-3.881608,0.963209,2.001354,-3.933443,-1.068692,-3.029343,-5.790478,-3.955277,0
3.605140,4.441571,-5.421489,2.558972,-0.087099,5.106214,1.825976,0.705352,2.678357,-3.573400,2.411748,-0.636043,-2.226163,-2.696734,-3.175501,2.740504,1
-1.607696,-7.359033,-0.333334,0.676037,-0.506866,4.395788,-2.011231,5.493311,-7.812523,-7.842025,-6.284914,1.154100,-5.764161,-5.165469,0.438780,-1.373077,0
4.238297,1.677737,5.146783,1.935607,-3.780865,8.410449,-2.584920,6.972745,-3.220220,1.625913,4.039569,4.531842,0.809918,3.145310,3.472857,1.851203,1
-2.033467,0.053965,-6.032617,-1.415818,-0.908238,-2.677367,-1.482361,1.500006,5.266266,-4.277755,-2.047572,0.667315,-4.431682,1.279016,2.396446,-0.994829,0
4.861573,7.564212,0.739098,3.260089,1.566337,-2.321187,10.347953,-2.489556,1.410851,-0.717379,3.146472,0.868795,3.224185,4.235309,0.687220,4.303010,1
2.051857,2.692524,-1.428700,3.267002,-5.282802,-3.198365,-2.011928,-4.145146,2.420712,-5.421388,1.441317,-3.608167,-4.257315,0.148024,1.476681,-5.788344,0
2.713286,2.344699,1.317936,-1.934979,0.944972,-2.049365,-2.488847,5.500285,-0.987238,1.462544,-2.441882,-4.886096,2.208528,-2.196403,0.229451,8.486014,1
2.951962,-1.994408,-1.558087,3.942274,0.188505,-3.987744,-5.024998,-2.917239,-2.133088,-6.221811,-2.475269,-6.682415,-0.499020,-0.554163,-0.056292,-1.755233,0
4.515435,4.385352,-0.281367,-3.966070,-1.822783,0.582707,-3.578175,0.633598,6.731360,0.772024,4.014077,0.442321,2.334725,4.014131,-1.404514,-0.674310,1
-0.822042,3.398058,0.336685,8.414455,-2.115575,-4.168950,5.019751,-3.907688,-6.247620,1.145628,-2.731291,-4.131131,-5.802640,-1.133636,-3.514538,-0.454159,0
4.798421,0.525868,5.439157,2.858718,0.173804,-2.694462,3.210195,-3.736075,3.768620,1.645774,1.022574,-3.507288,-0.200442,-0.104013,-2.321444,6.286342,1
1.250441,-0.202826,3.610556,-1.303684,-4.780662,-8.219088,-1.961619,0.730419,-1.494051,-0.689963,1.305704,4.216002,-0.188299,-5.413423,0.516216,0.708742,0
1.090196,1.715133,-4.459385,2.002675,4.841620,-2.222820,-1.601185,-5.735382,-0.695728,5.609103,-3.171081,-2.601367,0.586842,-0.744964,2.267264,2.595426,1
-3.060016,1.159500,1.555986,1.153154,-1.096223,2.418707,-0.985932,-4.863734,0.775904,-3.174545,3.163183,0.324121,5.493046,-1.457509,-3.039183,-0.585733,0
5.840743,2.152862,-4.013225,1.598290,4.248775,0.109313,6.012948,-0.063416,1.130052,-0.876258,-6.124149,2.770785,-3.436311,1.504279,-0.456231,-0.831749,1
-0.990509,-2.916995,-2.148598,2.684240,-0.082487,-4.112590,2.153357,-7.631314,1.702393,2.084955,-2.044568,-3.422675,-0.515057,2.999331,1.925751,-1.955150,0
0.965240,1.939086,5.288320,2.274138,-2.345024,1.586911,5.323720,2.879539,-0.175941,0.009053,1.230522,4.304580,-0.475116,-0.419677,-1.458928,1.261676,1
-5.464839,2.525316,-3.364866,-2.396514,-4.896153,3.940399,1.041948,-5.288028,2.931469,1.253996,-4.464651,0.819538,-1.675546,2.542915,0.356155,-1.846128,0
0.693172,3.898061,8.534120,2.094003,-6.285979,4.689614,4.493642,1.743726,0.948509,0.436450,0.704162,-0.890913,1.500613,1.442792,-2.275906,5.639031,1
2.177002,1.945639,-2.006579,-0.844763,-0.815885,-1.974052,-2.516731,1.649399,0.468033,-3.422709,-3.655810,-0.049107,-2.605118,-5.490330,1.455873,-0.980166,0
0.981704,1.226430,3.665151,-5.794627,1.720122,3.080884,-0.068892,1.699740,-0.225142,4.229365,3.026753,-1.813807,-1.180024,1.511317,-2.765251,-1.577453,1
-5.086843,-1.541515,-0.683575,3.766565,-0.162249,3.505873,-4.244347,3.890644,-0.595428,1.319708,-2.470771,-2.742417,2.101110,-0.231806,-0.736843,-3.172845,0
0.639256,9.962596,-0.126561,-0.321023,3.290870,10.682817,-5.370131,-3.724421,-1.166308,4.147899,3.262380,4.094134,0.374730,2.390109,-0.445552,-7.206631,1
-2.932213,0.814198,-1.677029,-0.288559,1.450962,-3.318314,-2.943719,1.289236,-3.158597,3.774164,-6.053695,1.461975,2.163572,-4.619538,-1.868183,-1.630681,0
1.341527,-9.664095,3.791438,-8.929550,4.411054,1.847651,2.230193,1.202079,5.974246,-1.236253,0.520592,-0.030568,-2.880555,2.876931,0.669054,5.646159,1
-0.278532,-4.524688,-0.242208,-0.349524,-4.658454,-0.648464,-7.207544,-4.413284,-0.828137,-6.680157,-4.198969,-3.064403,-2.113914,-2.070934,-1.471004,-5.525820,0
3.231040,4.049174,-7.548783,5.694669,-2.263557,3.511113,4.858653,2.953197,-4.993191,-2.479273,0.079772,4.541043,0.543045,-0.191267,3.586461,-2.384667,1
-6.536939,-1.397232,-3.037004,-4.883086,-5.035371,-5.405656,-1.839954,3.152328,-4.389510,7.031111,5.194849,-1.724671,-0.014782,-1.274334,-0.649739,1.605200,0
3.237105,-2.801244,-2.205317,2.748382,0.331509,-1.740063,6.055331,4.224019,4.052730,-1.606698,2.416060,2.360574,0.055384,4.466626,5.838544,-0.527940,1
1.099752,3.909517,1.488216,-5.284668,-5.522067,2.123051,1.544636,0.907341,0.310617,-0.096224,-1.364157,-0.812558,-4.689149,-3.735125,1.638523,-5.638190,0
0.170173,6.433295,3.065604,-2.259151,-2.915374,1.123755,-6.013797,-4.228358,1.682212,-1.194806,-0.272863,-1.208009,-0.829187,1.999562,8.324641,1.998267,1
0.303974,3.466568,-6.267350,-3.923095,-0.391634,-1.374695,0.887480,-2.295976,-0.538853,-2.894753,-3.386234,-0.849895,-2.148614,0.100534,-2.608817,-5.660014,0
5.535403,7.388579,4.205474,6.691390,-2.734359,-3.834871,1.604968,-1.200967,1.880589,-0.992161,-3.898559,3.684674,-2.397740,-0.929408,-3.095347,-1.891141,1
-2.650728,-4.649143,-3.098753,-0.280943,2.593872,-2.543550,-3.231186,1.665447,0.595512,-3.105183,4.826992,-2.738454,-4.488495,-6.066539,1.474421,-3.179349,0
0.633381,2.008325,-0.463345,0.505710,1.477504,1.002297,4.431640,1.585181,3.012029,2.476237,-0.383870,-2.325930,2.246732,2.758544,-3.722314,0.408610,1
1.556383,-3.086326,0.319441,-2.459002,-1.271457,-0.919358,-5.026163,-1.036839,2.669584,-0.006678,-1.101981,-0.922616,2.295645,-2.077847,-2.002082,-4.817389,0
0.608586,2.503589,-1.905079,-0.127872,0.378242,-6.198703,0.839192,-0.937363,-3.515872,0.896311,2.406995,-2.656173,7.341872,2.609794,1.039865,-2.291076,1
1.956057,2.562012,2.048250,0.490133,-1.289639,-5.456995,3.110485,-1.159561,-1.753312,-2.142434,-4.232499,1.443743,6.592251,2.786192,-3.903887,3.475054,0
5.499867,1.479280,-2.315556,2.504901,4.697595,3.999017,-0.311943,-1.860539,8.416060,0.310078,2.582471,5.269284,-4.797773,-2.228903,6.755702,-1.290446,1
1.559368,1.930515,-2.683058,1.787075,-3.143883,0.641596,-1.034294,-8.244861,-3.211946,1.458670,5.161018,-0.717754,4.668907,-4.249900,-2.764180,3.439863,0
-0.662110,-2.811682,-2.197935,0.404925,2.408647,2.227340,0.300586,-3.076674,-3.740191,4.693536,-0.973872,4.252017,0.607600,3.499690,-0.690626,-2.960229,1
2.715187,-2.679045,-1.021180,-2.781878,-3.414823,-1.829484,6.497736,2.645775,-2.093811,-5.357733,-0.043564,2.781727,0.989447,-2.917417,1.002323,1.096254,0
4.235749,0.758367,-0.961878,2.122214,3.353505,4.416768,0.934141,0.493374,4.458573,1.411386,0.860409,-0.721014,-3.306180,4.769053,1.758555,7.287770,1
-1.001272,3.999041,0.002821,1.973658,2.007950,-0.789647,-2.024237,2.950457,-5.695389,-7.766104,1.496481,-2.506697,-4.443045,-1.592571,-9.864368,-5.564525,0
-3.853870,-0.801547,7.765796,0.475633,2.617093,0.343713,-0.955810,2.321937,2.165029,-0.510353,-2.868242,-3.171332,-2.303430,-0.432271,2.505839,1.099189,1
2.700003,-4.791458,-6.115949,3.193964,1.733801,-5.787863,-0.160975,-4.218103,2.200075,-5.502556,0.308744,4.712862,4.255714,-4.505546,-7.396956,2.142109,0
2.517041,3.181027,-1.125621,0.589330,-0.651783,2.960914,-2.095809,1.953500,2.049024,2.008294,3.531835,0.267621,1.524596,4.434915,4.306006,-2.702950,1
0.011959,0.073771,-3.904817,-2.513057,3.254911,-2.976943,-0.624466,1.241037,1.513781,1.194588,0.566975,0.155659,-5.275096,2.557154,0.724415,2.416685,0
4.403567,1.659446,-1.157354,3.374513,1.723701,-0.501035,-0.156507,2.426476,0.442980,4.052690,-0.919538,-1.806468,5.480392,-0.175324,1.992040,3.229508,1
-0.812110,-4.268421,-2.349146,1.075260,3.628939,2.052053,-1.763844,-0.709936,0.766010,-4.174624,0.269289,4.783388,-2.746811,-0.481819,-0.298946,-0.050293,0
1.846654,0.433740,-4.056423,-5.661160,0.193587,-1.827470,0.657657,0.249854,1.944465,6.177335,-1.191416,-2.270515,2.058713,-2.083750,2.087857,4.640601,1
-5.659475,-3.875847,6.094250,-0.502962,-6.907481,-1.185261,0.877541,0.441456,5.157070,0.305647,0.084578,0.134752,-4.868733,-0.287846,-1.135067,4.268032,0
-2.210871,1.641288,6.059485,-2.756765,-0.115808,-0.983782,2.017625,-1.604682,0.330589,-0.746554,0.834634,-0.683816,2.154107,0.339572,1.790843,1.008092,1
-6.262060,3.296309,5.912949,1.364716,1.790615,-0.789798,1.735353,-0.263388,-1.830432,-0.039059,-2.820587,0.033278,-2.063337,5.085695,-3.935059,1.710741,0
-2.632647,-0.908542,4.712808,0.657357,-1.799885,-3.709504,4.336766,-2.834792,-2.525348,1.747100,4.036508,-1.641990,2.151052,1.403234,1.270214,-3.217676,1
-1.177081,0.351963,-3.609394,-3.628078,3.213013,0.259920,-4.962629,-4.419863,-6.287694,-6.792203,0.746355,-5.253074,-1.723233,0.718174,-2.679826,1.955318,0
-1.146989,1.177773,0.342018,2.288653,0.672998,-2.760057,2.336982,3.335515,-1.540180,-1.939878,3.647614,2.070477,5.147037,3.608867,1.969626,-3.184589,1
-3.762374,-4.943796,-1.964817,-1.514864,4.694977,-1.203996,0.064987,-7.263662,-0.493002,1.971495,2.725483,2.817518,-3.126372,5.326977,0.178099,-6.772179,0
2.222928,3.583940,-1.973140,9.041306,-0.217706,3.173070,3.842319,1.994138,-2.821476,2.306565,1.305848,1.773166,5.391629,-1.273104,-0.465156,3.356250,1
-6.360805,-1.420408,-7.465773,-4.104016,-1.877060,2.644943,-10.033804,-3.063558,2.959957,-1.544841,0.362803,-3.998189,0.727325,0.795158,0.338905,1.160706,0
-2.166060,2.564864,4.023021,0.048475,-1.744629,1.742169,4.214942,-1.644144,-7.327751,5.101264,-1.532311,-0.922630,-1.406922,0.192018,2.477504,0.809954,1
-3.482551,-2.969616,-0.187853,-1.337682,-2.038285,-2.586265,5.750528,-1.909787,2.279285,-0.615434,0.110863,-1.415069,-3.104168,2.338638,-0.416531,-4.857238,0
-0.150572,2.513638,5.031655,-9.100063,-0.103680,-6.569435,1.562406,2.977916,3.161052,1.625213,-0.155312,-0.282832,-2.740971,7.856826,5.093381,-0.446913,1
-0.837730,-1.237889,-7.495535,-8.168519,-2.208412,-7.607235,-2.451612,4.740427,-2.204287,-7.016936,0.487049,-0.612561,-0.728910,-1.619340,-1.948401,-0.851893,0
4.328204,2.197938,-0.300831,0.755016,-2.523339,0.823012,-2.309360,2.616195,0.976156,-5.207910,2.746873,2.012164,0.161215,-1.593386,-2.554951,2.551599,1
4.509951,0.146914,-1.480542,2.087053,-2.483013,2.321398,-2.321313,0.690191,6.504827,-0.188498,-7.066199,-3.296856,-5.892866,1.475754,1.541763,4.293039,0
1.070256,-4.316395,0.687446,-0.211038,-3.467789,0.994530,-0.291907,4.924331,1.372512,-1.453255,2.868508,1.855056,1.119132,1.261392,2.327310,-0.577629,1
3.890509,-4.050278,-1.920660,-3.327344,3.457752,0.506380,-2.386273,-3.080043,-0.621984,-2.854728,-4.407622,-3.632121,0.717743,-1.233887,-2.781098,-0.235342,0
-1.781029,2.585044,1.936183,-0.882039,1.898650,-0.814401,2.868423,3.682628,1.058872,0.008580,-5.763513,-3.867584,3.848836,-1.907671,5.531577,-3.494323,1
-2.181093,0.070868,-1.514555,0.264418,1.841711,-1.632093,-0.039474,-2.044193,-2.741586,-0.167625,2.511372,1.598589,-6.658995,3.432085,-2.213553,-2.285007,0
4.067754,1.861718,-3.633150,0.999808,3.877259,7.538215,-3.309259,6.725583,-1.620550,-0.607774,-0.258779,1.021202,-1.999696,6.694814,3.402396,-0.228598,1
2.341524,-3.398273,-2.414009,3.702082,2.333712,2.884659,-3.039889,-3.575900,-1.778675,-1.314623,2.736841,-1.500545,-1.733233,0.002874,-0.988079,4.625723,0
-4.290337,7.733193,2.581243,-2.081940,3.524371,-0.197109,5.187789,-2.647840,0.035604,4.090930,4.901738,0.322966,6.448121,0.810540,-2.177756,-0.515093,1
-5.643252,0.263395,-2.393282,-1.235247,-2.292089,2.443523,1.806780,-0.293766,1.326979,-5.199492,-4.473585,0.600683,-2.927091,5.902338,-3.992316,-1.414127,0
1.326063,-5.145656,2.107795,-2.159407,0.710827,5.502978,3.101308,4.654929,2.518317,4.536122,-0.189421,-2.965259,1.651719,3.479953,5.774264,-4.902684,1
-2.996389,-0.411093,1.842529,-3.779499,-2.927733,5.634352,0.130671,-0.293398,-8.369899,1.251493,-3.523807,1.144588,4.318865,-0.693510,4.536057,-4.194553,0
-0.021496,-0.110122,11.067714,1.349269,3.219277,0.826674,4.362416,-2.748148,7.231666,-6.547441,-0.515889,0.622650,2.457841,5.304660,2.676103,-3.574436,1
1.425756,-3.618089,-3.223476,-1.200373,-1.340669,-2.920465,8.972612,-2.021388,1.484289,-4.293598,-2.862653,2.841805,-1.203589,0.916187,-5.735697,1.964661,0
0.476976,2.504407,-4.693236,3.389913,0.298394,4.804902,-0.129157,-2.282235,1.908624,0.198675,-3.237135,-2.973314,2.075303,-3.615849,0.043207,-1.443629,1
2.452753,0.804256,8.472473,2.102428,-2.591255,-2.464783,-4.832105,0.357922,1.215029,-4.539731,-0.846218,-8.512462,3.471094,0.348082,0.166698,-1.592396,0
5.022819,-4.207981,2.640925,2.225585,0.714164,6.329440,3.022113,1.073510,-6.428788,2.559875,3.521098,-0.000694,1.445592,-0.291758,2.518460,0.854922,1
5.073240,1.610909,-2.803138,-0.504494,4.164812,-1.729537,3.489904,-2.518833,2.536156,1.991787,1.617069,-2.673025,2.351225,-0.910700,-2.807882,1.784040,0
0.523394,9.255471,-1.951147,2.896722,-1.082325,-5.778814,4.020467,1.947146,2.675883,-0.108666,-6.169195,3.243869,-2.464293,-2.457789,1.426553,3.187991,1
-2.700923,-0.852490,1.207352,4.342878,1.537289,-3.151544,-7.019103,4.162491,3.542372,-0.166920,2.777176,1.411547,-1.455120,0.927931,-5.745444,-4.426602,0
5.652364,-5.169397,2.721850,-0.188321,-0.307108,-1.050673,4.061404,2.841332,1.484176,-0.740301,5.298308,5.143317,2.118432,-3.513541,-1.199854,3.322299,1
2.640516,-2.565763,-3.118477,6.157776,-4.467819,4.248941,-2.960384,-4.672420,-3.537424,-4.873897,-0.623616,0.863874,-3.341174,-5.268101,-2.192185,-4.101209,0
2.846799,0.003663,-0.962042,2.760421,2.634574,4.732049,-2.800002,5.258527,-2.305023,0.956059,-4.095991,-2.623877,6.157121,-0.563035,2.227530,-1.681948,1
-3.753305,2.352259,-5.486883,-1.546401,-3.135362,0.378977,8.847775,1.112875,0.328730,0.481483,-6.943391,0.947540,-1.074142,-4.248439,4.504889,-1.909596,0
3.136010,0.609018,1.720487,-3.756513,7.738872,3.605491,3.047341,6.081519,2.672248,-0.368370,3.865354,4.820943,4.145068,2.073163,-2.008858,-2.966937,1
-2.362342,-1.571026,4.464273,-0.199541,-0.911277,-0.358429,-3.313852,-2.463040,-2.674378,-3.318415,0.348118,-4.573582,-2.643674,0.913767,-0.314535,-0.983571,0
-2.599069,1.476966,4.423676,2.689397,-0.615233,-1.013901,1.786534,11.273824,2.899495,5.183614,1.945601,-3.941828,5.781644,7.661391,-0.790183,2.086072,1
1.039293,-0.299364,-4.513966,-0.059336,3.101873,3.720821,-2.180283,-1.251850,-3.037358,2.438623,0.245369,5.285852,-2.338960,1.397388,0.051632,1.072136,0
0.896611,2.774701,0.623264,-1.549318,-8.800037,5.453624,-2.193172,-0.716692,3.576917,3.329354,1.859870,2.573077,4.352536,-1.432197,2.086625,2.860839,1
-1.453463,-1.917467,3.115061,-4.962033,-2.820964,-4.462627,-1.576528,-0.513891,-1.087942,-2.524637,0.796242,-0.775646,-2.923714,-0.425093,0.672909,-1.511460,0
2.210629,0.624682,6.646604,-2.878189,0.152224,6.026073,5.006087,-2.759356,-2.827680,-0.250677,1.500934,5.535672,-0.429227,-0.469555,-0.281865,4.067019,1
-5.376474,-0.024189,-1.959533,-1.530028,-2.133672,4.089510,-1.512443,5.105473,-0.297501,0.532282,-2.945583,-1.647115,-2.031604,-4.559549,0.217484,3.204861,0
0.667853,-3.692284,-3.845373,3.823127,-3.846313,-1.190433,5.725743,-1.099177,-6.253798,-0.535009,2.923400,2.869922,-3.149614,3.291455,-2.366012,3.396777,1
-7.301549,-1.925756,-2.072019,7.298935,-4.214520,-5.088200,-1.288363,-2.017255,-0.879390,3.927952,-1.070437,1.770491,-1.396225,-4.222301,1.322893,3.957291,0
0.769321,1.863940,1.268762,-0.888692,3.731683,5.347861,-2.082047,-2.867799,-0.466317,0.656477,-9.709248,6.358459,2.472049,0.337065,-0.332761,5.171823,1
-2.464687,0.128637,-3.554698,-3.014564,-1.586420,-2.059937,4.720188,2.602806,-1.734732,-0.709968,0.862093,-0.493559,-3.961335,-4.550876,-2.878228,-0.181849,0
-3.610909,1.987378,0.399078,4.504853,0.835534,5.280128,0.428918,-0.127568,0.171863,4.116731,4.293469,-3.489933,1.715077,-0.191590,5.915050,4.773612,1
0.114479,3.721781,-3.546247,0.063269,3.157602,0.796125,1.652618,1.368626,-4.057300,4.251881,1.492783,6.610806,0.428331,2.128317,-0.360069,2.115088,0
0.788277,1.987525,1.063244,5.646928,-0.336823,1.706660,-0.261196,-3.127757,-2.481511,1.509055,0.314972,-1.905511,-1.522717,4.373460,1.490878,5.961957,1
3.712236,-4.377081,-1.868101,-2.543401,-1.235221,-1.066161,1.053473,-1.369073,-0.124353,7.902859,0.285934,-4.118331,-4.692669,-1.670085,-5.695708,-0.403387,0
1.639400,4.365199,-2.891455,2.978070,5.691806,-0.404565,5.866611,1.836581,-2.878112,4.832360,-0.040874,5.456813,-3.243129,-0.829385,2.843389,-0.851214,1
4.761909,-0.743466,-7.579274,-1.883744,1.233940,3.989317,0.135782,-4.346442,-3.281935,-5.982968,-4.522429,4.067129,-3.954319,-2.560805,-3.877551,3.963655,0
2.327497,2.855290,0.625029,-0.050920,-3.041540,-1.952050,-3.563262,-3.849146,2.483079,0.714513,-2.338814,-0.428663,0.583587,4.246516,0.777173,-1.488914,1
4.139154,0.272451,-3.151409,-0.938346,-0.199793,0.705147,6.660681,1.760534,-2.000441,-1.263094,3.439407,-2.881550,-4.322954,0.564919,-3.975902,-0.164413,0
-4.071686,-1.608063,-0.312028,4.097329,-4.469608,-0.285009,3.289493,-0.561268,1.916978,-0.582296,-0.344499,2.682977,4.419932,-3.966129,-3.522642,-0.298625,1
-1.795607,2.726822,-0.464958,-4.632088,-5.993191,2.279749,0.830812,-1.732722,-7.129201,1.129631,1.471441,-1.688313,-6.994105,2.428255,3.021313,-2.975946,0
2.939384,-1.328930,-2.002408,2.341596,3.497336,-3.434804,8.178901,-1.978735,2.572562,-3.194648,-1.446001,-0.419707,-1.850537,0.244992,-0.570455,0.197494,1
2.847687,-3.414231,3.526180,-3.938878,2.402897,-5.395288,-2.047276,-1.522215,0.199343,-4.298181,-2.080574,2.797791,3.527933,-1.017938,1.633377,-2.856441,0
-2.373156,4.596883,1.103094,1.396573,3.732787,-3.785052,1.840604,4.421817,0.390572,0.920892,2.163974,-2.121614,-3.121515,-2.215079,-0.240463,3.566575,1
-1.799400,-6.194446,-3.719892,-2.428473,-1.885146,-1.584455,-1.557938,-0.497660,-0.468346,0.878992,-6.894789,-0.351345,6.135517,-3.977403,-0.033216,-1.123756,0
-0.004219,0.797062,1.888093,2.944011,-2.066359,3.595151,4.599753,1.500827,-1.604673,5.220214,2.441669,-2.044134,2.955218,-3.159137,0.501812,6.852189,1
-4.027066,-0.166964,-0.171164,-0.387115,-0.984920,1.624182,-5.561763,2.545372,-1.678326,-3.566331,-5.682920,-3.353265,4.557446,0.805267,-0.521307,-9.764502,0
1.039184,6.102376,1.629308,-1.540037,-3.002695,-3.385823,-0.113762,0.343818,-4.194551,1.444209,-0.021288,-2.199708,0.780045,-0.674929,0.565763,-0.110824,1
1.075506,-1.322285,4.536709,-1.109103,-3.028687,1.848074,2.388193,-3.088602,-6.787634,0.313387,-3.907279,-0.435064,-3.721796,-0.665717,-3.009072,5.029636,0
-0.956479,-4.595572,0.508916,5.606967,-0.334984,-2.722775,-5.162231,-0.300700,-3.807981,-3.388347,-1.447794,-2.670328,2.133319,2.276965,0.808447,0.260063,1
-7.102701,-0.336414,-6.359819,-1.553028,-0.029337,-1.927219,-5.499527,3.515434,1.756750,-4.327763,2.971056,-2.325772,1.143980,1.373835,0.331636,-1.615195,0
-0.808168,2.141032,-3.872787,3.330247,-0.827920,-3.794170,6.472842,-3.428048,1.941585,-1.126625,1.749406,1.712199,-1.140196,2.000373,0.421153,0.389730,1
-1.444554,2.108887,0.199776,-0.003057,-6.831810,2.953417,-1.545434,-4.000949,-1.750667,-1.077447,-6.733238,-0.914145,-0.027208,2.029213,-1.365011,-2.583658,0
4.818065,5.176099,1.243019,-0.113420,3.390353,-0.037178,1.419166,4.135530,3.727487,0.850616,-3.782606,-2.474940,0.794894,5.973479,4.024322,2.057370,1
-1.271199,1.144463,0.084585,-2.566262,4.455713,-4.804463,1.207779,-0.494572,-2.140099,-2.766235,-1.550545,2.686050,-4.050803,-3.148250,0.888258,-2.928138,0
0.817402,-0.118496,2.112220,5.647864,3.907981,-0.546027,2.837146,1.478026,1.191800,3.872680,-0.972164,-6.250242,-0.026370,0.068693,-0.361895,-1.356360,1
1.935724,1.020647,5.149794,3.130377,-1.485180,1.813095,0.146158,3.211664,-2.853968,-3.344413,2.818064,-1.830167,-12.369869,1.540661,-7.124106,-0.369154,0
-1.260717,2.105208,-5.058782,-0.231167,3.289989,4.063123,0.279723,-2.047235,0.260401,1.290671,-0.264351,5.872146,-0.164219,0.960979,-0.251390,0.152780,1
1.173540,0.596359,-4.042682,3.836157,-5.637637,-0.574034,-4.119648,-2.276922,-3.445952,-6.083326,-0.632869,-3.232240,1.618540,0.784204,-2.885216,0.072863,0
2.878221,-6.656297,1.438909,4.474971,3.473056,-1.011683,-0.231789,2.697347,-2.154750,1.529016,-2.666649,4.181027,8.835330,-5.065274,1.472562,3.975104,1
1.407244,0.830589,-3.068083,-2.232556,-1.351547,2.163931,-2.290541,-1.328276,-2.357151,-7.774732,-5.246328,2.076900,-0.877639,-0.303511,-1.261518,3.415253,0
-0.207205,-2.102424,1.427981,-2.392769,1.487239,-1.961210,-1.571795,-4.956526,-0.562874,3.584373,0.338775,6.602616,-0.704680,1.058712,0.229346,2.392287,1
4.497475,2.524195,3.520771,0.740059,-0.722128,2.031868,-2.503814,-1.795590,-4.458862,-1.350760,1.313833,-0.358469,-0.723161,-5.299141,-2.229081,-0.530537,0
2.300641,5.904220,4.590194,4.758885,-4.047344,-1.038050,-0.293281,6.278600,4.431319,0.335667,0.521381,3.286227,3.744338,1.568599,2.882306,1.766822,1
-1.846413,3.819433,3.355839,1.227076,-9.519199,-4.655229,-2.684351,5.274799,-3.167455,-0.200809,-0.318754,-0.442709,-1.287033,-1.074606,-1.042614,0.046600,0
-1.067474,0.978306,2.366712,0.589077,3.115394,-2.715892,2.294446,1.768342,-1.881803,-1.002499,1.492631,6.385020,1.168542,-0.535543,-2.595618,7.587607,1
0.230898,-1.168379,-1.876757,3.228506,-0.665964,-1.106973,-1.509606,0.177696,0.649908,-0.411318,-0.762789,1.894398,-0.397469,-7.054885,-1.378868,-3.754418,0
1.554879,3.652177,0.015398,5.687613,2.758573,-0.901074,3.297029,-4.784624,5.795623,6.876988,6.677804,1.534320,-2.309482,3.006778,0.619246,-1.036345,1
-2.684229,2.576805,1.815460,-2.993701,-2.599069,1.819647,1.440313,-0.411766,-3.505856,-2.061557,-9.317937,-2.254702,1.577230,-1.719182,3.373068,1.152237,0
-2.840205,2.772635,4.369769,9.399144,4.377336,-0.090941,-0.840752,-4.429869,1.687371,0.449185,2.253446,-1.314456,-1.104458,2.352733,7.526259,2.078246,1
-2.719514,1.035423,1.739037,-2.560346,-3.546054,2.719147,-2.170369,-3.285488,-0.185732,-0.232046,-0.115688,0.290356,-3.526886,-1.959212,2.593111,-2.737471,0
2.315558,-2.491654,-1.175274,1.898414,4.348310,5.473260,-0.754972,-1.977523,3.059161,6.993201,4.139380,0.564751,-2.447052,0.525866,7.251157,3.581403,1
1.004202,0.807240,-4.616858,-5.914680,-4.818571,-4.934407,0.556435,3.570536,-2.162883,0.297852,5.417730,-0.985441,5.154104,-2.404075,1.464613,-1.941473,0
-3.813649,1.677032,-2.005742,-1.603975,2.955771,0.617292,0.047485,-0.142756,3.952621,1.934184,2.360772,4.354718,-4.653889,2.194604,-2.016541,4.294774,1
1.115824,-3.828439,-0.756915,0.421526,3.910683,-6.207729,-1.330913,-0.653420,1.278238,1.016500,-0.887092,-1.195439,-2.213510,-0.008060,-5.382878,3.387049,0
8.928372,-6.273329,-1.824600,-0.869643,1.528169,-1.564406,4.925218,1.034930,-4.092213,0.495171,2.870578,-1.349167,3.345571,-2.169885,0.314727,-0.115723,1
-5.320275,-2.882657,-2.907845,-1.198117,-0.442993,-1.868032,0.647194,-7.166607,-5.755412,0.850199,-1.010919,5.479252,-2.251583,4.875084,-2.853522,-2.605289,0
-2.182178,2.396894,-0.909464,3.171300,6.557719,2.151385,3.399951,1.717065,-5.495520,-0.458168,1.881890,2.565549,3.196630,4.156629,-0.259989,3.435613,1
-0.463728,1.217943,-3.153095,-3.162992,3.738569,-1.306369,-1.545237,1.599394,-3.184495,-7.862704,-2.111338,-3.529472,3.941994,-0.038843,-0.962441,1.867640,0
1.581498,3.859674,2.651032,3.293836,-2.446227,6.652934,1.464784,4.844531,-7.199183,4.612855,6.337220,0.594487,-5.473583,-2.477517,4.048533,4.115787,1
-1.302794,-1.406381,3.737196,4.296780,-0.139542,-3.369120,-3.964443,2.719986,-2.033139,-1.622554,-2.498965,-2.304207,-2.398343,2.785477,-6.394702,-0.816158,0
3.550723,-3.649728,2.525468,1.363298,-3.524781,-1.204752,-0.615501,4.224414,-4.167037,2.066573,-0.762275,-1.626091,-1.661973,-0.944723,-1.502576,0.695807,1
1.173056,-2.476954,-0.665188,-2.898658,-0.473484,-0.867657,-2.430042,4.012362,-5.028131,-0.328495,-3.667809,0.054132,-1.601362,0.991211,-2.500747,-0.058378,0
-2.673887,0.932356,4.637176,-0.093045,0.974161,-3.559976,0.268366,5.611865,3.277333,2.258113,-3.470798,0.288192,3.787841,1.866113,-1.704336,0.219831,1
-0.253069,-1.324946,3.414728,2.576262,2.462778,-4.137662,10.259878,1.563026,-1.502586,-2.664809,2.612890,2.814926,-3.644315,-3.610171,-0.286386,-6.658651,0
-0.652838,1.378213,4.231154,1.211475,1.261604,-4.668943,-2.645145,-0.769033,-1.673861,-1.267683,1.698686,1.333074,-0.334497,0.113787,3.399291,0.965776,1
