-5.846189,-3.401505,-13.835458,0.592981,8.016592,-2.321302,1.163261,8.467731,-2.656538,0.012358,5.006882,1.139696,1.970608,0.733633,2.594666,-0.604118,-1.480131,-3.139799,-0.880276,-1.813866,-2.442499,0.691807,10.994623,3.160568,1.157885,10.471224,-9.494686,6.902039,0.271986,-8.434847,1.455000,1.652189,0
0.906208,-4.342003,4.016392,11.120455,-4.874960,-2.217873,2.587063,-2.155264,-1.060059,0.279219,0.594536,-0.375164,-1.459465,-2.470701,-2.486818,0.039484,3.751471,2.990591,-9.317453,-2.600418,5.726328,-2.735226,7.967745,1.995588,-3.598343,-1.283880,0.408529,3.930576,0.613708,2.359966,-3.300045,2.289816,1
-4.322203,-5.543278,-2.714809,-0.611593,3.250011,1.480986,-0.208509,-4.555666,-1.074036,1.015669,3.267422,-5.765966,-7.515601,-7.074881,-3.775946,-1.738947,1.713058,-2.615719,-3.862013,4.489862,-3.046352,-4.148083,-7.440660,-4.927416,-3.551880,-3.034332,-4.502893,-2.460062,-6.277103,-0.622629,7.760807,-2.612030,0
-2.142563,9.174412,-6.333073,2.307190,1.345633,0.450239,-0.225874,-7.250883,-2.780228,5.890558,3.054129,8.680473,1.002735,2.129990,2.066828,0.387707,-1.216373,0.284060,4.315519,-6.386608,-2.867582,3.103214,2.494028,1.547220,-1.433624,-2.814157,9.909893,0.801914,-5.891828,2.333956,-4.519487,3.584032,1
-4.965034,-7.682631,-5.970579,-6.467979,6.818499,1.888533,0.168631,-5.661863,-4.778444,0.373140,0.916700,-2.470764,-0.243055,1.864460,-2.329742,-6.892586,3.501661,-5.714830,0.584385,0.762606,0.539354,-5.897224,0.916780,-0.824677,4.745722,6.666431,-2.410864,-1.217825,-10.317920,0.663589,0.213778,-2.855104,0
4.066177,-1.679489,3.235044,7.106504,2.608593,2.426601,2.074545,-0.787430,0.660498,3.261505,2.441486,-2.331200,-2.810705,-5.351440,0.224382,4.794838,4.892391,2.903461,1.865709,5.843248,-3.310299,2.832684,4.919828,-2.410192,-2.587931,2.818439,4.745625,-4.123278,3.586065,-4.417839,2.438427,-3.273157,1
-2.732176,3.133558,2.034195,-5.060272,-4.894833,-0.945814,-5.104631,-1.526531,2.847172,4.766985,-6.755465,-1.087906,-1.735956,-1.724943,-1.378242,-8.161374,-7.304350,2.367174,-5.458307,-0.500179,0.592205,-2.701544,1.017328,4.422750,1.409657,-6.350624,-6.276390,2.630098,-8.427180,2.874418,0.096346,-3.287727,0
-0.389900,1.447371,-0.668045,2.678333,-3.941156,-6.902238,-0.846920,3.201170,-2.409388,-3.743847,-1.067020,0.168095,-0.261761,-0.882866,5.669628,-3.616274,-11.054803,-4.130413,-3.758919,1.739452,3.708263,-0.967852,-3.998671,-7.132882,-0.813557,-3.255342,2.567526,4.220640,2.529999,3.440218,5.778135,12.083086,1
7.874865,0.862579,-2.886908,9.406370,-10.989096,-3.748272,-1.754206,-0.605375,-0.447660,-2.893042,-0.886768,-3.625967,-6.118235,3.322628,-2.549503,-2.741137,-10.768220,1.222240,-0.738508,0.390505,-1.542042,-1.977373,-13.243250,2.334873,3.361822,-0.182968,-2.190872,3.396919,-1.717352,-4.116650,-1.187572,0.442869,0
-1.264441,4.059046,3.456701,2.934746,2.041946,3.241055,1.998659,2.919029,-6.523454,-3.532703,1.574049,4.104393,8.319359,9.013151,-2.385679,-0.702982,-1.729069,1.766037,-1.038021,3.793606,9.299557,2.682514,5.649372,5.947392,-1.574038,-4.769629,3.347887,0.514196,-0.135300,3.553068,-0.453497,6.994280,1
-3.989288,0.895889,-6.190033,-0.132595,-1.567776,-2.923889,-3.971365,0.335781,4.708641,-2.468382,-2.974863,1.097460,-0.452003,-3.528290,-2.893188,-1.476200,-11.368601,0.297707,4.819515,-2.286186,-0.523636,11.190195,0.134087,-2.801611,6.929794,5.338821,-0.208195,3.143770,-4.223089,2.601425,-6.186193,5.007290,0
4.928492,-0.866381,-4.122602,0.336119,-1.330233,6.688593,-1.881798,-6.221060,7.241783,2.380466,5.067944,3.337334,10.293062,-8.692993,0.877626,6.571972,-2.410629,-4.783756,0.612068,-0.232775,6.474091,-4.199953,5.648935,-5.771481,-1.199802,-2.375286,4.724108,5.856676,-2.073387,-2.246677,2.315006,4.987261,1
-7.086366,-2.729040,1.317554,-0.176716,-4.623837,-0.321619,-0.333073,-9.920633,-0.430283,3.153580,0.583525,-2.099831,0.118258,-1.739841,-0.262415,-4.306322,-6.313757,-2.504509,-3.321390,-14.632947,7.543468,3.203615,2.109764,7.349722,-3.407274,4.735121,1.850271,-1.827652,11.094347,-4.635637,11.903540,-1.090174,0
1.089275,-0.663727,1.623718,4.179012,-1.128401,0.735504,-7.509738,14.921392,7.872971,-0.544853,2.277792,3.450937,1.761984,2.749393,5.049467,-0.485338,2.292486,1.704414,-1.534052,-1.677261,-7.336213,2.281086,0.925507,4.640091,7.786295,3.540545,2.155512,-3.529030,1.294300,4.104973,10.156294,3.312929,1
2.711725,8.460474,5.994411,1.011963,0.832773,1.307177,0.794739,1.558178,1.907278,-2.920023,-1.140070,0.478605,-5.799168,-0.053663,1.901211,3.347809,2.354715,-1.770954,3.639940,0.843552,1.017527,-2.334381,-0.740150,-6.158308,-0.154989,-1.788286,0.094242,-4.691008,3.086470,-11.951506,-0.051762,-5.266462,0
-4.381121,6.866831,5.355354,0.000340,-0.071974,1.299450,-3.135120,-1.301903,-1.218100,1.244766,0.893799,7.775021,0.230112,-1.709244,3.148415,1.252464,8.922207,2.024225,7.807798,1.267614,-4.185045,-1.936417,-0.051762,7.885561,-5.408147,-1.595036,2.935463,-1.838095,9.698307,-7.793160,2.070101,-1.926245,1
-2.163521,1.804865,2.253189,-2.273535,5.448578,1.978176,-1.346014,1.395348,2.652861,-4.377159,-1.129133,6.184093,-1.517010,4.321186,1.202547,-0.439419,2.004431,3.665833,-0.403051,-8.494791,0.494093,-6.270941,-6.593012,-1.170639,10.279917,5.228798,-9.891906,-0.326254,-4.745546,-0.431694,1.932428,-1.193428,0
6.659880,-0.889956,-1.847225,-1.186914,-2.397705,-2.304304,1.417252,1.703442,-0.712997,4.878157,3.865904,11.192549,3.327780,0.217747,-2.471960,-2.256340,5.834578,2.453827,-3.737976,-1.930908,0.543497,3.500364,0.164684,2.194210,-2.743134,2.097445,6.525009,1.574675,-1.018541,3.256674,7.080942,-1.406345,1
-0.563202,-3.501802,-6.647314,-12.080729,-1.450922,1.695198,7.432205,-1.577288,-0.258514,3.274872,3.781345,8.748449,1.669054,-4.464720,-10.516230,-2.246891,-0.531420,0.467764,-9.967689,7.653915,-3.038221,-2.106518,-7.524537,-4.247524,-3.585890,2.883923,2.778198,-0.604380,0.788101,-2.072096,-5.348377,-1.588446,0
6.843004,-1.018694,-7.380803,-2.178907,-1.361656,2.986814,1.496872,0.492819,-1.405558,-4.241295,1.003902,-4.040026,3.608500,3.667881,1.391708,0.946550,-2.647696,0.578106,-1.446859,1.355469,-1.061281,1.132298,2.164209,0.574623,1.236217,-10.351666,-4.214365,-3.904156,-3.985477,3.009716,1.705416,10.090075,1
-3.386280,7.892838,-1.591377,4.572254,-7.771934,0.610998,2.568916,-3.710190,0.367085,-3.172626,-3.008547,-6.936676,-2.525436,-2.393900,-4.425594,-4.948469,-3.195272,-2.211937,-4.865517,-2.875959,1.669950,-2.760225,-2.631992,1.861588,-3.749308,1.653772,1.952940,-3.045668,-1.503918,0.628767,-1.627161,2.918516,0
-2.996027,0.699265,1.268454,-2.447107,-1.912685,-0.416842,3.528625,1.944628,7.187166,2.960236,4.087284,3.612625,7.530554,6.711210,-6.811684,-1.568039,2.660570,-2.098951,0.780375,0.004427,0.363457,-0.097212,0.002516,-2.506346,-4.105410,-1.875700,-1.232988,-2.120306,-7.231572,-5.415941,3.623766,1.147490,1
-5.778286,-2.260090,5.626472,-2.724844,1.702585,10.465334,-8.256841,-1.592123,-7.807261,-2.352829,-0.766909,4.510866,9.742086,3.535488,3.595827,-3.432470,-8.872538,2.590744,-1.637650,1.438599,0.596144,-9.684422,0.053461,-8.410173,2.211048,-0.650564,3.550808,4.367935,-4.112131,-1.942284,4.827625,-3.238918,0
6.482271,-8.013971,-4.958782,6.291525,1.775259,2.696917,-2.986273,1.425751,3.575684,4.043720,1.041027,-5.038488,7.537334,3.444826,-0.476532,-0.264925,7.199080,11.449594,-8.073903,-4.482170,-0.651157,0.507225,7.169106,1.000040,1.726774,2.821589,-3.896803,-1.226976,4.124353,-3.907454,-1.388224,-0.810459,1
3.378008,-2.432045,5.789055,-6.644371,-0.132578,-0.700285,-4.243809,-0.595852,-10.250145,-1.143549,7.708858,-0.769371,2.260212,0.267136,-2.511658,6.191181,-2.555344,-2.416767,-9.675302,3.586044,4.492481,10.653975,-2.258142,-12.033542,-5.505964,-1.329441,1.455997,1.265890,-0.111582,4.506701,-1.167101,-0.868334,0
5.423727,3.669636,1.542036,-1.265450,1.808104,0.552282,1.496582,-0.505604,5.364494,-0.505735,-2.769100,-5.530337,-1.711926,0.670097,-3.344097,-2.299967,3.210794,-6.585251,6.954992,-10.063504,7.242435,-3.762230,-3.444826,6.464977,-1.127151,2.661621,11.771055,6.137182,0.755726,6.756067,1.699747,-4.188768,1
9.764784,-7.248767,-3.942690,-2.108316,5.574299,-1.795155,5.488478,-1.960226,-2.652012,-6.219645,-2.763725,-1.599787,4.653648,-0.362101,-1.811172,1.952936,1.753468,-0.716719,3.357840,-2.705936,1.598139,-4.725756,1.095854,0.649166,0.534515,-1.878515,-4.553267,0.126108,1.234152,1.626410,3.167484,-5.545298,0
5.801678,5.426411,6.331184,1.643150,0.701681,-5.635840,9.822914,0.080435,-17.715466,-3.212019,11.263365,2.215136,-2.466721,5.011934,-0.242357,2.992764,-0.408333,3.189711,-6.042520,-0.070906,-0.514307,6.679224,-4.894535,-2.208687,-2.906118,1.955297,-3.954639,2.862793,-3.776134,9.861494,-3.466125,1.432049,1
-2.622696,1.378225,-4.796648,11.039095,-3.967628,5.592690,-6.458977,0.615631,-0.473728,-0.396389,-3.402300,5.568235,6.242376,2.129871,-4.889502,-3.150953,-4.182222,-10.417100,-2.232544,-1.068834,-1.092611,-5.646749,-1.884731,-7.388905,-1.687443,4.285305,0.559589,-2.123751,-8.356991,1.197281,-2.721582,6.201143,0
6.679714,5.181850,0.339153,-2.929966,9.992636,3.024551,-0.313955,-1.545113,4.174587,-3.616211,4.385994,3.853323,3.932312,7.569893,7.200857,-5.025251,13.170301,3.782839,-2.591019,0.123335,-4.100424,-4.487633,3.387974,-0.799181,-3.836880,7.686512,5.937197,3.927999,1.614641,-4.381027,5.950214,-4.802109,1
4.313133,-1.174719,-4.719908,-0.376152,0.241966,4.277832,-1.249050,-2.040016,-2.780798,2.558733,0.466471,1.247417,5.381735,-3.918514,-3.497309,-0.119320,-0.278461,-6.179871,-7.558381,-6.784975,-1.533068,0.068590,-4.775900,-3.450619,-5.262585,5.963903,-6.009275,-4.296644,6.146002,-9.210377,0.688282,-7.888067,0
-1.420723,5.368732,-8.141748,-1.510244,3.690252,3.136301,9.024574,0.716932,-1.650415,-3.105181,2.682922,3.046743,-5.279354,10.304850,0.345297,10.711559,-5.210026,-0.802538,0.960855,2.191778,0.945566,0.099379,-0.152094,3.751543,-4.413712,7.622589,-2.783752,-1.719309,0.783848,2.369652,4.885406,-5.793778,1
-4.871744,-4.363995,-0.507795,4.044497,-4.173716,-0.374767,1.989183,-0.551325,4.557840,-4.667120,-1.630100,2.689512,7.656969,-2.337675,-7.773211,4.205088,-7.092135,-9.148304,-4.184332,-4.364790,0.596678,-0.631996,-2.910984,-5.428738,9.117537,-3.800644,-2.541218,0.335751,-1.092066,-3.624607,-1.572599,-0.148939,0
-2.304451,7.213572,10.209913,-4.342951,7.234968,3.313883,-0.023577,5.574362,6.672009,7.978779,-6.239683,-4.572470,-0.740576,-0.000740,7.914627,-5.786191,1.515154,7.739359,0.964151,-8.368731,2.348459,1.669510,-2.467890,4.054586,6.461615,1.083958,-0.678476,5.088650,2.529570,-4.396158,7.192289,-2.223932,1
-7.004993,2.390589,-1.156244,-3.444542,-3.822191,0.756054,4.032614,-7.269578,4.014370,4.100597,-5.601887,5.176365,-4.433090,-3.429552,0.023670,0.892586,-1.692408,3.820206,3.223164,9.172506,2.749159,-2.367971,-2.794451,2.921352,-3.780457,1.067793,2.715023,-0.822224,-8.518470,4.677498,-2.709742,8.088650,0
0.538349,-0.588451,-4.479422,4.334454,-1.799850,7.099667,6.443699,-0.036097,-2.909197,1.926809,-4.037304,0.925129,-0.766201,-2.907267,0.406830,4.055319,-2.522472,-5.998793,-1.358770,13.418432,-2.063154,6.423973,-3.655300,-3.608227,-3.386303,-4.182459,-6.193972,-9.392231,-1.971804,3.692106,4.058710,-0.357832,1
-3.993387,1.610155,3.551062,8.325691,-7.147283,-8.027352,-9.601567,-5.128260,-1.736431,0.743046,-0.829645,-4.881079,-3.539104,-3.557911,4.620424,0.693758,2.257408,4.716599,-3.319836,1.786806,-1.840858,-6.429441,-1.858036,-1.858389,-1.308628,-1.059103,-4.234333,8.315334,0.660639,4.468111,1.489195,-1.060120,0
11.873522,-0.400064,3.756613,0.849260,5.460510,6.858158,0.275822,-3.026890,2.624001,10.360126,2.401096,10.790564,6.588717,-2.059162,4.699331,3.268591,6.366133,-4.749310,4.545630,-1.499977,-0.865015,2.695860,-2.886343,3.827873,0.085455,-1.509724,-1.724808,-1.546247,-4.739737,3.116259,-1.066061,4.897457,1
5.863440,-0.845978,1.023659,0.025509,-1.906321,-5.933886,-5.513868,1.551777,-0.922890,-3.042912,3.554642,-2.102562,-10.645721,-0.782362,-4.795763,-2.236492,-4.995102,-3.135275,-0.659740,3.645824,7.473751,-1.583675,-5.487051,4.303944,-6.001905,-2.430311,-1.309618,2.939064,-2.540819,-5.520910,-5.964460,-4.744932,0
1.537247,-2.058874,-5.678267,-1.691084,-7.258243,-10.098721,7.302546,5.294607,-2.105162,5.192242,-5.535986,6.682919,11.339533,-4.295588,-3.037565,4.215614,5.786167,0.184425,0.749489,4.893831,-1.041073,-0.563900,2.169567,-1.173763,0.606335,6.732214,2.999437,3.040770,7.800804,-1.664639,5.833899,-0.379702,1
6.459492,6.804052,-1.304523,0.661427,1.638382,1.789087,2.424416,-4.638432,6.034828,-5.092958,2.107494,-1.972776,-0.775230,-0.514898,-5.401634,-0.993710,-2.570513,-3.118174,3.099237,1.908022,-2.432707,1.047575,4.173485,-4.336632,6.751541,-2.427139,5.895050,-5.126278,-9.871340,2.591372,-0.271402,-4.272392,0
1.670515,-0.890453,-0.378677,0.499449,-2.374084,6.098091,1.602243,-1.889233,-3.142750,3.429018,-0.631798,3.269861,-5.614042,-0.514435,-0.572788,1.003098,8.007256,5.336617,-1.444284,0.731905,-4.778677,0.339804,2.134340,-3.338806,-7.782098,3.043655,-2.168385,0.516893,-4.205618,-2.626289,4.563747,6.326269,1
-3.029648,0.048948,0.651812,1.530598,-6.191517,-1.483568,-5.287249,-2.856352,10.577600,-2.082047,1.497025,-5.264084,-4.623629,-3.334162,1.000002,-0.318090,0.350256,-5.344185,-7.882761,-8.148176,-10.516837,-4.793980,-4.061831,0.578072,-2.635145,-0.336023,5.822357,-0.498213,8.459078,-3.375511,-5.580303,2.629457,0
3.267767,0.610687,-4.732349,0.778984,1.375515,0.672411,3.855015,2.712959,0.711235,-5.827526,4.304728,7.219187,-2.535509,10.128698,-1.205927,2.979120,-1.465199,4.459694,5.799749,0.806858,6.082853,-2.148598,4.070807,7.738062,3.046003,2.554264,-0.333899,-2.901239,10.404169,3.881979,-5.018465,-2.006969,1
-2.228962,-1.249620,-1.781111,-9.445553,-5.797405,-0.056591,4.707830,2.861443,-4.820206,3.703918,1.794748,1.448189,-2.261003,-2.876204,5.977478,-5.796465,-1.369934,-3.913666,-5.010523,5.154594,-12.488086,-7.607862,5.225197,-2.736288,-1.602512,2.512348,3.421612,-2.373661,-0.643158,-3.772520,-2.962954,5.596100,0
-0.055031,-7.747801,3.341520,4.999910,3.396557,0.686968,1.090534,-0.699018,7.945499,3.096653,4.392422,8.422777,5.307919,-1.906315,-4.627985,-7.371700,2.953773,1.502701,8.326220,-8.041511,5.644882,9.293253,-4.026031,9.284773,-2.519020,1.468851,-3.700829,5.037689,-2.803053,5.604816,-4.113298,4.688400,1
8.689817,-1.741899,-3.529800,1.112492,-3.428263,5.429501,-3.667870,-4.431536,1.582184,-6.082052,-2.173155,2.109795,-11.398046,-0.381254,7.444010,5.832058,-1.848627,2.659004,-1.429825,4.291834,-4.028715,-3.742832,3.019030,0.983225,0.542854,-3.908489,-6.976381,-6.308897,2.735718,-4.963326,1.256247,-0.354626,0
8.245497,1.049828,4.809166,-6.703846,5.090332,9.985121,2.658846,5.887739,2.609583,-4.661011,3.001371,-1.906599,0.403870,2.167727,1.687870,-4.502924,-0.273668,5.070978,7.609053,0.665348,-8.945749,-1.451460,-0.593338,-0.179798,2.827703,3.646917,-1.135878,3.369081,1.125563,-4.347916,1.905767,1.551275,1
2.068607,-3.833614,-0.517391,-5.287483,3.298058,2.923277,-4.442291,-5.753986,-0.760864,1.209475,7.114309,3.424669,-6.778524,-4.793007,-1.306082,-4.329332,-5.994137,-4.069389,1.679630,-2.410931,-1.122353,-5.111380,1.183552,0.987032,-5.157934,-1.742001,-1.748871,7.095964,0.017199,0.871332,11.034800,-2.044855,0
0.204870,2.065199,12.009054,0.790819,-3.737452,-2.615273,6.682919,6.305658,3.156057,6.581079,3.366211,2.574070,3.059826,1.792818,-2.999702,2.189299,7.825361,-2.877163,-0.533396,-3.001369,-2.192442,-4.028948,-8.039353,1.745182,3.847044,4.223007,0.920088,4.144865,1.670515,1.562683,7.614704,1.498112,1
0.984879,3.571667,-4.809507,1.932903,0.189219,1.634365,-5.795938,2.101135,1.583958,0.084377,-2.363506,-1.932934,-10.643695,1.165773,-13.560322,-2.644138,0.407818,-5.808659,-8.810621,-0.287453,3.261072,-5.034029,-3.788479,0.137899,-4.018951,0.002930,-3.622396,-1.020538,5.040277,1.787281,0.143896,-2.996504,0
-0.477177,2.048948,8.107748,0.669693,4.342688,2.194519,-5.778694,1.002388,5.129656,0.273117,2.616367,-2.759745,-0.893850,2.968180,0.816389,1.016697,-4.510506,1.436184,-1.370567,0.569889,1.620701,-0.826433,-0.001478,0.799574,-4.080351,6.429489,3.616966,-2.005598,8.714785,-1.494270,3.770176,-0.506861,1
1.288250,-0.202986,-9.273223,1.292675,-12.108212,-0.111269,6.984728,-3.328180,-2.195463,2.188324,4.928631,-3.060484,-1.884604,-1.048420,-8.097869,-6.937656,-3.366806,-6.203188,5.052603,-1.630297,-1.254715,1.934551,5.942381,-0.717772,-0.232677,-2.511206,-0.987211,-7.402971,-1.111704,-0.882198,-2.396017,-0.937492,0
-0.612383,5.060661,5.297920,-5.682464,6.358906,4.171440,0.910484,1.097698,4.143450,1.239527,2.603155,4.724087,-1.218529,-6.022796,10.537403,1.254539,-1.881588,6.572144,0.599884,3.201233,-2.059725,-3.564943,6.837322,3.372196,-2.529009,-3.407043,4.197170,6.285221,-5.875934,-1.302189,3.775217,4.696112,1
3.757940,7.003546,1.577473,-0.010208,-8.098966,-3.716890,-1.005783,0.041344,-1.527205,-1.873055,2.082287,2.602119,0.685167,-15.690374,-6.187281,-8.215256,0.191719,-3.469400,-6.104023,7.061605,-8.778616,3.039425,-3.951725,2.059214,-3.194401,-9.486244,1.515202,-3.729069,6.820738,-3.763823,-3.263502,4.398392,0
-1.384706,4.856781,2.934488,6.101740,-3.403439,-1.110479,-0.332352,2.085670,0.294867,1.093742,-5.756795,0.807920,-2.687683,-5.642487,4.419947,-0.956800,6.073322,-7.591165,-5.303710,1.695362,-4.080790,-4.442348,-8.917442,6.712132,-0.323412,2.137177,0.928125,11.815577,-0.720211,2.661558,-6.686480,1.996769,1
0.407267,-2.381474,-4.228159,-1.461264,-4.673582,-10.897076,-5.733831,-6.037840,-3.488327,-1.385824,-0.288111,-2.834761,-2.127195,0.735197,-3.888113,0.240089,-8.404625,-7.171020,-5.647268,-5.700237,4.152992,5.483500,5.068043,1.863081,-2.191813,-3.909214,-3.832666,-0.632111,-1.899239,6.515099,-8.172556,-0.038759,0
-5.312842,0.420006,7.144150,7.361902,0.226295,-2.561312,2.322641,-5.958815,-5.997808,3.539463,7.783978,-1.143427,4.641296,-0.308413,1.300320,-4.970167,1.700609,-2.875721,-0.956459,0.949121,-5.188755,-3.980949,13.558424,2.719376,3.407269,-3.790764,-2.758095,-3.473404,-0.652975,2.301001,-4.900860,1.746220,1
-6.316950,-0.076294,-1.211805,5.388044,-0.826305,2.206072,-7.124025,3.079494,1.883842,2.478693,-4.992249,3.025181,3.787123,-6.722033,10.499289,4.718636,-2.844475,4.011633,2.972111,0.240364,-4.998598,-2.240572,-6.539858,4.170158,2.101595,1.093912,-8.458744,-0.576550,0.928312,0.015373,-6.095102,-3.512112,0
2.226374,9.226109,1.158154,-2.313784,-4.145723,-1.759958,3.207413,3.744228,-2.157152,7.374670,-1.307932,-2.200979,6.268234,2.179731,7.247278,-2.399002,-3.082382,0.566835,-2.559814,2.441507,-8.032103,5.725569,2.452009,-3.866489,6.704731,-1.391838,11.387300,6.430054,-5.303417,7.218435,4.007820,1.699936,1
1.102528,2.013079,3.628080,-1.340439,6.133101,0.282593,-5.410412,5.339071,-0.722507,-8.846087,0.834360,3.518488,-4.957062,-3.152826,-4.274094,5.178228,2.106480,2.002068,-3.086473,-8.522397,0.728754,-5.501183,-1.870319,1.574453,-4.682293,-1.301727,6.018024,5.041689,-8.740510,-5.730804,-2.815777,-12.766436,0
4.019222,-5.734193,1.819593,3.261810,0.412640,2.858000,5.026810,4.907829,5.845068,-8.384933,-0.911911,7.942015,7.625450,0.136250,-2.810553,-0.656584,6.073650,-1.452137,-7.481753,-2.229246,0.174139,3.922960,-2.270782,-1.249174,4.215521,-2.183985,2.464222,6.624065,1.135557,2.414944,11.782690,2.402594,1
-3.698662,-1.728476,3.724184,-6.354607,2.327133,-1.819788,-0.943209,-10.071812,-4.454620,5.454031,-0.398516,3.375525,1.311798,1.553284,-1.901405,-2.662792,4.516928,-6.723377,-1.296558,-6.547573,0.592644,-8.066344,-1.351360,-4.462688,1.052862,-5.365437,-3.029543,-9.980250,-1.807917,-1.338375,-0.830454,-5.720701,0
-0.362860,2.247967,1.931158,1.595055,-6.589657,0.879713,4.664398,0.579262,-1.067841,-0.829922,2.606234,1.044256,0.753378,3.529558,4.448662,-0.941582,3.082941,-5.026939,1.971685,4.304909,3.178696,1.165499,-3.839058,-0.533121,-0.353073,-3.000277,-1.238058,0.056576,0.695347,-4.285299,4.904678,1.836433,1
-2.434454,-0.482338,5.182802,-3.257334,-4.770218,-7.767438,-3.975954,1.971926,2.199623,2.569952,-4.579721,-8.743922,0.202049,1.682875,3.708591,4.461092,-11.477997,-10.803735,1.610001,3.004791,-7.972711,5.839298,3.396078,-3.242105,-0.640181,-0.679998,0.625061,0.193544,-4.546741,-3.386475,2.107861,-1.831118,0
3.886589,4.153151,-1.224337,-0.735886,0.435944,2.084608,2.021456,6.842878,-0.830702,-0.225500,6.485949,2.478128,-2.301619,-4.978195,-1.366928,1.042114,-7.530879,1.792242,2.898634,7.558529,1.785669,3.398060,-1.151104,-2.264673,6.890759,1.542812,1.338663,8.465963,-2.531618,2.536510,8.698771,-2.495430,1
-1.103178,-5.744665,4.195166,-5.683475,-0.761320,-2.913172,3.005974,-4.541506,2.837301,2.814270,5.763287,-5.620089,-0.063286,-4.091385,-1.008957,-4.629217,-1.496805,-3.719706,-5.165573,1.695829,-8.770971,1.930021,6.020409,5.518070,-7.465178,0.340082,4.627914,-0.300926,-8.013345,2.219004,-2.944113,-5.406481,0
6.275400,3.846508,9.926205,4.166731,4.112202,3.106234,0.510529,5.789328,3.400312,-1.363987,6.307060,7.566113,6.506100,4.464535,0.881468,5.101919,3.441029,7.662268,7.338211,-3.930330,6.282095,4.031431,3.797915,0.365923,-3.268934,-2.429901,-4.545477,-5.573458,-6.642383,4.599829,-0.825882,-6.387239,1
-2.667084,7.067789,0.421068,-3.622910,5.560551,-5.174585,-3.325983,-2.916691,-7.582312,5.824184,-6.572451,0.961866,2.935297,6.417772,-3.934776,-5.798969,-0.231890,3.310682,-4.664511,-9.230864,-5.705635,2.043034,-6.576939,1.340439,2.680286,-5.879091,-7.922278,0.766808,-5.399633,4.761702,5.047213,-2.082605,0
-1.143723,3.234909,0.595020,8.336922,1.741072,5.705107,1.465628,-6.026505,2.915081,-1.129356,2.806633,4.365057,1.661596,4.310001,-1.763674,2.447731,2.887960,-3.653067,-1.038527,3.264086,-2.098400,0.059698,0.974886,-1.306376,4.390081,-0.285265,0.119514,-1.275980,-1.127205,8.117069,4.878565,8.569584,1
6.861364,-0.006281,6.600142,-3.145750,-0.310616,-1.265799,0.144325,5.205954,3.930826,-2.180750,-0.925758,1.740675,-2.566761,-0.850151,-6.509953,-3.360882,-1.442961,0.982519,1.223318,4.109304,4.062420,-1.540033,7.728472,-1.679375,-0.877085,3.274134,-3.406429,1.107334,3.313833,3.102018,-7.734073,1.136070,0
-2.571772,-0.272539,2.992735,-4.088327,-5.862068,2.634769,-2.736397,2.042053,-9.387238,-1.105438,-0.414021,4.176682,-3.484354,9.098293,-2.600250,8.530788,1.947279,3.442173,2.295347,9.741779,0.711397,2.927835,2.029982,7.669243,0.581196,0.532278,8.337433,-3.404306,-1.280508,-8.800511,0.755163,-0.160566,1
-7.498019,0.372284,-2.833660,-4.427237,-0.449293,-1.373346,-6.352848,-2.050251,1.670338,-7.370712,6.779900,0.567125,-3.657770,-7.866733,3.198568,6.742823,-5.401201,1.342915,-9.881316,3.639065,-3.550575,-0.623566,-3.172892,1.895800,-5.579466,-4.047058,-1.146975,-4.044794,-3.656202,6.703470,4.086258,-6.212509,0
3.626400,9.851887,2.884956,-2.837830,-3.191595,4.033176,1.171625,4.417812,-5.444818,-1.586540,4.728760,-1.900213,-2.984512,1.237026,5.856314,-0.571211,-4.786774,-0.967981,2.340631,-2.189974,-2.346867,3.916950,5.061705,8.253368,-0.331594,1.696123,1.151695,4.539494,-4.652607,3.903078,0.442829,5.393553,1
3.202169,7.621830,2.370306,6.475657,-2.528505,-3.307117,4.766584,3.859314,9.179388,-6.399157,3.001806,-4.660826,4.245714,-3.209358,1.808987,4.438168,2.621252,-3.922602,-5.159054,-2.557144,2.237333,0.635954,-1.514071,0.461073,-4.305220,-4.956177,0.212767,3.653545,-7.141074,0.470825,6.197781,3.151661,0
-4.514376,0.538044,5.263117,-0.587652,-1.474878,-0.142601,9.976854,-4.216333,-1.968300,-4.213329,5.261597,4.121876,-0.170692,4.451290,0.289612,8.128397,-1.657413,4.171860,-0.920172,1.218027,3.932604,-2.408596,-4.204231,5.471806,-1.670115,3.953566,-2.055662,4.961330,-6.107930,3.988525,-3.351904,0.784958,1
6.235630,7.558094,3.482370,0.335541,-1.993919,-4.918777,2.906670,-3.533237,-4.995445,-0.722473,-3.600071,-7.613642,-2.262871,-4.415945,3.590057,1.252470,-3.422705,-2.743162,-4.514870,3.468813,1.523428,3.647053,-0.579498,-4.450586,0.802544,-0.435675,1.745848,-0.181093,0.838467,-3.588028,4.967461,4.111012,0
-0.638969,7.467152,1.131845,-1.068121,3.171995,-5.276976,-0.442490,-1.858601,1.799898,7.402815,5.350145,-1.732092,4.312325,0.821756,6.164049,8.546114,5.591410,-2.936352,-7.462016,5.637602,3.999859,4.556599,0.659069,-1.690409,0.777931,6.094248,0.341183,-2.067888,-1.004808,3.583107,-0.130852,-5.281878,1
-3.963501,1.072315,0.514801,-0.507189,2.967710,1.803646,0.503237,-3.074860,-4.911573,-7.391756,0.685255,-7.873706,-0.468262,-8.396869,-3.590694,-8.065102,8.338675,-3.748909,0.073065,-5.228661,-2.251875,5.378639,0.530483,5.036968,5.467627,-3.096064,1.501774,-5.083258,-2.777021,2.813519,3.355513,-4.753710,0
2.518688,1.490469,3.328117,1.672279,7.635754,7.759214,-6.418447,3.773901,6.338425,-0.576086,-3.450712,4.431097,5.437691,-3.353470,1.568188,1.984690,3.289057,-0.334772,0.289873,-1.294941,-0.413296,7.024036,2.260626,2.317007,-0.989460,3.629469,-7.392000,-2.595015,-5.432568,3.436495,0.015434,6.025187,1
4.488449,4.641790,-5.898678,8.165499,5.934780,1.098667,-9.227535,-4.466101,5.437317,8.352001,-5.313784,-0.409279,-1.025694,-6.563112,3.002338,0.553423,2.939034,-8.355970,7.345839,-1.037693,5.713037,7.410069,2.933846,-1.225231,0.407333,9.672327,-10.836762,-12.759448,3.484446,-4.116995,-0.641956,1.748915,0
-3.413666,-1.399244,1.006437,7.383148,-10.382338,4.676237,6.062387,4.215845,6.693565,-1.232052,-3.240339,3.757698,-0.740177,-3.884130,8.482361,-2.615139,-7.628788,-6.989433,8.790924,-5.874090,-7.644207,6.880661,1.431564,-1.595724,3.400820,-1.784554,8.504887,-3.606159,8.871300,0.563898,4.334257,3.618572,1
-4.372078,-10.014770,-1.221437,0.555891,-7.988641,-4.212454,7.506857,6.696039,0.099695,-5.099998,0.226940,-3.874311,3.579588,-8.912263,-9.549924,4.833199,3.368864,-0.122198,-3.597942,3.136362,4.193756,1.097031,-4.767378,-6.073650,0.752478,0.988934,-8.982196,-5.173506,-1.960720,5.427704,-6.637321,2.886732,0
1.601395,-1.512785,-3.134150,1.859610,2.502604,0.826990,-5.665631,2.158150,-9.736232,1.360226,1.501913,-0.654644,-3.368269,1.431988,-0.482882,-1.671545,-1.267260,0.222311,-4.786770,-0.161591,1.677647,-1.656723,8.630892,-2.223768,1.602043,-0.999868,-0.507175,4.133221,2.550117,-1.500320,1.887968,-0.135231,1
0.647434,-15.560161,-2.869427,-2.614326,-2.597860,2.370111,-0.412058,-2.309128,-3.098396,-1.549116,6.666500,-1.739912,7.292379,5.036449,-0.556557,2.133047,-1.477625,-2.089237,3.558432,-5.072380,-0.352140,0.105364,0.908922,-5.720098,-2.669285,-3.453680,3.407440,-1.243547,-0.795996,-7.624251,-7.646712,-1.776461,0
3.161055,3.318199,0.197901,5.874100,4.018188,3.631702,3.206995,8.228436,2.462284,0.520691,0.307705,9.506552,2.156536,-3.204699,0.671669,-4.402428,-1.283852,4.994267,-1.384348,-1.232897,3.577950,-6.948353,-2.347584,7.692055,6.922132,2.415712,0.524252,2.420610,-6.252556,3.289742,6.430073,-6.936750,1
7.177588,8.800381,3.663401,-1.855762,5.558100,-8.627121,5.013544,-6.564215,-6.473133,-8.561081,0.795305,-2.889204,3.245960,10.201448,-2.216162,0.779270,-6.181347,-0.750038,4.594301,-0.655739,-6.470648,-1.278542,-1.441732,-4.604282,8.260841,-3.872984,0.419024,-0.514954,-3.907026,-1.614803,1.528296,-2.791101,0
6.647774,-1.872904,0.276445,-1.925770,3.215263,9.053183,-1.610262,-1.599327,5.100441,1.217876,-3.021286,1.540586,2.366104,-3.300722,5.809139,-3.266289,6.708889,10.726528,1.865242,-0.215073,0.844807,5.626841,-0.029692,2.851622,-4.602371,1.319227,-4.215321,3.016542,5.939713,2.907753,-4.935038,6.146198,1
0.525665,0.785595,2.729734,-5.263247,-2.624401,-2.149260,-3.199863,0.523376,-6.206287,5.219088,-3.835505,-4.588478,1.403252,-0.856079,3.101040,-5.661739,2.101734,-3.815767,0.989285,-8.394162,3.984001,-4.805302,1.545532,-3.499765,-2.157061,-6.197765,9.903608,2.131128,-3.551311,5.214502,1.596899,0.441093,0
3.916039,4.905682,7.301163,-3.883226,-0.449022,-3.559326,-5.113959,-0.718653,1.647560,-5.533401,3.817904,7.817879,2.119476,-3.002478,1.010193,8.480335,-0.628201,5.080736,4.169565,-9.098832,-11.908644,3.705135,-10.314685,-3.903658,-1.494539,-3.910000,2.260616,6.860180,5.575296,1.194872,-1.288322,6.742702,1
-9.447111,-4.487545,-3.708508,-1.612751,2.725985,-4.171877,5.914894,-2.036747,-1.020157,-6.638475,2.721180,-2.972544,-3.008215,-0.509315,-0.278023,6.150976,-0.300884,-2.518326,-2.374546,-4.216528,-9.028663,7.072842,-0.219898,-5.613111,-3.750925,-1.693239,-6.679741,-13.454972,-0.820932,4.386837,-1.534286,5.359135,0
3.945896,-0.246803,-3.548090,3.038054,1.902124,6.856079,-1.873348,1.062199,4.028145,3.819372,0.430115,2.710508,8.987854,6.957613,-8.178015,3.105364,4.474327,-4.745588,-4.534883,-5.635546,-4.525290,-4.134054,-2.618141,-1.445126,7.243221,8.977198,4.045845,2.031851,-3.806528,6.656021,4.284269,4.861797,1
-1.696474,-8.793617,2.423752,-2.388458,-0.537338,-10.088997,2.468531,-6.883533,-0.210236,2.859400,2.146709,-3.574682,4.645910,-1.739838,2.872494,0.527084,0.032843,-0.406221,4.035751,-0.326080,-0.921835,1.940998,-5.280725,-9.540684,-8.980726,1.963152,4.248154,-9.758527,2.177826,-6.319920,1.208731,-4.495062,0
2.442123,-1.784906,8.777681,6.428669,3.195072,1.010574,-3.108961,-0.718203,7.321651,-3.128672,-3.074715,11.241301,3.329327,-10.568667,-1.776443,3.516878,-5.047653,-2.247778,5.392090,6.662643,-6.203265,2.228811,-0.367420,-0.156013,0.810961,4.033895,5.995722,4.133224,4.372908,-8.586163,1.760164,6.547590,1
-0.906902,1.863276,-0.459316,-1.570229,-1.686697,1.670525,-4.399006,5.644365,-8.894286,0.693876,8.332455,2.160568,1.301994,1.356901,4.594509,2.175714,1.737738,-3.005564,-1.287355,-3.680023,0.442310,-2.145998,-5.631262,-3.564323,1.029606,-3.096567,-0.547657,7.547934,-9.144855,1.329741,-4.312954,-6.767365,0
0.067272,2.558897,2.063787,1.369762,-3.691946,-4.868973,-3.914301,6.590935,-4.510090,0.349571,-7.741892,8.455084,5.480751,-2.413652,6.155190,3.906218,-1.597374,3.931149,6.366943,0.050676,-2.890779,5.692118,0.081478,8.677872,-3.426195,2.939705,3.552572,6.323162,7.129032,1.440907,9.201973,1.304512,1
3.824375,4.339815,7.921602,-1.180931,0.531965,1.244402,5.977156,3.935440,3.755083,-3.222250,1.021395,-3.581917,-3.968678,1.631437,-10.208265,1.019711,3.353609,-2.000002,-2.335121,6.188248,-12.368907,1.983982,-3.265896,-6.918701,-5.006828,5.540627,-5.791653,2.158163,1.692078,1.406485,2.140768,3.666227,0
2.288176,2.635981,1.618034,0.015120,7.958187,1.570160,13.821154,-3.552626,3.683712,-4.938059,2.113636,12.183165,4.534576,-0.470018,-1.963758,0.151310,-0.517817,3.797482,3.177374,0.322269,4.632431,-1.539490,1.146631,-0.659994,4.242933,2.304214,0.984524,8.118605,-9.227328,7.905371,6.324793,14.190676,1
11.371042,6.297277,1.951681,1.311670,-1.217609,3.639801,-1.541748,6.853979,-1.646162,-3.358274,3.029819,1.977587,-3.406424,9.306051,2.374407,-0.150909,9.679422,-9.657568,11.026011,-0.518272,-5.560902,1.361156,-1.987074,-6.750177,5.633135,3.233568,-0.558199,1.869301,2.378027,6.098240,2.656761,-0.057116,0
-2.319178,3.965002,1.669739,-0.580173,0.100657,7.051264,-2.870861,-3.144960,2.299370,1.073921,7.111603,0.191790,-6.306064,-1.957001,2.850327,1.092236,12.484545,3.786770,-5.717219,2.390202,-2.528271,-2.108339,5.675890,-1.127058,-11.621787,-6.180998,-0.779802,4.164499,-0.672789,0.809822,5.912359,0.079071,1
6.443228,0.929018,8.855030,-2.044498,-0.837543,4.829998,-5.211355,-5.858603,2.347429,-4.827412,-0.148920,0.599205,-3.549307,-1.936895,0.386522,-1.294594,-2.878464,1.955109,9.711649,-6.298132,-2.571791,0.873745,-1.882883,-0.468716,0.102262,2.826370,0.450647,-2.494778,-1.548782,-6.295208,-1.090309,7.151100,0
-0.812860,-0.428246,1.258936,-10.265915,2.320202,3.270617,-3.966629,1.109390,1.737577,-3.828274,2.110498,1.665739,-7.117791,-1.716610,5.587755,2.293016,0.899557,-0.811008,0.001980,-1.771931,0.076555,-2.521969,4.618280,9.384447,0.865446,-0.300800,-4.557062,3.988455,-3.888905,2.688292,-3.634691,0.977869,1
-1.365204,-2.196415,2.419426,-2.046909,0.357256,4.308798,-1.547270,4.271910,-5.889977,-1.746437,2.666924,0.045223,-3.656195,2.548302,-6.541183,-2.428743,-5.308208,-0.508852,3.096523,-0.223951,-0.503418,-5.317444,4.521944,-2.946253,1.612583,-2.712603,-4.245951,7.739799,6.303976,-0.739658,-4.360064,-6.100161,0
5.417244,-1.830595,7.610777,5.229372,2.999992,4.942970,-2.719519,-6.648253,-0.416618,1.309032,1.630039,-6.240905,5.703732,3.309679,3.559113,-1.941580,5.470387,1.216944,3.220329,-6.353781,1.144838,-2.499985,-2.892447,6.411770,0.491972,2.554340,-5.458780,2.443130,5.402241,-3.085253,0.446442,7.436848,1
-4.243961,-1.323511,-7.654238,-5.141068,3.992846,-1.409937,0.035465,-7.772980,-4.147400,-3.771736,4.016811,8.721754,-5.966328,-10.980331,-1.419947,1.345781,3.493431,4.263592,-5.659826,-1.712961,0.566490,0.092373,1.711515,0.731607,-8.291214,-3.377483,-4.317915,-2.391384,-8.859355,6.658667,0.993576,-3.561396,0
-3.357824,4.868469,2.791290,4.231871,0.443850,1.577875,-1.930340,4.911545,-1.788094,-1.318003,4.099115,7.783501,4.912577,5.343126,-5.454786,1.172144,-2.306971,7.683275,-6.690715,1.493629,-3.140648,-4.026415,-0.460125,10.549332,-2.900415,-2.845728,6.284037,-1.780689,-2.822323,6.777472,11.055178,-3.101778,1
-1.859608,5.243513,1.276779,-2.162598,1.054882,-1.981707,-5.019505,-6.058189,-3.839523,4.953421,-0.852142,-4.220369,0.559683,8.253262,-4.908365,-5.898830,2.435722,-0.462015,6.743275,-3.441555,3.100674,-7.942770,0.510794,0.712490,-4.653259,-7.882362,2.501537,5.204790,0.777557,-5.296682,-3.911718,0.516617,0
-1.602293,5.023163,3.410393,-4.331150,5.675148,-3.123951,-6.178875,-0.452120,8.287003,4.045980,2.170570,-2.225483,10.365906,3.543726,2.264727,5.631664,-1.196758,-0.905634,1.290867,-1.783415,4.698421,6.004988,-0.818832,-3.417988,3.799618,6.123951,8.267826,-0.520222,3.755760,11.639456,-0.378695,1.557629,1
-2.196507,-2.779444,1.296860,-7.342597,2.641638,0.666025,3.595371,-2.382603,-1.245125,7.866125,-6.368607,-4.290123,-0.015535,-4.140127,-6.848839,-1.887243,-0.156162,-0.471634,0.492153,-2.389549,-4.668795,-5.097549,-2.273344,4.579573,-1.444208,2.286196,-2.501163,-10.170297,-2.237757,2.301100,-1.213345,-3.946854,0
2.931742,2.803663,-5.706840,-0.052671,6.538223,5.588196,3.756739,3.665382,-2.612259,6.043072,-4.955887,2.059938,-2.628839,5.274420,1.938173,-0.527142,4.902969,8.064304,0.775440,-1.153727,5.403830,8.903114,-6.568154,-5.434834,3.002186,4.773554,-2.284557,-0.800285,-3.626375,-5.017305,-1.764648,0.916042,1
-7.228411,-3.699104,-7.998182,-0.142813,-4.332443,-3.587893,-0.993605,-0.153126,-0.635201,4.550022,1.669619,-2.652151,3.571428,-1.435047,2.306517,2.503887,-0.108784,7.304201,-9.088006,1.110039,1.493166,-6.992880,0.092512,-5.795872,-0.468832,3.560101,4.884495,-1.655930,-5.332771,-8.229981,-1.989185,0.744154,0
3.004137,2.069777,-3.059038,3.519627,0.797037,0.247532,7.359547,0.100212,3.897047,-4.800798,-2.039917,6.424921,-1.038332,-1.504234,-4.312784,-1.146294,-2.358793,7.058426,-1.541439,4.355520,-8.748353,-3.973906,-2.933697,-1.000099,-0.434912,-1.586508,3.602667,11.463697,-5.298508,-5.668871,9.078587,3.909224,1
3.860697,1.352610,-6.211460,3.671501,3.618374,2.373032,0.488110,-0.762501,-7.921150,1.103306,-0.332561,-2.417385,-10.982193,-5.921551,-1.583124,-2.624502,3.471670,-3.733971,-3.880671,0.449570,-2.663260,0.995684,-3.213526,1.533876,-2.889833,-6.763163,-2.686510,-5.662729,3.816874,-4.612915,-3.876860,-6.877930,0
1.024805,2.824190,3.379978,5.500269,4.814657,-1.674614,-1.232744,-1.933889,-5.420308,-2.273102,1.505302,-2.451508,-2.344742,-0.794329,5.718361,2.132496,10.397438,-2.421240,4.009567,6.345581,-2.675978,5.444048,3.495480,5.002783,4.168097,-6.734531,8.670437,3.507408,2.385147,-6.355971,2.886980,-2.994701,1
2.488392,-8.788205,1.761108,-6.688841,-1.400002,3.190834,-0.266411,-5.250244,-0.840195,2.732231,-2.732138,1.271261,-2.753088,5.270041,-0.655710,1.073938,1.627491,-1.905478,2.838717,3.392275,-1.298649,1.459993,-0.577984,10.975359,0.410536,-2.847847,-0.887754,0.747747,-9.414325,-3.744736,-0.896431,-4.575457,0
0.175331,-0.239767,-3.222881,1.382694,0.396725,-3.291487,-2.985512,-5.934124,1.017763,2.727655,-7.175300,13.767870,-9.723417,-3.168606,4.488382,3.876034,1.826633,4.344379,-1.023346,-5.077504,3.258947,-1.883127,-2.478350,1.962038,2.775414,2.934834,5.569939,-3.557280,8.694756,3.563873,0.660793,-2.559027,1
3.221407,0.903587,-0.470245,-7.096034,-4.173082,-1.250174,-0.577030,-6.518677,7.199909,-1.185196,0.246801,1.604906,6.415197,-3.655504,-8.366395,2.352362,-5.532722,-0.583004,2.554636,0.278812,7.246763,-3.281065,-1.721979,-2.368967,-7.811536,-6.186230,-1.360132,0.956701,-3.571384,1.100840,-1.007345,-1.294069,0
-1.694412,4.853289,-3.672367,3.763990,-3.026993,4.526066,-6.328299,4.529512,1.078176,-4.481483,2.674614,-0.014734,1.718809,4.824951,4.071081,-0.768358,2.699894,3.369326,5.659178,4.989365,7.342104,0.288157,11.953939,-3.104229,-1.015287,4.704054,2.463627,-3.888773,3.527266,4.653057,3.020517,-4.260803,1
-6.265882,8.802359,6.770849,1.748787,-1.581099,-6.466379,-1.460125,-2.705309,-0.008736,-7.132611,-2.806471,-5.166952,-2.638237,-1.527227,0.453510,1.054216,-5.023848,-0.226545,-5.310516,-0.815765,-4.452444,4.825899,3.561462,-7.282854,-1.000431,0.182596,-1.868643,-4.444075,-0.209631,-0.290262,-4.894855,-10.640015,0
-4.440695,-3.886938,6.144108,2.137934,-1.614460,9.423418,-3.034937,-0.780666,0.141310,2.955767,-4.517080,3.233105,-0.021080,-2.319433,2.266973,-1.126211,6.222370,-4.829029,-0.508902,-0.190968,2.405107,3.016180,-0.466644,3.770550,-2.095436,-1.954681,-1.229877,-1.740755,-5.010538,12.367071,2.386711,3.769468,1
-8.334313,3.862854,-3.874723,0.107351,0.550581,2.806562,2.804384,6.525454,-6.007141,-2.495199,3.576937,-12.542123,2.295542,-2.347330,0.881685,-7.655316,-4.616423,-5.448807,3.148046,1.647696,-5.156462,2.630262,-6.057652,-5.636992,-0.014336,5.678696,3.494505,1.949892,-2.752953,3.143145,-2.230902,-10.822544,0
3.098082,7.766930,7.913231,0.992857,3.087791,-0.402256,2.592627,5.218861,3.343414,-1.295444,3.591684,-8.178623,1.072800,7.674303,3.696335,1.368269,-5.116791,8.263817,5.114250,1.096506,-6.170053,-1.134514,-1.240717,7.175701,6.786591,6.598066,-2.369905,7.387106,2.950190,5.549648,0.413975,-0.412540,1
2.293793,-4.134590,6.587954,1.404745,-6.139463,-2.712271,1.467737,-3.483414,-1.519669,0.211563,0.575977,1.850405,-2.229427,5.923737,2.107426,-7.402898,2.101742,-8.300566,-1.726690,-7.455767,4.085117,4.769226,-2.019129,5.566240,0.201595,2.066751,-6.227560,-4.533215,-5.679407,1.974691,-1.465525,-3.712822,0
3.811604,-3.593916,2.941345,1.057564,5.630167,5.503605,3.343189,8.505220,6.875782,0.901966,-5.084620,-3.800444,2.429249,-0.018322,-2.335680,5.411291,-5.155076,2.120499,-5.554735,-1.360580,8.120621,9.568222,1.394516,-0.557089,0.107893,-0.633251,0.193264,-1.838211,2.154579,11.297331,3.955597,6.483873,1
-5.390350,-3.387932,-2.792168,5.349461,-3.959820,1.311701,2.954098,1.238707,-2.849051,-4.917301,-13.366481,-2.043623,-7.431374,7.417648,10.535986,0.914583,-0.493040,-1.532330,1.418245,5.635651,-1.876995,0.314856,0.825224,-2.447588,-3.491936,-5.439077,-1.412071,-6.713758,-3.852123,-0.504633,3.775488,-0.284910,0
3.278416,-3.332714,2.051428,-3.756042,1.692759,-0.790857,2.587627,0.123455,4.058828,-5.335905,-5.228996,-7.384043,6.075136,-2.651569,3.927608,-0.985182,4.645142,0.606268,9.055660,2.656761,7.949440,0.572596,-1.652540,0.424698,3.546541,0.317511,1.281696,-10.570957,0.160873,-5.355938,-2.317423,7.300863,1
3.623182,-1.721077,0.110834,-12.059112,-0.353691,2.728148,-3.452044,-0.319754,-8.123310,2.911650,-7.616683,-10.154043,-4.583857,-7.114491,-1.758852,5.905340,-8.590632,0.921249,-9.186728,-1.326590,-0.189886,-6.289875,8.046717,5.881920,-1.139896,-6.297672,7.340261,5.811403,-7.288370,3.764355,-6.274376,-6.422329,0
3.034012,7.276304,-2.902874,0.176458,-0.568150,-2.295088,-4.218416,2.163967,-1.943779,-3.575140,-7.619326,0.252941,2.157164,-4.111128,0.963991,5.484344,-3.229704,3.922188,5.719641,0.729420,3.012314,6.405308,11.775240,6.311745,2.326946,0.905020,-1.639738,7.965080,2.055426,-3.052944,1.100117,-5.180759,1
1.017128,-3.524446,3.422663,-5.787500,-1.854219,-0.897936,2.746405,1.300772,-5.584230,3.322474,0.182863,3.275532,-3.722723,3.221172,1.798096,-13.267174,-9.186044,0.657282,-7.245121,-10.137908,-4.106813,-0.881065,-1.904121,-0.264179,-6.372446,-0.701246,5.214184,-4.331730,-6.857492,0.197084,-4.839724,-0.425776,0
3.662159,-5.763602,9.302475,1.422300,2.826002,-1.535505,6.252428,-1.216482,4.766613,-2.498625,4.539396,2.183537,-6.544713,0.044430,1.456949,5.978828,-6.596227,5.726246,6.968416,-2.695971,3.251944,4.138893,-3.264452,8.054573,0.410978,6.060503,7.333181,3.062408,-1.277544,-4.811522,-7.361996,8.447739,1
2.112869,-7.439965,0.489475,0.565350,-4.645674,-8.598264,-0.417089,-2.113708,0.387922,-0.020546,-2.906061,0.735273,0.630211,-1.981270,-3.036142,4.921007,-3.844193,-3.993944,-0.370955,-7.086400,-1.792204,0.547686,-0.516195,4.086231,-2.397926,-6.019384,-6.083910,-7.488728,4.143763,-0.551640,3.902912,6.389685,0
-6.608281,1.385132,-3.267866,-0.691420,3.715462,3.508533,4.364710,-0.413927,-2.061708,-6.926667,-4.501093,-7.921987,0.844753,-2.763393,9.341948,-5.390865,2.307850,-0.999840,-1.263065,4.038755,0.052631,12.328760,7.190985,-0.795229,3.284500,4.353340,-2.046770,-5.391221,-2.255339,1.961555,-1.574667,-10.966710,1
-3.325607,7.524458,-2.275333,-0.343313,-6.043577,-2.877520,-4.305847,-1.640215,0.360554,-1.154722,-0.370819,3.874355,-5.609232,-7.793489,1.743547,4.440655,-1.071165,10.124945,-3.161806,2.354948,-3.526258,0.752420,-3.765581,-1.268675,-2.852468,2.938192,-1.542910,2.867844,-12.658316,3.542343,8.221743,0.936979,0
3.533674,-2.502943,9.081602,-2.974615,-0.583662,-7.455220,1.047054,-0.219326,-8.585178,-5.135470,-1.249651,8.585373,-4.864443,0.956118,-5.736581,-0.216513,-0.355747,7.373808,0.915873,-1.811848,-0.164886,3.636915,1.062828,4.368349,3.572411,5.403831,-0.839336,-2.733974,8.015829,-3.725708,-0.676161,-1.663300,1
-5.415497,-1.309443,3.342438,3.445408,-6.905930,-5.757568,2.560429,-2.383480,0.512365,-0.401100,-1.695023,7.504000,0.435022,5.124310,1.582943,7.976954,3.101564,-2.807491,0.753845,-3.610815,-0.881987,-6.814264,-5.740181,-7.044218,4.044027,-2.902422,3.708628,-4.557043,-0.742884,5.512381,0.404467,-3.060514,0
3.712269,0.573895,7.119986,-4.023880,6.011545,3.000074,0.803507,2.486568,5.164167,6.352470,-0.029099,8.448473,-1.514446,3.940449,3.007483,-1.624538,-2.157227,3.967354,-5.706969,9.371313,3.902971,0.457232,-2.294628,1.633566,-1.644865,-1.597023,5.043690,2.046133,11.900633,3.416246,5.829185,8.096601,1
2.145771,-7.817928,0.470184,0.858175,7.986206,1.661242,1.009148,-7.194037,-3.221739,-10.348079,2.245735,0.719517,4.298248,2.616129,6.114117,6.955797,9.554331,-0.390667,7.277481,-2.054884,-3.582167,2.887608,4.562357,-5.503286,-4.837444,0.216803,-5.290861,-6.642447,-1.050646,1.048712,-7.828519,0.443861,0
9.347500,-0.812506,-8.990351,-1.143185,-2.653334,3.254238,8.231117,-6.975338,3.412115,-4.162140,-0.511105,4.094328,2.879538,-1.133493,-4.734991,-11.519451,2.849266,-2.225588,0.472828,1.132078,0.395885,-0.111134,3.723530,-4.156319,13.148157,2.989519,2.291121,1.270468,-2.462337,-0.043058,-0.820473,0.310654,1
-3.916624,-13.473888,-2.841755,-1.492949,2.198074,-2.669640,-3.089783,-0.275810,4.806063,-8.944955,3.708242,-10.912738,-2.773640,2.878016,0.540968,-4.517202,-1.401140,5.506769,-3.367010,-4.052214,1.883295,4.675306,2.903725,-2.008129,0.166634,5.846272,-6.780674,-2.071487,-4.228811,-13.983356,7.135496,-2.357889,0
-3.996359,-0.641531,1.469175,3.656244,2.197306,-7.346579,4.646893,-3.835112,2.516703,3.407408,-1.142511,8.815882,1.055639,-1.081652,4.063087,-4.864347,4.342432,2.388365,1.282114,0.452929,-7.468303,-1.601801,1.031706,-1.399702,3.664173,0.117477,-2.924007,1.218269,0.609861,0.195230,-2.795912,-2.679041,1
3.524382,-2.453722,-4.200962,-3.882160,1.613283,-8.547600,0.873207,0.533352,0.655783,-0.033604,-4.711803,-8.139176,-4.875490,3.253132,2.258362,-1.319872,2.353491,-3.505606,-6.487120,1.610689,-3.791842,-5.548855,1.899147,5.334724,-3.511648,-10.494036,-2.289478,-2.380768,-3.613575,-8.772364,1.278429,-0.812559,0
3.114326,8.016911,-1.103640,1.054947,7.686403,0.441271,-4.167749,4.564537,1.706314,1.685028,5.361212,7.437288,1.132259,4.263760,1.619833,-4.268694,4.835291,3.880896,5.648764,-0.449022,7.716738,0.550079,-1.308025,0.917402,1.448643,-1.741966,0.175484,-0.749939,-1.987635,4.633524,-5.970417,18.848303,1
3.216341,-6.830017,-2.775784,2.905241,-4.424025,-6.116419,5.065092,1.986839,4.460482,0.159857,-8.048071,0.942333,-10.250895,-0.395445,-6.365242,-4.978151,-0.249146,5.263313,-0.222296,-0.453558,-1.053719,1.048027,-4.638134,-1.599514,2.084293,-6.101208,2.446573,-3.359797,0.370321,-1.809479,-6.646137,4.630964,0
-0.922779,-6.267487,8.313110,4.639835,4.440992,2.309734,5.893847,5.161947,9.356806,-6.157407,2.225290,2.062452,-5.430462,7.434998,-6.311387,-6.501221,1.621143,4.044657,-2.467173,3.684629,-4.512938,-1.222277,-4.402496,0.904863,-6.864784,3.872169,8.233282,7.652695,-8.076823,0.427965,0.589682,1.877050,1
1.963305,0.656013,1.538567,-2.570812,-4.297682,-10.449123,-9.073803,-11.840172,-4.833357,0.655926,3.200594,1.374964,-2.202890,-0.204887,-3.484743,2.013683,-0.456141,4.638760,-2.173229,-3.796982,-5.313841,-3.770378,-2.447353,5.628815,1.171059,-6.802803,-2.794024,0.015305,-7.574409,-6.244408,-2.680754,-1.095665,0
-4.557796,-3.417118,1.681185,1.698418,1.331680,-0.216057,3.984324,0.008810,5.457651,1.428146,-7.274868,3.635708,3.106113,2.753860,-3.989634,-4.304708,-2.782433,-1.472374,3.663225,-0.010271,0.812616,2.643055,2.614408,3.544924,1.947506,3.748007,0.855032,0.834240,4.918858,-0.479731,1.126762,-1.663647,1
1.348103,1.591587,-2.170803,-5.424564,2.754105,-1.230465,3.655025,-0.029882,-5.656565,0.541561,-4.106451,2.907087,-3.940638,-4.294786,-4.260090,5.552773,3.822145,-0.974180,-7.157175,-2.833902,1.055037,-2.973202,-0.641846,2.499346,4.063723,-5.792622,2.580896,-2.062496,-3.324421,-4.611650,6.165264,-1.874107,0
2.484516,6.876139,-2.871075,-1.457191,4.051844,-3.684095,6.548410,1.925814,-3.135998,0.904791,6.264935,0.865091,9.397423,-2.368938,2.593805,3.015936,-1.052124,-1.462210,5.627602,-1.614941,5.338413,2.328257,7.194471,4.336227,8.008705,5.824503,0.965057,5.376003,1.787378,-4.713158,1.105589,-2.616367,1
3.022995,0.854694,-3.592396,4.364508,-0.337173,4.235458,-3.393753,-2.071188,4.855301,-1.732691,5.220200,-1.752426,-1.556828,3.612078,1.924465,-2.344740,-7.034040,0.083992,3.299047,2.153389,-3.840195,-8.714303,-2.525927,3.553009,-3.208164,3.454523,0.679043,4.325428,-2.293764,-0.097126,6.375845,-2.248804,0
3.196251,3.287376,-3.059025,5.513605,-1.165035,-7.622445,5.610201,7.954172,-0.995224,-8.456279,0.199818,4.846857,5.050804,0.251759,5.210400,-1.292265,2.117435,4.159138,2.285389,-7.459387,3.938116,2.499502,-0.427280,-4.492640,-0.852650,0.228598,-6.166354,-2.166147,0.615576,8.289679,2.584105,-0.850296,1
2.311974,3.852985,2.732336,1.873312,2.055019,-1.483042,-6.823095,-6.962111,-5.270452,-3.656462,-2.320314,-9.073019,5.128647,-7.150483,7.441753,-2.720684,7.487524,-2.350851,4.124760,0.221226,2.266024,-5.243183,-6.288961,1.932680,0.819178,1.142044,-2.444695,-9.007207,5.579370,-0.158813,2.962978,-0.308399,0
-0.345514,5.970455,1.341984,4.486128,-2.150536,5.526934,3.812748,4.739405,0.766830,7.787558,2.053635,1.296749,4.928965,-4.862396,-8.335385,-1.700912,-0.848364,6.591320,6.699409,0.351366,7.702826,-8.236548,1.940367,1.330103,-0.516884,2.222807,6.454914,-3.796587,11.475889,-1.250471,-3.583738,-7.595541,1
-1.950014,0.690397,-4.358711,-5.569977,-3.072197,-3.323145,4.527288,-4.828804,1.112244,4.252903,-3.942921,-4.422918,0.743931,-8.268393,-0.661766,-0.087616,-1.661062,-7.568047,-1.984383,6.877426,-3.480057,4.566345,-5.329769,-12.335884,-8.310689,-1.698639,-3.573412,-1.202251,-3.132170,-4.676153,10.377680,-3.720251,0
1.265177,3.656746,2.966803,3.364746,5.222889,-1.014992,2.235420,2.914505,2.428741,4.104464,2.700258,1.545580,3.768681,-1.417494,9.902534,-5.419235,0.961903,-2.613497,-2.502365,4.557781,-1.021078,2.579157,0.128321,2.991512,0.459026,-3.080835,-0.252800,1.734159,1.875118,-1.512131,7.139101,-0.551672,1
-3.603861,-6.837288,-4.710209,-3.343557,-4.194967,0.055603,1.259130,2.542114,-2.830936,-3.250978,0.618816,3.970564,7.135239,-2.625439,-0.175858,-11.836138,7.796865,5.009869,3.605982,-2.976175,-5.191111,2.669434,2.561495,8.490639,1.889172,1.695757,-5.733406,-8.426402,-5.123684,-8.048658,-4.239212,-8.932255,0
2.189606,1.911255,0.528767,-2.013359,-2.378971,0.939610,3.333117,-0.555445,10.204884,2.341221,-1.246016,-2.143562,2.344301,-3.052965,-9.086690,-3.991461,2.829470,-7.054119,5.221684,3.947449,-1.577011,1.520395,-0.203522,-0.425793,-4.854818,1.161596,6.973803,13.243448,-4.515842,-4.462740,-4.216038,-3.752724,1
-2.633184,-0.273739,-0.873940,-4.183958,3.156288,-8.470227,-0.176678,-1.508350,-6.946838,-0.452003,6.598930,2.276979,4.826200,0.967793,1.355286,-3.512503,-9.445386,0.453182,6.711927,-1.589453,-2.481113,0.440254,2.886875,3.600447,2.381399,-2.264431,-7.177757,-3.624151,-5.635309,2.227070,0.486649,2.634193,0
-3.321766,-5.360808,6.568193,-4.424318,0.534170,-0.336630,-2.216864,7.115088,-1.839273,3.664461,3.897692,3.985369,-2.747684,0.732010,3.043819,1.821758,-0.821138,-2.473392,-6.853268,-2.313555,4.934464,3.099218,-1.862453,7.526287,9.909035,3.146624,-5.717595,5.824905,-8.218678,-4.980350,1.677517,-3.434874,1
1.406265,-9.396494,-10.395195,3.426779,-4.356821,-1.435474,-4.919594,-4.155327,6.855091,-9.410277,-2.930962,4.068424,1.948639,-6.639847,-5.927786,-0.539324,-3.322498,-11.581610,-2.465687,-1.888662,2.721340,3.712454,-8.162110,-0.324877,-5.314648,-0.105227,-7.296968,-3.302387,5.137636,2.101198,3.486233,-2.510250,0
3.514267,-0.438839,-0.108139,3.185413,-3.863169,-0.239655,-5.387634,-2.212975,-2.660650,5.485706,-2.862185,0.545538,1.589090,0.463482,1.832302,0.877604,8.818550,2.952559,-5.473027,5.051363,-0.386620,-0.051456,-4.538448,6.232821,12.527071,-8.658367,0.112055,-1.214453,7.561888,-0.731236,2.465624,-0.850250,1
8.809525,-2.174202,0.012726,0.653208,-4.167368,3.841745,-2.049652,-10.302073,-7.789477,-0.706453,-3.791368,-3.568682,-3.987766,2.536043,-13.288452,-4.235258,-1.795839,8.300564,8.211390,3.655540,-7.387322,-1.235249,-4.777264,-2.055700,-0.572128,-0.785116,-2.350107,-4.903429,-7.912084,2.475191,-0.438313,5.673008,0
-2.479128,2.607815,1.067055,2.226156,-4.749920,2.256784,0.448195,3.116766,-1.325983,4.760849,1.580404,2.408691,-3.299971,-0.790764,-4.521559,-3.761364,-6.808523,3.030794,4.602633,9.741896,7.407858,3.914867,0.788143,2.249424,5.308847,1.525442,-0.324806,-1.184235,3.242252,2.273560,0.510761,-4.302242,1
-1.204216,1.239437,-3.199322,6.698105,-1.163254,-0.763235,2.185349,0.456253,-4.474436,-6.381641,6.495371,-2.495995,2.320086,7.204031,-0.430084,8.779224,7.041027,4.721584,0.427347,-1.673470,-9.075858,4.735680,-1.434668,-2.577070,-9.052952,-2.870659,-3.067083,6.946583,-5.758625,4.328518,-2.539993,-1.826309,0
-1.422720,-2.062382,4.543743,0.938807,3.261213,0.665670,6.755228,-5.210574,2.822428,-1.214407,1.008236,6.179884,5.649912,0.644268,-3.437290,1.287260,-3.731161,2.121109,-6.470198,7.970707,7.292406,1.290863,2.267632,-2.170780,6.621010,0.315325,0.270107,9.959803,2.361595,1.304806,3.018152,2.539509,1
1.949612,-5.202553,-1.974447,6.825857,-2.084677,3.833439,-3.219213,6.240122,0.316572,-0.444595,-1.137239,1.415709,0.192846,-0.027658,-2.466743,-0.125080,-0.860252,-3.619778,-3.310675,-5.295839,-4.997625,-6.685450,-11.012336,-5.397074,-0.168043,-1.914345,4.936152,-4.929590,-5.575371,-8.798464,1.967577,-0.648067,0
0.012421,1.682762,-2.214727,8.769951,8.701294,-1.676249,1.795753,2.102533,0.395176,-8.783843,-4.238989,2.053934,9.779028,3.705076,-1.181515,7.028486,-3.865133,2.701208,-0.244497,-5.655507,0.820333,-4.466156,1.172802,-2.145216,2.354897,-2.268068,2.655697,5.002115,-9.021361,-3.213091,8.309099,13.449720,1
5.794640,-4.079935,-5.847448,4.676397,-11.426620,-9.358574,-2.797081,-10.850301,0.299366,-4.657158,5.936468,2.174902,0.083689,4.139517,-3.575653,4.188963,-7.497572,-2.877617,-0.880070,4.143368,-1.224964,0.567257,-2.404758,-3.221853,-5.875832,-1.159092,-0.997366,-0.449253,1.114382,-1.957319,-6.240942,-2.693415,0
-2.517248,2.474506,3.804796,5.712959,-5.226648,3.607117,0.292818,1.748333,1.073986,1.131502,7.415836,7.343378,-0.482161,2.261644,2.040785,7.717894,2.087597,-1.893951,7.514128,2.982529,3.286415,7.046669,1.163187,-3.828739,5.142273,-6.614983,-7.355704,-4.135717,-2.405165,-1.311073,-2.449438,-0.026430,1
-0.597710,-4.153044,-2.691555,-0.913223,-1.526548,-4.416767,2.681267,-1.677364,-3.528259,-4.026857,4.200111,2.157593,2.330072,-11.422746,-0.318253,3.236303,-3.746178,-0.980368,1.193289,5.924999,-0.307339,-1.115366,-5.434059,-4.801435,-2.583830,-1.201626,-3.680866,1.465012,-10.096665,-6.438961,-4.378328,-2.822348,0
7.213776,8.665094,-2.393850,3.821213,-1.751577,2.022089,-1.288525,6.772747,2.209459,-2.359369,-0.189388,-3.461542,-4.264294,3.068529,1.041018,-2.193508,6.856028,-0.574099,-7.505175,0.593277,-5.473585,-6.905334,-2.597797,-1.589594,1.351276,1.569069,0.750889,4.380568,-1.907520,-12.368450,1.415134,2.460407,1
-0.939838,-2.972948,-0.926592,10.462980,6.476641,-2.440037,-2.584438,5.670088,-2.513840,-7.596209,-2.899847,-0.794985,-0.030577,2.522909,0.961338,-5.616016,0.520102,5.964825,-2.210114,-3.898409,0.892588,-8.348979,-3.876595,-2.237329,-7.249925,-1.587797,10.575735,-5.487896,-2.725153,-2.533485,-13.146046,-6.433319,0
-1.299706,1.049646,3.295506,-1.948929,-4.284927,7.533823,-4.943401,5.776196,5.590771,6.104181,-3.278751,2.873062,13.457640,-4.595184,-3.886732,-8.121101,1.779427,3.152042,0.580460,0.425207,-3.746223,0.543617,2.354704,6.236208,-0.528662,-0.841555,6.191729,-4.504082,2.116934,2.937634,5.920029,6.848024,1
-9.466734,3.420757,-1.872160,-3.375828,-4.903694,-8.891913,6.614170,-4.498697,5.247522,1.247137,4.093943,3.774227,-4.229607,1.466208,-1.318558,-0.868837,1.681953,-4.975050,5.533293,-3.700914,-7.857993,-4.841049,3.408148,-5.399847,-0.579845,0.131968,-4.784956,1.317402,1.914139,-0.756844,-5.426546,-1.439003,0
4.627354,4.431995,-10.603190,5.175304,-3.084379,3.967018,0.186512,-6.825647,0.527121,3.973879,1.922253,-0.195141,7.863310,-2.509295,-0.453196,-0.772085,10.489243,-0.350561,0.754622,4.295565,-0.450558,0.585844,-2.890980,4.790779,2.637526,0.296171,7.314442,-8.048245,2.377375,5.634829,-6.396861,11.394629,1
1.645605,-0.466074,2.312235,2.200403,-0.977983,2.280630,4.063984,-2.422523,-3.038048,5.005394,-4.468853,0.123070,-8.869071,-1.770147,6.067513,-0.241718,-0.672771,-3.001194,-5.397467,4.428822,3.436296,-5.730244,0.585325,1.339043,0.723013,-1.203293,-0.983801,0.642653,-0.858805,1.109991,-2.857094,4.170504,0
7.318857,-2.083406,-1.358089,3.319990,9.721081,1.709616,0.453091,3.961891,7.898003,4.325310,2.692516,-2.332153,2.378139,9.444241,-0.369987,1.855837,-1.642721,-2.431936,-0.206228,2.429260,-3.264156,-0.598728,1.481457,6.504665,5.578209,-5.349526,-2.292814,-1.969318,5.275665,5.719543,-3.421768,3.036516,1
-0.961493,-4.023829,-1.332935,-7.547825,0.710981,-2.714733,3.259127,1.530884,7.645182,0.175535,3.475880,-1.909771,4.653997,4.708839,-1.875170,-1.785774,1.545557,-4.425175,2.129286,-4.069389,3.762562,-5.200495,-1.674763,-3.990522,5.006216,-0.696346,4.595667,-4.804213,-7.161621,-1.386696,-2.490139,1.101534,0
-2.525608,-0.666904,3.413633,2.345070,7.928345,1.064690,-5.354412,2.011658,11.576273,0.353685,5.757019,-0.192360,-2.387962,1.207094,-3.428894,-3.308374,-11.025252,5.867928,5.467533,8.157608,0.035772,1.047215,5.873804,1.674736,3.565485,3.290665,11.809698,0.753534,2.622313,-3.369884,-3.069820,3.699047,1
-2.383984,4.164799,3.220427,1.341063,-7.257491,-4.681440,1.364552,-4.176737,0.777945,-7.457722,-4.113890,-0.169907,-5.578537,4.048876,-0.225927,5.788832,-0.810617,-5.002802,-1.551392,-3.655287,-4.506020,-4.650372,2.049210,-1.394001,-3.959932,-2.498365,-10.306284,1.626093,-0.339285,-4.414165,0.017750,-2.571035,0
-5.097566,-1.252451,-1.934784,1.095308,-0.170568,-3.571133,-2.472746,5.099895,3.108776,-5.690826,-0.028921,6.269323,9.899576,6.905556,6.923571,6.601120,-1.228477,-0.448883,10.972464,2.697186,2.614567,-4.425163,-0.608826,-4.868092,-1.079340,-2.474514,-0.510096,5.910713,-5.069876,-5.029957,-4.677061,7.595991,1
3.369606,6.988844,7.303064,6.121140,-2.729992,5.625658,0.216724,-1.653410,-4.886198,-2.959402,-1.238457,-1.312935,-1.506613,-4.127560,-3.140478,1.943468,-4.885223,6.932104,3.789188,7.615561,0.016176,3.222561,5.586191,-5.479467,-3.241346,-4.024786,-5.510809,-5.364429,2.862617,-1.877106,-4.088705,-3.795298,0
-2.123894,-5.494517,0.876081,-1.696331,-0.641874,0.580982,2.434660,-4.716700,-7.679828,-0.849703,-2.162996,3.313875,-3.376156,-5.061602,2.225737,10.848852,7.275665,1.572348,4.868551,-1.249645,-1.482176,2.577688,-2.855591,-2.331743,2.134232,-4.157532,14.548403,4.600433,2.255121,-1.728889,-0.533834,-0.508392,1
-4.572849,-2.542067,5.536999,-1.639742,-6.136148,-5.633835,-1.783813,-5.585371,-5.137909,2.529875,11.194010,2.556292,-3.672033,-12.053156,-3.158688,3.814487,-5.780903,-7.261342,-8.529752,-5.567087,0.562376,-3.616388,-9.196275,7.440987,-1.312321,0.024811,-3.776072,-3.368435,-0.133543,-0.709618,-2.070953,-2.761827,0
-5.084354,-5.752208,-3.672276,2.341990,5.654181,-2.248798,-7.386880,11.641100,5.284702,3.334141,-0.652494,7.733356,-4.702291,7.779770,-3.524094,-1.701107,-0.747919,-2.669191,-3.423449,5.214573,-5.159719,-8.654943,6.452339,3.537453,-10.020201,2.716776,0.773787,5.581863,-0.556463,-1.871777,7.443436,-2.417921,1
9.911680,-2.567108,-1.363855,0.894281,0.136410,-0.626705,-3.721432,3.292099,-11.623238,-1.830025,-10.977821,0.848612,2.019232,5.723375,6.166864,-3.578096,7.090630,-2.338301,-8.312848,0.297569,-5.021376,-2.875980,-1.271223,-2.692923,0.164537,0.408438,-0.216225,4.108459,-8.763525,-4.106808,-6.498222,-2.022694,0
1.790359,6.000383,0.643721,6.693695,4.227468,-0.446329,-0.200254,0.300392,0.109941,1.969572,-2.298613,7.044235,4.340746,-5.915160,-3.316971,-4.276199,5.951273,1.096060,4.250977,-0.672329,2.336971,0.565760,-1.424969,0.003632,1.656733,4.688974,-5.396588,2.133137,7.373833,1.473518,-5.086129,0.636415,1
1.873222,0.225409,-1.970875,-3.673714,0.646927,3.100319,-1.317194,8.030716,-4.824480,-2.203409,-0.211630,-3.240808,5.233360,-4.728054,-2.023888,-0.288013,1.399912,2.055660,3.985292,1.742476,0.521643,-5.027590,3.136555,-0.223013,0.348173,-0.286377,0.873014,3.575001,4.768539,0.855017,-3.414658,9.659834,0
1.534143,-1.680601,-4.488644,-5.233572,0.983379,-0.168604,3.035549,-0.738091,6.779144,-3.660622,-1.902193,3.455498,2.501078,3.311390,4.399710,5.007158,8.120302,5.789700,2.694603,0.438896,-2.732597,0.484091,6.129208,-2.063393,4.503473,-0.273109,0.729532,-3.195225,3.120234,1.225397,-1.312239,1.231152,1
-3.092470,-8.136637,2.641426,-2.781385,4.255827,-0.937473,-1.555237,6.856575,5.077919,-0.033073,-0.938698,-3.675186,-3.311586,4.387260,0.255093,-7.741018,-0.096647,-2.800098,-5.311628,-7.204681,-0.203230,4.287893,-6.508453,-2.803036,-2.375092,-13.365385,0.297894,-2.315308,1.370275,-9.266515,1.948471,-2.871298,0
0.781998,0.125875,-5.015142,12.067984,2.251276,2.534094,-0.569885,1.876945,2.813763,-10.287951,-2.715763,-2.453402,5.225912,2.814539,9.986233,-6.667923,5.040968,-3.161440,-5.328636,0.422113,2.827488,-9.135984,-2.375183,4.145905,-4.607964,-0.065987,0.064257,0.373632,2.107721,-4.776390,1.593203,8.732386,1
-7.210053,-5.563911,0.716219,1.679691,2.571733,-0.059217,4.867498,3.409094,-3.763149,-1.913157,1.423573,0.113531,0.328962,4.880365,-3.849348,-2.867598,5.475941,-8.280454,-3.256027,-1.734463,-6.347980,1.680481,-2.626541,7.771931,-5.440620,8.521614,-1.940037,9.628740,-8.338782,-1.503035,0.320862,2.888323,0
1.453415,6.059658,3.174473,2.341553,-2.878235,-1.664532,-7.873877,3.760132,3.756214,5.780006,-8.554425,2.457960,4.561192,-5.727914,-3.964067,-2.113453,-4.863987,-1.392790,-0.425024,-2.605829,-0.752346,4.650898,-0.518202,7.065222,1.841307,-4.312210,8.316832,-2.512810,-0.521353,9.795137,7.991882,-0.856560,1
1.032330,1.372608,7.879869,4.704147,-4.927439,-2.325054,1.003832,6.390303,4.799162,4.700407,3.063641,-0.497314,-2.902929,1.166994,2.795681,3.463606,6.380238,-2.135216,-3.488834,6.214518,1.194777,1.517393,-0.173969,-4.958921,-0.167406,5.056269,-1.798643,-2.807041,-13.253422,2.433828,-0.538073,0.701149,0
-0.220615,5.261215,-5.705626,3.640614,-7.691619,3.594116,0.524332,-0.274366,-9.543311,3.361895,0.114399,6.614353,-6.102326,-4.901468,4.803869,2.269516,-6.801005,-1.898317,9.996939,6.938749,7.179111,6.289450,-9.094593,5.740538,7.890076,-1.206163,1.681570,7.905678,-1.015606,-3.027519,-2.187986,-1.923084,1
2.203432,-2.953732,-4.422049,-0.596134,-4.630789,-4.135157,1.031338,1.820625,-1.069983,0.309217,2.014759,-3.353367,-9.725518,0.102669,6.919489,12.034529,-0.994370,-0.037245,-5.248755,-4.291634,-0.676302,-1.235432,-1.389154,4.227652,-0.810158,5.714594,-3.514095,5.155651,0.908546,-0.985201,3.983465,4.667717,0
-1.177006,-4.401407,-0.432634,0.897133,-3.326504,4.609331,2.085352,-5.405828,0.586517,-9.940926,1.892159,1.915499,-1.593126,-0.818773,4.668598,-9.462361,0.714802,9.251688,-0.474560,2.651880,3.031195,2.026691,0.140841,-0.119381,-2.592058,-3.642717,-6.794996,2.007605,-3.982193,0.557775,-4.798607,2.899536,1
-0.528172,1.998917,3.792210,-2.452732,-3.257870,7.096966,-0.157507,-7.912899,-0.305866,-2.576822,-0.649460,-4.563217,-4.361885,0.076641,-1.697800,-8.106428,-1.165377,0.363651,-4.603634,-1.460165,8.204010,1.925177,-2.932947,-0.840666,1.792643,-9.906550,1.357666,2.343292,3.045990,1.753304,-6.220623,3.358267,0
0.514795,-2.775263,-5.522018,-0.531492,-2.392050,-3.095097,3.329094,3.593939,8.090420,3.537676,1.470057,2.397270,-4.068880,2.126339,-1.778324,9.194630,8.029053,5.568264,4.655830,1.592426,1.591423,-4.602896,2.600437,3.068373,3.074907,0.641972,-0.420885,1.581682,0.435614,4.164991,-0.154915,3.214548,1
7.812353,-1.479692,-7.584792,1.221924,2.886860,0.489052,-4.164591,-2.084166,-8.340653,-0.210022,-10.359750,-4.753292,2.776554,4.539879,-0.767281,4.660522,-4.881035,-2.787815,-3.831564,-2.810843,8.444435,-6.373283,-5.934822,-5.549356,-3.451841,-0.110767,1.330339,3.361553,-1.049332,1.497156,-2.411110,2.612030,0
1.701145,5.590538,12.075006,-5.225387,-2.785166,-2.415281,-0.066038,-2.590460,3.171604,3.803308,-0.018133,4.543568,3.795187,7.971024,-2.216963,-0.570486,5.389490,3.131399,-6.581436,-8.020964,-1.830729,1.126875,2.581398,2.526314,-2.493853,12.326071,-0.622978,3.265553,8.043663,-4.414768,0.986338,7.828529,1
2.175217,-4.267368,-2.319311,3.429171,4.362188,-1.531958,4.765726,-8.178182,2.881969,4.132982,-2.688219,-4.465265,-2.285782,-0.969412,-5.391390,-3.321106,-2.082642,1.159180,-1.055069,-0.754509,-1.430613,5.328011,-4.792250,-3.802589,2.923046,-6.301628,-6.482485,-5.431545,7.498518,-2.679966,-6.723629,-6.018150,0
2.990866,-0.642031,6.278727,-2.260590,1.233152,0.948189,0.342207,5.481152,4.461329,9.843397,0.252546,3.295702,9.883909,-10.718412,3.047224,2.185986,-4.254509,-2.035105,3.474304,0.062967,1.464703,-5.414858,-1.497129,3.893972,-4.742474,-2.797970,2.465721,2.611809,2.167265,-0.836761,-8.436304,2.171911,1
1.251942,3.190750,-5.220583,-1.937799,-1.048273,-0.451828,-5.098829,-1.082010,3.628143,-3.591612,0.627338,3.173038,0.334158,-2.659641,-1.141846,-0.947973,7.197029,-3.025391,-3.450365,-11.272125,0.893087,-7.642577,-6.796598,3.393230,-0.320967,-3.147104,-1.431362,-7.664336,4.159546,-6.234056,-4.830366,-2.313807,0
-0.514973,-8.025397,-0.820778,0.916061,2.598093,1.003561,-3.679461,-4.335951,-4.185230,-0.313896,7.745312,1.416809,7.451469,-0.285162,-0.561941,8.532837,-3.057915,7.674438,2.046322,4.610518,1.221621,11.253637,4.693041,4.174000,-3.409187,3.288176,0.617775,-1.497036,0.233820,5.310633,-4.360868,4.227137,1
-0.944254,0.586123,-5.224108,-2.831657,-4.644838,4.797935,-1.956528,-0.539824,-10.774576,0.283300,6.129478,0.025835,1.801008,3.304586,-3.973452,4.124683,-4.714767,0.453520,7.305414,-2.943264,4.866169,-0.673586,-6.381401,0.492739,2.051210,-7.844963,-5.553495,-0.362064,-0.353977,3.232464,3.687603,-0.980513,0
-2.393057,-1.419296,-2.473017,10.365900,-7.316045,10.026646,-8.214375,-3.731419,-5.215765,-8.128130,-5.276156,2.239971,-0.791201,-3.239767,-1.705961,-1.085516,1.301060,0.740366,3.459688,5.939724,-6.864616,3.370165,-1.048483,9.159502,0.940310,0.708300,3.451103,-5.429764,-6.100370,6.875824,-3.650465,5.384573,1
-1.860722,-6.682913,-6.092768,-7.769930,1.728043,2.436119,-0.753962,6.251373,-4.064894,1.035580,-3.958508,-0.946213,-1.704165,3.143782,-6.181755,-0.150898,-8.595650,3.379396,9.354979,-5.191664,-0.232988,-6.554426,0.512468,-5.824575,-5.046259,-1.296213,0.503717,-1.096693,-8.178102,1.463558,0.221533,0.536560,0
-3.802149,-5.800858,-3.952843,-0.765572,5.059076,3.987228,3.765366,5.186457,2.179710,2.215532,2.372128,-3.743221,-0.381180,0.997416,-5.873594,-0.124065,-2.957071,-1.778749,2.596935,7.946089,0.729582,6.711519,-5.432374,3.479584,5.556288,-4.246115,2.118988,3.862030,-2.863825,4.511488,5.862297,2.766113,1
2.987757,-3.885349,1.201807,0.509890,-3.414335,3.437824,-3.680870,-1.290586,-6.159666,-3.987497,3.499907,3.560213,0.817041,-7.617903,7.309469,2.834675,-2.854952,-2.786081,-7.966934,-1.063965,-11.394715,5.249580,-9.048760,-2.375208,-7.735024,-3.834595,-2.080055,3.109621,-6.968159,-3.570797,3.846226,6.500496,0
-4.835114,-2.409889,-4.809710,-0.334848,-2.126633,5.055717,7.682451,3.561258,4.196983,2.088371,0.914038,-2.092653,2.058479,-3.769575,2.158426,-1.022694,3.270012,3.690441,-2.713531,3.076134,1.650455,3.388691,14.653208,6.796345,12.255663,4.615847,4.753345,-10.153787,0.240442,3.206436,7.425041,-3.718187,1
4.221680,-1.458105,1.890768,-3.600863,-2.678341,-2.921864,-2.387842,-0.900473,-1.832346,-1.087011,7.944221,3.171825,0.328299,4.364450,-1.199350,-6.106539,-0.137196,-2.689486,-7.897305,-3.100649,-4.169409,1.829739,-0.153175,-4.035376,-10.247204,9.044390,-4.217031,3.315088,-4.140022,-6.681524,-8.406709,-0.521473,0
6.048109,-4.566879,2.787285,-2.909063,4.837530,11.586931,1.225609,-3.730648,-0.803061,8.265774,1.932344,0.162800,-0.664385,6.219057,7.902802,-2.555355,4.047033,-1.532167,-5.553390,4.497465,5.708952,1.656620,2.908594,2.918083,-2.607073,6.264700,5.316256,-1.734406,-1.904716,0.150835,-3.712526,-3.085192,1
-0.040745,-3.237707,-6.391973,5.315624,-4.422041,-2.299618,-0.053890,0.185677,-7.728330,1.300779,-5.680014,-5.049913,0.133118,1.795130,-1.713577,-6.570660,-1.224443,2.851873,0.177870,-2.643126,-1.485367,-0.068653,7.967667,-1.181259,-2.001036,-5.034651,-11.575392,-7.767922,0.919115,2.435165,-2.871620,3.987801,0
-8.433125,2.946867,3.059076,3.286373,7.338581,-6.375291,-7.894165,5.431139,-9.328436,-2.749304,-2.812469,7.249615,8.522223,-3.835819,5.583506,-3.965414,-6.137403,0.524307,-8.267220,-1.448891,-6.272028,0.341801,2.624466,-0.554029,-7.795962,6.873800,2.185064,-5.756967,3.785217,-3.736052,0.934887,5.849779,1
-3.213873,-0.924475,-2.691448,-12.786937,-0.224388,-3.574932,-7.687355,-1.386536,5.699385,5.472883,1.746864,-4.406750,-1.785620,4.476414,-0.638002,1.312372,-5.382280,-9.374476,1.520849,-5.285028,-0.343998,-1.541090,0.679079,-4.892401,0.721186,-2.138832,4.495678,-0.804193,-3.934237,-4.674982,-4.549028,-5.731110,0
7.988592,2.922199,-2.794167,0.150198,1.508955,2.588022,-0.465155,-1.391491,2.118641,4.853907,-1.056944,-0.568188,6.502174,2.377640,-2.052469,1.574627,2.252064,-4.577398,-0.079447,0.721746,0.589466,3.675169,6.456184,4.828836,-0.072979,7.546167,0.770393,-2.118639,-5.663994,-2.787661,3.500622,-2.470167,1
-1.470242,-7.199389,3.823172,-0.913074,-6.447123,-9.263931,-5.322821,-9.202836,-3.693312,-4.367859,-4.170275,-2.970993,0.653845,11.844549,-3.110439,0.644251,-2.518705,1.196022,-5.396299,3.851297,-0.345598,-0.587082,2.537756,-3.438749,-7.007812,1.385542,-6.469677,4.613377,6.023949,-4.443335,0.321409,-10.292797,0
8.528872,4.855328,1.008905,1.849974,3.433739,-0.323236,3.689199,0.843540,0.517431,5.910217,-0.530767,9.785255,4.723986,-2.564274,5.732956,0.452969,13.576811,5.571463,-6.076551,-1.659718,6.198479,0.306324,3.612036,-1.192509,-5.248298,2.634428,5.466419,-0.896959,-3.649580,-1.873997,-6.204027,0.721523,1
-7.614118,-5.074419,0.327906,-2.734150,-0.809072,3.077845,-0.059324,5.801973,0.721514,3.253727,-1.787577,11.673605,-1.834341,-6.024870,-11.827450,5.789280,-1.422295,2.863482,-10.435920,3.260128,7.674809,-4.739752,2.605091,-0.278435,5.330828,-6.415226,-8.406219,4.127773,4.205917,-5.502483,-3.934498,-2.815512,0
-8.895470,1.862356,9.241718,3.439829,2.534954,5.688740,5.432108,5.431591,4.970570,-2.127192,1.654331,2.634617,1.640110,-2.907049,8.546442,-5.311526,-7.154133,4.390593,4.752192,-3.688232,6.346687,-5.714533,-1.432928,1.222580,4.447798,-2.696779,11.722013,-1.129135,5.143290,1.690353,6.810999,-5.868723,1
-4.778046,4.287951,0.029823,1.061808,-0.048258,4.936922,-6.392256,-1.548801,-0.973219,-10.581223,-5.719322,1.395895,6.955433,1.339470,-0.545958,-1.407143,-2.117247,-4.252089,-3.781355,-6.064920,7.183979,5.390079,0.522257,-6.248131,5.203493,0.298237,-0.491205,7.868078,7.642376,-3.257912,-8.730055,-5.506395,0
-0.155340,3.087021,3.764244,2.594687,0.747890,-0.629082,8.712065,4.217333,13.272970,1.516504,-1.775356,2.316132,1.179562,6.693165,11.098944,3.872063,-0.492891,4.021910,-6.789541,0.816654,-1.289011,8.017179,1.731916,-0.685558,2.145662,3.507347,4.003227,-0.455256,1.297279,0.956690,9.004734,4.087534,1
3.981890,1.193077,3.037458,3.995100,-5.037802,-2.360600,-12.426346,-0.191158,-0.811106,7.970289,-0.249559,1.668547,-3.067160,-2.266758,-2.890892,6.352785,5.433512,-7.939156,-1.888800,6.253618,-0.035643,-3.514486,-3.548044,1.795870,0.472157,-1.845861,2.182615,-5.863262,-1.314457,-7.926038,1.789028,-2.360893,0
-2.606161,8.140816,-3.209507,-1.340839,0.299566,-4.375214,1.506729,-1.875885,-4.170298,-0.183050,5.391649,4.127197,-7.583610,-5.140271,0.253836,-5.524516,-7.620395,-2.151865,3.201044,4.239422,2.071077,-4.606085,-1.481489,3.469452,2.734776,6.056755,-0.017876,7.387365,5.721041,-3.928026,5.171461,-1.875443,1
3.467411,2.521526,-7.415122,-0.216848,3.734056,-3.851200,4.759237,-2.864376,1.282021,-2.094246,-2.217607,-6.485178,0.143492,-4.108219,-7.658724,-9.091366,-3.447950,-4.967196,7.525984,0.686163,-0.215895,-3.828833,-5.690348,10.890448,-4.612658,3.770061,-3.427279,6.154852,-3.243082,-2.504265,6.382767,2.732489,0
-2.387777,5.350203,1.452026,8.915247,9.900955,-3.817362,4.770998,-6.313143,9.558130,5.153826,15.519949,2.169460,4.359304,10.024775,-5.378382,-0.851826,2.391222,-7.410850,-3.255095,1.372761,-2.162437,-1.027941,2.585482,1.329916,9.996410,1.409370,2.726433,-2.251093,2.188601,11.356722,-2.562435,1.201391,1
-2.721664,-0.669033,-2.578556,-2.127804,-2.821404,0.847300,-2.499685,-0.883259,-1.083160,-5.659794,2.992779,3.846649,-0.249763,3.622446,-4.745045,-2.049477,6.321451,1.194683,3.400318,-3.695173,-2.943136,-4.182381,1.847559,-6.904438,-2.453716,-4.211361,0.793270,-1.085220,5.392128,2.077866,1.610817,4.047920,0
5.005465,1.142269,-6.232919,0.662273,-8.462443,1.133213,-1.720846,-6.227969,2.978062,-1.002520,0.736538,-1.348854,-0.719868,3.015453,2.121899,2.373646,0.997906,-1.055037,4.426001,-2.179605,2.363092,2.157774,3.075731,7.871275,6.155434,0.113070,-6.778381,2.788830,1.675652,-4.451757,-1.774141,-3.373331,1
-4.163002,-0.824081,1.235401,-0.610968,-9.782990,2.546486,-6.332376,-3.373247,-5.870022,-4.861055,4.016237,4.394711,-0.411587,0.413179,-9.580270,-4.589096,2.030046,-3.444443,-7.116735,-10.728662,0.045649,0.326376,5.643032,-5.762924,0.107395,4.431013,5.053169,-0.839363,-0.667974,6.681755,-2.227993,-3.010654,0
1.412266,0.056799,-4.973642,1.013655,-3.319576,8.811518,-0.206512,-0.364033,3.079258,2.371735,-2.576979,6.118683,6.179884,0.433815,5.575029,7.595280,-4.324707,6.194195,1.667965,-4.352221,-0.103924,-0.110680,-1.824129,-4.617130,8.085428,-9.624716,-4.729959,2.714716,-0.853884,4.081202,1.980881,7.805548,1
-1.763050,0.629416,-3.566515,5.976515,1.113605,4.483904,-3.098959,5.772568,-9.229965,9.332247,-4.993008,-0.508682,-0.159004,1.886395,-0.776592,-8.599758,3.048157,-4.830631,2.497322,-4.480694,-2.454222,-8.143833,1.770664,-3.801786,6.051825,1.760336,-3.921003,-0.908817,2.339680,-0.962620,-4.003021,1.100967,0
-2.869438,5.050283,-6.233105,3.615551,0.691088,-4.778652,-6.394013,-2.108654,6.577236,-3.869802,7.730457,2.425829,3.257771,0.264435,5.733040,5.212877,2.226898,-2.972736,0.823786,8.799606,1.459209,-3.192804,5.975912,-1.171097,-2.364248,1.204950,7.637413,-3.671339,-2.608454,-1.442247,-4.206570,-6.916126,1
4.114351,-0.787874,-2.101046,-3.579035,-3.694664,-4.602644,7.115870,6.156729,-6.861660,2.553862,0.545658,-0.623337,3.731306,2.630550,3.988192,-0.913715,1.560440,3.210489,4.360455,1.002703,11.892271,-6.525610,-3.760944,2.518215,0.562990,3.226294,1.589523,0.936239,-3.818407,2.721739,2.594212,-0.109249,0
1.126825,3.655567,-1.874701,-10.252973,-5.599988,-3.950844,5.346581,0.846317,-1.976624,-0.345652,-4.007475,-3.574303,-8.386551,-1.442261,-3.177811,9.751387,-3.481714,-6.782184,3.947041,-4.128048,-2.859118,3.654358,-0.774206,-1.338425,-7.418458,1.349110,5.523821,-2.915014,1.386715,-4.183826,-4.135307,1.658102,1
-6.069756,0.807598,-3.401356,-0.024946,0.502378,2.655270,7.132784,-6.066675,10.024786,3.578157,2.229961,-3.961508,2.235592,-6.204746,7.148993,-4.714525,-2.302433,-0.880407,2.079433,-0.277002,-0.593096,-7.385231,-2.935339,-2.606306,-9.320573,-5.092062,2.456961,-1.595232,2.229769,0.634216,3.397982,-1.384483,0
4.512146,-1.751259,-4.045736,-7.844841,-1.353460,-2.632458,-0.443972,8.440042,-2.025965,-2.004484,2.452364,1.860773,-2.421278,3.387157,-5.550441,-4.427893,3.051767,2.567434,-0.674376,-0.454529,-0.660727,4.943758,-1.563160,7.848240,5.689196,0.611605,1.876492,-4.921326,-1.835325,-4.958706,4.850983,9.978048,1
10.183561,-8.801173,5.978071,-4.550417,-0.484186,-4.546093,-1.653154,0.161713,4.399429,4.011847,-4.944138,-2.771799,1.998915,1.205946,-6.911741,3.761412,0.761736,3.569492,2.225014,2.384373,-5.647970,3.643358,2.177914,-3.059721,-0.287607,2.084383,-7.678920,-5.877075,-1.769207,-6.961832,3.234238,3.269445,0
-0.006763,-0.344667,7.621752,-0.857561,7.026253,-5.750596,-2.379326,-9.141721,-4.608501,0.792883,7.137877,2.082178,-0.403479,-0.609455,-1.928217,3.141146,-3.351206,1.928198,11.674238,-1.550793,-1.363743,3.082573,2.346056,6.626535,2.282095,-2.033545,-3.354853,3.241137,4.731731,1.984913,2.890505,3.182344,1
-0.128187,-0.872553,-7.385618,-0.539230,1.788340,5.092573,-1.608803,-1.572739,-0.842674,1.414970,3.224028,-1.323698,5.524261,-9.772247,-5.767834,4.191370,-0.281893,-0.280214,6.695808,-7.773108,-3.872766,-5.634115,-7.829624,-3.808638,-11.396411,-6.189764,0.411058,-11.115580,4.210281,-4.399757,-8.304807,-0.903851,0
2.471045,3.364153,0.105032,-0.154137,1.977242,11.778204,-0.234877,0.887043,6.799023,6.684816,2.200930,1.783754,-6.980559,-4.545275,-6.872355,-2.108387,0.853024,-2.881123,4.983276,0.799294,2.027399,-2.097324,3.675631,-2.298262,-12.213978,-3.475576,-5.566673,8.510380,6.619471,-1.910414,5.884932,-1.407358,1
6.605894,2.047611,-0.488466,-7.086229,-5.947077,2.468674,2.869543,-3.838537,1.434101,-2.199547,-2.623032,7.223745,-5.037655,-4.273720,-4.562309,-5.826723,-1.358160,-2.798233,0.689978,1.060759,-2.285156,-2.803465,-7.991447,-5.981276,2.218842,6.089334,-9.132266,5.859135,-3.887985,-2.224571,2.304348,-8.781017,0
-0.550375,4.542950,1.887346,-1.655754,0.062536,0.814371,-1.310606,4.606266,2.771778,1.708027,10.563370,-0.712973,-2.260895,7.813293,1.150372,3.732628,0.975481,-2.647861,-0.837841,8.215157,7.537535,5.921677,1.217926,-3.528145,-2.872395,1.160934,0.970264,-4.720348,-5.674232,10.572866,-1.646809,-6.300540,1
-2.425690,6.834568,-2.065315,-4.818888,6.253672,2.767517,-0.776560,-2.847246,-2.136400,-0.785816,0.553213,-0.685190,4.838430,-2.933060,-5.208582,-5.792719,5.418764,1.813391,-4.899839,0.231543,-8.473092,0.048447,3.132301,3.525366,-5.498980,4.260683,-2.832428,1.517435,-1.147600,3.334002,1.486307,1.508522,0
-5.377019,-0.854288,4.362186,-1.280504,1.630665,-4.515690,-0.234297,-0.440559,4.119898,-1.371840,-3.071131,-4.019861,3.761396,-7.475614,1.817373,3.345602,3.219784,2.946184,4.449316,-1.951077,16.224237,-1.688578,3.076906,5.120497,4.621687,1.643839,0.653416,-2.852247,-12.321757,4.082054,1.175526,0.632748,1
4.454973,-7.553621,1.655066,-3.620333,2.679794,-6.241087,8.005859,1.447596,1.051638,5.663790,-4.939846,-2.737919,1.420734,-5.602100,-0.255741,2.854071,-0.631069,-5.873871,1.390207,-3.145594,1.180239,-7.268118,-1.309391,2.700277,-2.749329,4.274784,0.491829,-1.296616,1.645893,7.038071,-4.497972,-5.302992,0
-2.288561,-4.562862,9.735140,-1.327148,-3.464481,2.949543,-4.444502,1.781313,0.378574,-7.793371,1.520041,0.029703,0.449640,9.320892,0.302574,0.297342,2.310896,5.018562,3.323294,1.826574,-1.358315,5.303127,3.827545,3.682636,8.338663,8.912420,3.027618,10.739725,1.790613,1.618229,0.297852,-1.635918,1
-4.035397,-8.690903,-1.811646,-3.071337,-3.861366,-0.207052,-1.138134,-1.674635,-0.013952,-4.138042,-1.309597,-3.228786,0.311708,1.327078,-5.911516,0.355486,-2.081932,1.633139,-3.250069,-1.178053,0.668398,1.280094,3.727972,7.290359,-5.324425,-6.118046,-3.785418,2.603773,-5.896715,0.108076,-10.887854,-4.238756,0
1.724752,-0.234369,6.085314,-9.479998,1.249144,-6.255871,3.202103,3.464371,5.379667,-3.945740,0.729879,-2.306881,0.289145,-2.504189,0.511509,1.526215,8.011858,2.002953,1.031698,-2.841600,1.668428,5.512741,-0.888634,4.599419,-6.936633,-3.293085,4.513336,-2.138229,-2.987988,1.918655,-5.931055,3.733364,1
-2.614519,-2.244474,-2.519211,-2.213306,2.452944,9.794336,3.957962,-2.963482,8.653387,2.358097,-1.371557,0.744215,6.580317,1.913265,0.969208,-3.472126,-6.556578,-12.746290,-2.637192,-1.198570,0.419132,3.347275,0.679398,-0.007280,-4.463989,-6.448683,-4.627985,2.400927,-10.004946,-0.640841,0.729734,0.865034,0
-1.846739,2.642759,2.126589,2.578512,-4.152006,0.955435,1.353350,1.663246,-4.017246,-1.149729,6.670200,-5.103050,10.161554,-2.467089,2.244070,9.008976,-0.138477,3.383240,-2.144541,5.403894,-5.380609,4.654665,-2.016155,4.909113,4.708143,0.063000,-3.775087,-3.286932,6.132786,5.004822,4.780107,-6.853500,1
