-1.716730,5.392143,-4.968102,-12.836932,1.624510,0
-0.414413,5.151279,-6.899096,-8.246242,6.925535,1
3.893152,1.091311,1.274225,4.575010,6.119066,0
4.640503,4.191723,7.817265,1.700005,-2.099648,1
-5.469578,2.896992,-5.934212,-1.316719,-1.877338,0
-2.491484,0.189205,0.899902,3.068047,6.312916,1
3.086390,4.802561,0.798765,-4.740789,3.568497,0
0.628002,1.075264,-3.041267,6.443104,3.722027,1
7.148077,-5.974165,-3.205976,4.027439,1.066576,0
8.575365,-2.925831,6.276695,-3.382603,1.000744,1
-3.917320,-3.548805,-0.273876,-2.675138,-5.840893,0
4.160528,0.210066,7.521606,7.683643,4.161200,1
-1.217148,-2.942707,2.512644,-7.517564,-0.266834,0
5.698406,4.646973,1.267027,4.129993,1.038572,1
-5.659473,4.385889,-3.014580,-4.607967,-3.051458,0
3.932493,1.465010,-7.974720,1.372753,0.864021,1
1.712807,-5.037779,-6.935556,-7.881094,-0.937559,0
-5.748581,0.792459,6.254833,0.856810,1.349314,1
3.330696,-6.903368,1.284374,-4.466038,-6.512899,0
5.014683,-9.457941,5.827469,3.595997,-1.367056,1
-6.193932,5.714312,-0.805792,-2.827036,-8.971129,0
-8.377184,-0.860075,2.020014,5.468363,0.123993,1
-5.542778,-2.376263,10.261269,3.339790,2.300535,0
6.299110,6.769041,-2.087397,1.087858,11.164764,1
-1.954716,-2.512047,0.262812,-4.548616,-6.445549,0
4.123556,2.249596,-6.731797,-3.825504,-5.777324,1
-1.912832,-2.479837,0.044828,-4.154234,-0.886189,0
0.922621,-0.275644,0.264879,-1.129482,-3.211166,1
0.501514,-1.496353,4.772713,0.197308,-7.145420,0
1.956514,1.689539,5.851719,1.058464,-6.142948,1
2.353794,-4.058289,-1.674606,-3.146450,-6.610315,0
2.039833,-0.264271,1.728800,-0.919336,1.901390,1
-0.947401,-1.177128,-4.785797,0.897341,-2.992361,0
-3.362272,-3.450346,5.078268,-2.658297,-2.510916,1
2.368265,-5.878147,-0.758505,3.301107,-7.120634,0
-0.367054,6.119064,-3.804350,4.272301,-1.572233,1
2.168396,-7.155666,-0.946074,-0.297510,-6.779016,0
-2.890059,-2.400841,8.374290,4.411322,0.324230,1
-0.254829,-2.085426,-0.891872,-1.299995,-2.604307,0
6.282944,-1.583540,2.538687,5.815372,4.597700,1
-1.151745,0.418188,-2.673786,-2.413198,0.315639,0
11.078827,0.361961,4.267368,2.868937,-3.522943,1
5.204485,1.761824,-2.930759,-4.126167,-1.803850,0
-4.480530,-2.586555,-0.380985,5.065109,0.041689,1
-4.455189,-4.590158,1.836391,-6.780573,-10.834092,0
9.791597,-3.640244,-1.862654,-6.937988,5.303108,1
7.811457,-1.269648,3.314640,8.606825,7.831444,0
-1.431496,4.297581,9.233618,-2.291531,-0.421131,1
2.817154,1.937214,-3.123890,-0.131144,4.874300,0
2.991760,5.276810,-0.420601,7.021807,-5.275415,1
-4.420351,-4.364985,-4.271931,-5.090000,1.838228,0
-5.315031,5.787214,-3.375280,-2.009596,12.088879,1
-2.584246,1.474520,-7.344715,-12.212453,0.390474,0
-0.532974,5.028790,7.719927,8.248312,0.818863,1
4.525259,-1.630981,0.648323,-9.161334,-7.654002,0
0.328964,-3.530321,-1.546036,4.908504,6.297184,1
-2.123577,0.103346,-1.898872,-2.089052,-0.821123,0
2.914310,4.488779,0.083733,-8.631667,1.122652,1
5.225800,-5.675114,1.502571,-4.590694,2.955946,0
11.242729,-0.388432,1.345402,-1.421316,-1.930122,1
0.711201,-9.595810,-4.460009,-1.080189,5.018675,0
-3.235409,1.589399,-0.950754,-0.830208,0.553915,1
-0.521650,-3.492746,-1.571236,4.375233,-1.717907,0
-6.505363,6.912016,-4.725346,-0.686413,0.762287,1
1.847628,-4.903017,-0.986206,2.261023,-4.259644,0
4.458721,-5.680068,4.094465,-0.843126,4.764706,1
-1.754526,1.586624,-5.053699,-1.560198,-7.557075,0
-2.235104,2.006992,-0.107559,-4.894619,7.337233,1
-3.934551,9.862495,-2.559210,-3.281387,-2.867439,0
4.208530,-7.128875,-3.918074,1.747084,-6.314055,1
-1.269093,1.387829,7.316189,0.314909,-1.318396,0
-4.328152,-3.635151,-1.838167,-2.279852,-2.768843,1
4.320520,7.275635,0.633396,-0.606197,12.699093,0
5.554018,4.627861,-5.789775,-2.327951,3.362514,1
-2.805691,5.643064,-9.301277,-8.182614,3.781801,0
5.270988,2.276606,5.406069,6.162415,1.642952,1
-6.118166,-1.814867,-4.120356,-5.482382,2.121315,0
1.108524,6.094999,7.210894,-0.175474,-10.186396,1
8.025331,-4.072731,-2.635881,8.572920,-4.800674,0
2.274799,5.572275,-1.602884,-0.882551,0.652781,1
0.711617,-4.927994,1.452682,-1.972048,-0.464748,0
-2.070662,0.056553,0.459333,-1.340660,3.442226,1
2.733599,-1.944803,0.118568,-2.340992,-2.645828,0
3.033546,-4.126339,-1.758238,0.586155,-1.491758,1
-2.758471,-1.130297,0.434952,-3.737371,-4.834187,0
0.641071,-5.023560,-3.280729,5.956888,-3.863621,1
5.697884,5.367502,-7.470325,-0.799099,4.881651,0
-1.683245,-3.891617,-0.180666,2.260910,4.552114,1
0.771542,-3.349676,-0.924904,7.051880,2.817005,0
0.538145,0.088032,-0.334738,-4.183287,1.696585,1
-2.290665,-1.021164,-2.325525,0.099157,-2.305319,0
-0.369186,1.586531,-0.048101,4.508234,2.780313,1
-0.913830,-4.768995,-0.104073,0.053940,1.270473,0
-2.248537,7.826361,1.366707,-2.142693,3.087273,1
-3.782963,8.909096,-0.231756,-2.429449,2.982639,0
7.887932,1.302757,-3.779137,-4.599403,2.788544,1
-5.121704,-1.595081,3.338737,3.657379,1.842266,0
0.771872,-3.759996,-6.727706,4.335789,3.900604,1
7.019405,-2.847797,1.371716,-6.153328,-4.061768,0
1.090055,9.774240,-1.935959,11.132114,-2.726500,1
-6.123604,2.393526,2.642408,0.464899,1.511946,0
6.547684,3.318754,-1.751358,0.609779,4.915983,1
-1.923096,0.172617,-5.192749,0.788919,-8.202757,0
-5.386030,-1.830261,-2.532705,1.816145,5.412840,1
0.214737,-5.039434,-4.171181,1.743937,2.104385,0
10.439365,0.672476,-0.829468,-0.853365,8.014507,1
-1.354515,-0.694599,-0.917273,1.738358,-0.748785,0
5.594950,-5.170284,3.660555,3.779493,-6.809093,1
-1.399469,3.587063,3.444599,-0.553072,-3.549980,0
6.079891,6.934099,8.064079,-4.382408,1.508957,1
-6.073565,6.571817,-1.097509,-5.004477,-10.518029,0
-3.157446,1.295731,-9.218390,-4.583254,-0.842424,1
1.780849,2.058268,-2.840094,-1.488401,-4.823029,0
-3.357748,1.099020,2.861752,1.887798,5.785307,1
2.441236,-1.773918,2.133671,11.239071,-5.569658,0
-1.283058,4.944538,-4.250753,5.065996,-5.833050,1
7.657614,-8.529449,-0.487005,-1.859606,0.251331,0
6.843891,-0.485865,1.666338,0.196144,2.437346,1
3.810198,-2.966192,-1.475252,-13.600432,-5.361509,0
-0.088648,7.467106,-0.246069,2.378309,-4.851482,1
8.968178,-0.881910,2.673143,6.432531,-5.954863,0
0.375938,11.288582,7.208313,2.478415,-6.451648,1
-9.429349,-3.825617,-0.426447,0.428221,-7.485088,0
1.481327,1.748611,4.857283,-8.979977,1.205738,1
-5.794252,-0.495749,-1.345856,9.971081,5.359774,0
3.586460,2.129148,1.809259,1.787556,10.264862,1
-3.956591,1.823977,-5.829809,-3.312923,2.375969,0
7.081886,5.300188,3.863180,0.778240,2.844307,1
-4.772558,-7.471112,1.228247,8.395763,1.202330,0
5.262295,-4.992430,0.820826,-6.443468,2.622746,1
-0.705410,4.421265,-3.787449,7.684429,-1.340586,0
4.200947,5.820272,2.958620,-0.737762,2.153643,1
-0.055811,-6.181414,-1.004255,-5.009523,10.790264,0
5.481192,0.177998,0.503815,0.888950,-3.477453,1
11.802639,-0.889187,-7.580967,-2.310724,6.388329,0
2.086821,-3.697214,-1.453932,-0.950790,-1.445482,1
5.024204,7.256285,0.403355,1.072588,-0.792027,0
-6.093584,-0.334175,1.868120,2.052616,11.163742,1
-1.451984,-1.481409,6.996086,-4.171267,-0.172577,0
2.458628,-1.393757,2.328690,-4.547089,2.778214,1
0.531313,-2.578114,3.038942,5.827305,5.509256,0
-0.812599,12.584003,-6.869574,-4.696857,4.966562,1
-0.957031,9.952183,0.542398,1.197502,-1.891790,0
-0.616495,6.409149,-3.667046,-3.281509,-4.485853,1
1.314636,-1.481184,-2.635489,1.980198,-3.890791,0
4.094488,5.670322,-1.821156,1.657946,2.039162,1
4.865700,-5.596270,-5.272301,0.683914,3.099226,0
3.810989,6.350880,8.372639,-1.464302,3.576950,1
-0.049421,3.585369,0.854013,0.088728,-4.878141,0
-3.842762,4.060944,4.211081,0.310801,8.641151,1
4.269590,-3.342875,-0.998156,3.323616,-8.628243,0
-1.041517,0.894791,-2.856583,1.395533,-1.433081,1
-4.377968,1.357960,12.078323,-4.126261,-3.579477,0
2.829306,3.416887,0.699579,5.560528,5.514887,1
-7.468554,5.285637,0.689861,-0.450472,-2.489906,0
-1.011353,0.554613,1.190128,-1.031950,7.365282,1
7.468412,-0.945997,1.183729,-0.033911,6.643620,0
1.115479,-1.511969,-0.692337,0.911629,-4.623434,1
-3.716433,5.315104,-13.814032,-5.863859,-4.975767,0
0.552673,6.267727,7.197887,2.848366,-2.611940,1
6.982819,2.598841,2.867746,-5.374191,4.756001,0
5.476357,6.486216,8.435564,6.404165,5.569698,1
1.140709,-0.052116,9.377087,-1.010738,-4.742966,0
1.759100,5.890457,7.289476,4.068504,2.406858,1
-2.532579,0.539310,3.139446,4.346447,-0.739855,0
-4.011339,-0.701609,-4.116110,4.269375,3.090004,1
0.727579,4.343370,3.533482,2.774307,-2.277222,0
-10.638302,2.829861,2.785433,-0.509825,-0.823257,1
-4.122265,7.830307,-7.524326,4.784485,2.543938,0
0.292814,3.542767,-6.054735,-11.606941,-0.887934,1
1.582083,-4.449381,2.338539,-7.192522,-0.759481,0
12.651302,2.985809,-6.253727,4.667896,3.849836,1
-9.860996,10.878403,3.141356,1.845074,0.268206,0
1.203907,-6.429732,-0.482754,2.805712,5.148146,1
-2.127222,-2.768456,-0.998545,4.685167,2.175003,0
-0.316534,-0.939404,5.294228,2.668423,0.536528,1
1.655704,2.351383,-1.078697,-10.653913,-2.023357,0
3.824867,3.202534,4.869278,-0.691067,4.615211,1
-3.506475,-4.350084,-5.731569,-0.666716,-6.764355,0
4.989382,-11.021893,-1.525509,1.191170,-1.761944,1
2.170086,1.035461,-1.004522,2.084650,5.705757,0
2.621933,2.705196,8.870663,2.090162,2.571171,1
-6.398703,-0.692078,-0.053997,-7.254147,-4.326225,0
-3.038471,2.338610,1.401999,-2.546705,0.064608,1
2.778727,-0.782448,-1.585161,-3.660864,-3.923779,0
0.355055,4.991325,-6.376251,-4.008465,3.699774,1
1.495275,-9.520140,1.514248,-6.429577,-0.516840,0
-3.236763,2.023348,-1.236994,-3.915594,-4.372992,1
3.714582,7.833996,1.223164,0.470455,4.633972,0
-1.609783,4.182251,1.341930,-1.385429,9.249769,1
2.729946,-2.306839,-4.932968,2.102598,-4.311968,0
0.055309,1.332851,-6.717594,4.959591,5.350826,1
4.263577,6.746056,2.774427,4.516304,9.662094,0
-1.029253,-4.595373,3.616388,-7.884287,4.525459,1
-1.307106,-5.587866,4.093897,2.011942,6.756590,0
-8.226997,-1.931089,-0.593191,9.088842,-0.680584,1
0.562296,8.295769,7.942865,-2.647532,2.692501,0
-6.146475,0.285860,-3.897661,-2.024883,-0.233782,1
1.688986,1.459301,5.883780,-0.843517,-3.403612,0
0.304703,-8.931081,0.194582,9.142221,7.559170,1
-0.510691,-0.820751,-2.348568,-4.159498,0.990850,0
-7.407562,5.231567,-9.367142,7.332104,-6.045853,1
0.767700,-3.009176,-6.937923,2.780758,1.245193,0
-0.318188,3.526489,1.318153,0.316195,-5.254065,1
-2.607847,2.276031,8.723225,1.748482,-9.043723,0
3.669088,-4.507088,7.172756,-3.505537,2.197647,1
-1.284187,0.432198,5.050419,-7.206606,8.077065,0
2.766500,-4.716351,3.496300,-9.000222,0.522057,1
-9.075704,4.224991,-5.470400,-2.254280,8.026325,0
-3.067335,1.603163,1.649866,5.128397,-6.893847,1
3.813709,-4.525209,-4.519491,-0.354073,-2.148083,0
-8.192719,-0.130217,4.624725,0.864857,7.339319,1
0.901295,-4.090084,3.547749,-2.459862,-4.508045,0
-5.120508,0.882727,3.052813,3.060263,4.076954,1
4.818815,-9.362411,3.721983,-5.516211,-6.141855,0
-5.058632,3.029747,1.859467,-8.406148,3.251804,1
2.194349,-6.667141,-0.366066,-5.793394,-4.002464,0
-5.125677,-0.820000,-7.431011,4.707626,-2.239597,1
-0.210423,2.502256,-7.762996,-6.213814,-4.061123,0
-1.869987,1.224922,-0.212082,7.432005,2.979797,1
1.718662,-3.606390,-2.721830,-5.669113,1.733767,0
7.615505,-2.986135,9.213715,-4.133430,1.893463,1
-4.147964,-0.398432,-14.655169,2.439329,-1.302265,0
5.719517,1.434341,-1.551727,-7.955429,-5.348185,1
5.613274,1.807302,-4.977148,-10.822915,7.127213,0
-0.491249,2.638302,0.588444,-3.486990,-0.190619,1
-3.471430,-3.833876,-4.489544,5.293837,-4.097647,0
2.517704,1.985334,2.578230,6.177326,6.464346,1
4.255331,-4.260098,-7.356543,-2.193277,-10.427896,0
-0.855980,6.367680,1.229528,-0.500326,-3.007732,1
-0.714102,4.911032,0.558870,-3.352575,-1.765001,0
1.975925,-2.022917,6.715338,2.611115,-0.388018,1
-0.637798,-3.669161,3.928345,7.795391,-1.273062,0
3.382996,0.848036,1.596243,5.714188,10.429890,1
9.709671,-4.030041,0.413584,-3.657976,4.903662,0
-2.551664,4.357637,-4.461212,5.318214,-1.829205,1
2.393156,-7.129105,0.422194,-3.775621,-2.457855,0
-11.487358,-4.977514,1.371885,1.336071,-4.601917,1
-12.882758,4.354750,-1.758410,3.877771,-5.094418,0
-12.244560,-4.991661,10.954475,0.237095,2.882294,1
-0.324442,0.184128,6.031979,-1.991037,-1.498459,0
-3.525606,2.449856,8.363653,-8.324303,-1.638885,1
-8.446559,5.171593,-2.975555,-3.703785,5.240108,0
-0.723064,3.831667,-4.609789,-3.541758,7.279577,1
3.641569,-0.820751,-8.229408,2.383625,-2.502863,0
2.517982,-3.422695,-5.092409,-3.824989,-1.179247,1
0.954372,2.074774,5.447393,-0.378597,0.029089,0
-0.658609,0.585562,2.970451,-3.165319,0.862778,1
1.999790,-9.714049,-0.528006,-2.209253,-2.990816,0
1.268749,4.631157,4.990713,-1.653063,1.456512,1
