-1.716557,-1.580308,0
-0.741714,2.634986,1
-2.306015,-1.635225,0
0.231670,0.872749,1
-2.000885,-0.680519,0
1.584158,1.112954,1
-0.852783,-1.090956,0
-2.069390,-1.112050,1
-1.826326,-2.186805,0
0.452080,0.043946,1
-2.258240,-1.724133,0
1.661314,0.980510,1
-1.507528,-1.531782,0
1.465994,1.544445,1
-0.499561,-2.259424,0
0.140995,2.512561,1
-1.739941,-1.637657,0
1.048942,2.288455,1
-0.304963,1.977083,0
0.887394,-0.557928,1
-1.064342,0.885721,0
0.145515,-0.431171,1
-1.202702,0.008136,0
-0.022892,0.209535,1
0.274988,-1.557916,0
1.952864,0.660444,1
-2.039151,-1.016111,0
1.014666,3.108958,1
-1.015622,0.232972,0
2.864449,1.911593,1
-2.806851,-0.727277,0
1.633740,-0.691293,1
-2.777903,-0.826436,0
2.223375,-0.546493,1
-1.784869,0.089665,0
0.074326,2.096567,1
-1.324626,-0.119933,0
3.832408,2.386193,1
-1.261920,-1.192143,0
0.641824,-0.251887,1
-2.748774,-2.083644,0
0.777003,2.260000,1
-0.715226,0.656366,0
2.842595,0.236511,1
-0.255954,-0.012662,0
-1.755911,1.541404,1
1.093009,-1.981703,0
0.654476,2.078721,1
-0.896694,-0.810952,0
1.127982,-0.513922,1
-0.070671,-0.079329,0
-0.449982,0.087488,1
-1.054649,-1.354404,0
0.673199,-1.335056,1
-0.814951,-1.425007,0
1.880640,1.376680,1
-2.461022,0.342754,0
-0.689636,-0.330391,1
-2.018738,-1.177966,0
1.988179,-1.710673,1
0.042250,-0.815914,0
0.793347,0.847891,1
0.025883,-1.453771,0
0.586497,1.563293,1
0.300025,-1.818499,0
2.290575,1.847596,1
1.301165,-1.137519,0
1.448470,1.156907,1
-2.127316,-0.217559,0
-0.002054,0.673460,1
-2.151895,-0.608554,0
1.961188,0.749471,1
-1.036432,-0.646330,0
1.182057,1.783583,1
-1.382465,0.993191,0
0.560145,0.006997,1
-0.829216,-1.582378,0
1.701006,0.972021,1
-0.942235,-0.995251,0
1.362779,-0.041106,1
-0.468005,-0.520062,0
1.159148,1.427834,1
-0.126540,-0.435551,0
0.305680,0.404906,1
-0.103456,-0.982155,0
1.482294,1.055010,1
-2.844446,-1.980283,0
0.357055,1.509251,1
-0.613345,-0.970063,0
2.798927,2.780341,1
-0.232921,0.256597,0
-1.211557,0.968051,1
-3.281187,-0.053842,0
2.553548,0.318313,1
-2.057472,-0.902571,0
1.786523,0.999770,1
1.290094,-0.193995,0
3.494993,3.291222,1
-1.891569,-1.603864,0
0.475295,1.434210,1
-2.926804,-3.050132,0
2.044635,2.421227,1
-0.422847,0.871487,0
-1.891402,2.801321,1
-2.871294,0.703232,0
1.607703,0.532386,1
-1.238964,-2.665285,0
1.226797,-0.424790,1
-0.699841,-1.588434,0
0.792257,0.991255,1
-1.146228,-1.298198,0
1.600939,-0.116511,1
1.040475,-0.563528,0
-0.221046,2.285165,1
-2.998329,-0.897384,0
1.118310,0.875372,1
-1.455329,-0.506018,0
2.835639,2.844205,1
-0.153042,-1.882532,0
1.138422,1.043272,1
-0.175002,-0.880982,0
0.779876,2.254543,1
-2.343027,-1.885903,0
1.255543,1.909096,1
-1.563564,-1.157126,0
1.741508,2.064659,1
-1.747865,-0.039211,0
1.862327,1.946361,1
-2.040219,-1.909489,0
-0.446548,0.505940,1
-0.987532,-1.224247,0
0.273284,1.040213,1
-1.669590,0.013323,0
0.130518,0.100560,1
-1.275899,-0.718065,0
-0.146917,0.476785,1
1.672974,-1.483861,0
-0.103460,-0.667140,1
-2.775555,-1.082538,0
-0.281003,-0.631304,1
1.606223,0.406787,0
0.935792,0.559208,1
-2.239438,-0.767545,0
0.571904,1.501481,1
-0.394532,-1.589304,0
-1.584877,0.583873,1
1.439875,-0.221855,0
2.944291,0.957163,1
-1.348377,1.102824,0
-1.598038,2.481678,1
-0.964918,0.164400,0
0.640042,3.399273,1
-0.599773,-1.029294,0
-1.006015,3.606499,1
-2.241224,-1.821939,0
1.439198,1.382659,1
-0.024947,-1.312649,0
2.904408,1.192084,1
-1.278094,-1.478436,0
1.078929,1.046512,1
-1.425944,-1.617283,0
-1.390693,0.173060,1
-0.121315,-0.993917,0
0.805993,1.036415,1
-0.150610,-1.951313,0
1.508325,0.441545,1
-1.433915,-0.976463,0
2.370078,-0.252420,1
-1.885252,0.369287,0
1.694670,-0.290237,1
0.512832,-0.119695,0
3.053977,2.461370,1
-2.044596,-0.098217,0
1.827055,2.519275,1
-0.005292,0.735558,0
1.454936,0.343034,1
-0.868881,-1.284432,0
1.852251,0.071586,1
-1.855765,-2.634929,0
0.669962,0.043545,1
-0.479089,-0.126521,0
1.034645,-0.327156,1
-1.453084,-1.820138,0
1.368189,1.695868,1
1.372056,-1.025691,0
0.887578,0.225450,1
-1.835709,-2.619331,0
1.229661,2.459921,1
-1.927356,-0.674164,0
2.392493,0.480305,1
-2.134211,-3.141815,0
2.614622,1.906260,1
-2.756884,0.122174,0
-1.070873,1.674357,1
-1.507054,-0.032321,0
0.649442,1.111069,1
-1.021307,-1.524645,0
1.867840,1.772278,1
-1.615368,-1.227891,0
1.871301,1.424979,1
-1.794453,-2.115490,0
0.078161,2.701591,1
-0.347119,-0.646218,0
-0.357221,0.806587,1
-0.131514,-1.160622,0
1.009909,1.308669,1
-0.118819,0.682919,0
3.165586,2.284500,1
0.534601,-0.479197,0
1.415461,0.875933,1
1.023118,0.639650,0
2.816178,3.508675,1
-4.076025,-0.232367,0
1.961628,2.011444,1
-0.423522,-1.034182,0
-0.122533,-2.156232,1
-0.100064,-0.549175,0
-0.041544,2.265730,1
-1.672840,-0.095151,0
0.117640,1.142058,1
-1.280361,0.263591,0
0.833564,3.508873,1
-1.482527,-0.704873,0
2.434537,-0.416911,1
1.170117,-2.250216,0
2.779189,1.511197,1
-0.248739,-0.875577,0
2.626333,1.306192,1
-0.598223,-0.052207,0
2.491446,0.903863,1
-1.007168,0.085981,0
-0.899145,1.093696,1
-0.192351,-0.553871,0
0.564171,0.070676,1
0.316202,-0.278712,0
2.339638,3.608145,1
-0.104716,0.383713,0
-0.435392,1.348813,1
-1.019558,-0.467565,0
-0.714457,0.875598,1
0.547506,-1.162366,0
-0.015203,1.746899,1
-1.053577,-0.977401,0
0.421602,0.420744,1
-2.896365,-0.888978,0
3.014510,1.233356,1
-0.687900,-2.709218,0
1.857183,3.370783,1
-1.653587,-1.088279,0
0.797627,1.600888,1
