-1.471888,-1.237933,-4.460719,-0.414429,-0.890421,4.765162,-3.080500,-2.102683,0
6.894254,-0.622705,-0.446587,4.539672,3.197044,-2.110214,-1.568463,4.918525,1
-3.332093,-1.417837,1.716025,-1.164409,-0.597764,0.688948,-5.440897,-4.965798,0
2.019672,1.618047,0.839972,0.579809,-3.719228,3.468548,-1.821880,-4.286115,1
-3.842065,-0.261490,-2.948293,-1.462959,0.771009,0.526940,-2.264807,0.970572,0
-0.150585,0.928229,2.879187,2.015236,1.549001,1.003206,-1.811341,-1.118284,1
-2.541434,0.245347,-0.613186,-5.330348,0.808167,1.784983,-1.028392,-1.035137,0
1.735901,4.253087,3.131451,4.542829,-4.095093,2.761337,1.256704,0.898890,1
-2.650985,0.143914,2.293223,-1.766673,-1.406560,-1.591377,-3.705898,-4.822158,0
2.429104,1.358421,0.880853,-0.124608,1.948742,0.975004,-1.646644,1.481151,1
4.035232,-1.551117,-0.222055,-1.460999,-1.069496,1.309938,0.097295,-1.745888,0
0.552780,3.809669,5.517318,1.654777,3.951991,-0.636080,0.007877,-3.813430,1
2.527168,-0.760824,-0.539446,-0.148307,0.772405,1.676724,0.583947,-2.978049,0
2.693225,3.369083,1.479174,0.432781,-0.196717,3.473448,2.935018,-2.311893,1
-4.951238,1.018960,-0.466649,-2.237956,-2.563156,-2.064582,-0.466575,-4.497640,0
1.700109,0.449625,-1.828215,2.713817,-0.355131,1.647780,1.160575,4.885693,1
0.878185,-1.982058,-1.514674,-3.904309,1.544242,-6.293262,-3.080482,-2.610687,0
-1.869305,0.934950,-1.910134,-2.118470,0.016062,-7.217555,5.403032,-0.591595,1
-0.256643,-3.358047,-0.132006,0.124974,-0.217895,-1.431763,3.412616,-0.532089,0
-2.281719,-3.264030,1.118874,0.906366,2.728475,0.496492,-0.002963,-0.602238,1
1.783917,-1.638075,1.154969,0.045966,-7.108716,-1.445969,-0.206291,-1.468789,0
0.264126,-0.783624,0.094304,0.783214,3.506207,-2.602687,-0.794307,0.500486,1
1.274040,0.088483,1.248110,-0.859574,0.569146,1.389352,-1.124948,0.241542,0
-4.015246,1.356512,0.930224,5.978625,3.196975,0.092488,5.023190,0.261776,1
0.091368,-3.283353,-1.403624,1.830347,-0.265245,-0.531147,-0.619925,-4.273497,0
3.073627,-0.032146,0.341114,0.728018,4.543433,1.312625,2.059991,1.153065,1
-0.183366,-3.312609,-1.225242,-2.865546,-0.893709,-3.148575,-0.935086,-2.244779,0
-1.666700,1.159978,1.638680,1.221225,2.704773,-0.069316,1.477616,-0.939908,1
-1.384389,-0.052165,-3.237377,3.118391,-4.641754,-1.682527,-0.866603,-0.790524,0
-0.298984,2.770310,2.911532,2.798443,3.558291,4.493921,1.355862,1.746319,1
-2.353535,0.710825,-3.391142,1.110004,-1.870224,-0.959387,-1.786935,-1.577058,0
0.081923,5.649086,0.883205,3.009377,0.554381,0.686635,1.048463,0.430988,1
0.923450,1.391435,-0.585912,-0.547273,-1.810942,-2.800119,-1.554858,-0.947145,0
2.781157,2.935026,2.624655,2.248200,2.027218,1.900627,6.486400,3.125552,1
-5.390342,-0.235444,1.765324,-2.952719,-6.771393,-1.626768,1.116555,-1.100677,0
2.292842,1.213468,1.063013,3.568659,-2.727996,-0.181788,4.029396,0.482776,1
3.144074,-0.060285,-3.837567,2.538110,0.472591,-1.129889,-0.951405,0.477610,0
2.969971,2.935904,1.448597,1.036656,-0.102493,-0.251847,1.248940,-0.664527,1
-2.849060,1.103481,-2.961301,-2.534949,-0.211421,-5.342281,1.115891,-0.062686,0
1.424746,0.840918,1.990847,-1.749222,3.846275,3.753098,4.947759,-0.003857,1
-4.457892,-1.527761,0.005041,-3.760268,4.008418,0.085645,2.007428,-5.364406,0
-0.207548,3.964227,1.749467,1.630875,1.546747,3.324852,-3.229471,0.795951,1
-2.408447,-2.054004,-3.423937,-1.142583,0.246667,-2.394500,-5.432755,-2.000383,0
-0.151975,0.535178,-1.469455,3.726506,3.648039,2.521297,0.787663,1.272023,1
5.223857,3.305056,0.148293,-5.148040,-5.203939,-1.864121,-3.183474,-0.976539,0
3.832703,-1.023359,-1.603661,-1.894489,0.760459,2.047382,2.883554,2.948376,1
-1.739220,-0.887538,0.682376,-2.077401,-0.290635,-1.237225,2.444395,0.448963,0
-1.576647,3.502836,4.051659,-1.300114,-0.327066,2.317989,3.151889,3.774988,1
0.888909,0.153665,-1.419651,0.029033,-3.315017,1.631144,-3.934983,-1.834207,0
0.934244,5.718115,0.864365,0.064825,0.989913,-2.873988,3.422003,4.462563,1
-0.343061,-1.379992,2.469919,-2.370135,-8.340398,-4.413033,-3.470508,1.362866,0
1.539577,-2.035402,5.053742,-3.391565,-2.491395,0.199944,1.090719,-1.293085,1
-0.818990,0.247390,-3.393791,2.200609,0.949440,-0.919198,-0.872293,2.335223,0
-2.903485,3.424145,0.446213,4.359548,1.650382,1.478399,2.637531,1.912521,1
-1.326046,1.587737,-5.143581,-0.052250,1.472410,-3.793718,-0.564308,4.056836,0
-0.717627,-0.902707,1.664349,2.769094,0.626728,0.777438,-0.997736,0.168157,1
-4.788684,0.030708,0.232441,0.802778,-1.890725,-0.413249,2.664764,-1.369862,0
4.794467,0.210811,-1.593287,2.415298,-0.010354,0.553079,0.587217,0.969129,1
5.163350,-1.422773,2.704052,-3.719301,3.088041,0.291403,-0.653560,-4.102931,0
-3.473583,-2.052536,1.365216,0.352813,3.035496,3.860862,0.804791,-0.838130,1
-1.630540,-1.670666,-0.516625,-2.816762,-6.215018,-3.788453,-0.317691,-2.313607,0
1.566310,5.535009,0.418898,0.389187,0.909842,1.526006,-1.016358,-2.908230,1
-0.188055,-0.297976,-0.624688,-0.179982,3.546424,-2.230444,-1.754567,1.139259,0
0.569066,2.093049,0.882998,-1.152059,0.710621,-0.681164,2.091994,3.576293,1
-0.842286,-0.771157,-2.241972,1.569673,-4.501315,2.128096,-1.472948,-1.106997,0
-0.469939,2.603548,2.539624,3.094135,3.052024,2.256952,0.675185,2.886566,1
-1.785026,0.552295,0.813169,-1.660561,-1.080611,1.019222,-1.221960,2.788338,0
0.953175,0.936328,0.623217,2.342891,-0.715348,-1.377295,0.912069,-0.235412,1
-0.876108,1.608540,-3.212581,-1.553962,3.240690,-0.049498,-2.107774,-1.377989,0
6.409999,1.981595,1.458397,2.116691,1.668486,-1.734057,2.163334,1.892188,1
-2.580809,1.034432,-4.829476,-2.144987,-0.500236,2.156635,-0.703095,-3.316792,0
1.509292,-2.280676,3.336229,-1.368440,0.037186,-0.518607,3.367304,-2.029009,1
-1.511860,-3.846599,-0.522074,-0.822373,-1.468587,-0.817834,0.731280,-1.183492,0
-3.759022,1.418983,-0.362533,1.339331,2.683312,1.488668,-0.267900,1.515460,1
-4.273298,-4.570482,-3.614689,-6.549661,2.656544,-1.564040,-3.960443,-3.276834,0
-0.077108,3.640580,-1.526668,-0.061077,1.884360,1.777626,1.419463,5.067817,1
1.803978,-2.659947,-1.406267,0.509277,-3.682454,-8.049047,-1.353723,2.713068,0
-3.086629,0.828929,-0.567737,0.701005,0.430373,0.070349,1.101435,3.712241,1
-1.289997,-1.359327,-2.406082,-3.321642,-4.678840,-1.884593,-2.184155,0.180913,0
-1.801291,0.952837,-3.487738,3.971067,-0.534965,-1.972775,1.872670,-0.890130,1
0.201329,-2.930746,0.064839,-2.482389,-0.345150,-2.147235,-4.312739,-2.907274,0
1.475528,2.428045,-0.596955,0.465221,-0.208671,0.524583,-0.716137,1.027805,1
-0.207699,-3.014849,-1.914822,-1.321769,-4.268470,-0.571316,-2.170586,0.823302,0
0.644891,4.101632,2.478105,2.055832,-1.112652,0.151482,1.441324,-1.555946,1
-2.034698,-3.545115,-2.789996,-2.621505,0.606215,-0.869994,1.182166,-1.995151,0
1.982624,5.455641,0.697152,0.143332,-1.111737,1.608237,0.845709,-0.822694,1
-0.287342,-0.229652,-1.238129,-2.193292,1.335854,-0.320289,-4.465494,-2.802638,0
1.456541,5.379083,-0.337498,-2.123452,4.487180,-1.368355,-2.646271,3.345090,1
-0.056515,-1.795904,-0.525743,1.152066,1.735141,-4.853035,-2.146547,-2.276214,0
4.710573,-2.186887,1.958519,3.887931,3.286186,-1.643881,2.060484,0.877947,1
-3.664608,-4.467406,-3.157102,4.526584,1.264842,1.390146,-2.319417,1.004915,0
-4.919112,-0.063524,0.947769,-0.413353,0.920436,2.095228,-0.816409,-5.102253,1
-2.415172,-1.658310,0.572380,-2.798478,-1.616481,-0.542297,-1.200673,-3.185361,0
4.487479,2.066520,2.041960,2.489532,0.515027,3.487368,3.105080,-0.875128,1
-0.239493,2.165403,-2.352921,-3.903985,-2.640069,-1.288964,2.907102,3.309127,0
4.516202,2.060045,-3.543339,1.612738,2.090810,1.999450,1.876630,1.653510,1
3.313478,-0.591463,2.914012,-0.173713,-5.348897,-3.920190,-1.657710,-2.105412,0
-0.103680,3.053359,4.244588,-0.611179,-3.575511,3.587629,0.406755,3.674187,1
-0.780191,-2.563396,0.105936,-1.233033,-2.537694,-2.582028,-4.271801,-2.139481,0
6.240201,1.950272,1.825241,0.323902,3.139256,0.003353,-1.388775,-2.626711,1
-4.612852,-0.392329,-0.542249,-6.063928,-0.486711,-1.142078,-3.956539,-3.066164,0
2.424530,5.241599,3.113093,-3.919230,-0.095179,3.098089,2.496321,0.756243,1
-2.112309,-4.041688,-1.831199,0.803672,1.816439,0.938174,-2.017244,-1.184607,0
2.882769,0.630842,1.228174,3.081081,-1.576170,7.230737,-1.133698,-0.631064,1
-0.730502,-5.581092,0.066171,1.312170,-0.174744,0.950743,-0.987785,0.243736,0
1.152859,0.015389,2.235706,-1.479356,1.574041,3.608320,-2.431834,2.666924,1
-3.333630,-6.598757,-1.284301,-3.333897,0.456074,-1.156505,1.131102,-4.974694,0
1.393823,5.997231,-2.984213,4.118348,2.449657,4.542498,1.971494,0.643068,1
-1.518440,2.321677,-1.851414,-2.336673,-3.834998,-3.421504,-3.372600,-2.519418,0
-1.758100,-3.468656,2.839966,2.879372,1.037644,3.893648,1.704923,-1.307866,1
1.769129,2.015507,-0.508676,-5.147376,-1.472241,-0.414008,-0.956011,1.382763,0
1.967510,0.682147,1.158998,-0.371554,3.596252,2.344489,4.199191,1.962940,1
2.659390,-1.082753,-0.696046,-3.388359,1.626896,-6.975361,-3.963451,-2.609856,0
-3.103163,2.844295,-2.986375,-1.106641,3.347112,-0.195763,2.324502,-0.442657,1
0.146287,-1.518010,1.917166,-2.228139,-1.153653,-0.215533,-1.699527,-5.437126,0
-0.182387,1.641384,-1.674311,3.730596,1.684058,0.664107,5.548422,0.206055,1
1.153989,-4.792895,4.395288,-2.246952,-1.566454,-3.238483,2.878146,-5.361562,0
2.181931,0.061618,1.757355,2.208397,-2.691128,0.075037,1.025800,2.388261,1
-2.520064,-3.701519,0.846945,1.726750,0.704816,-4.457775,-3.638663,-0.969283,0
1.598898,4.446311,-2.656131,1.066323,1.944989,2.194141,3.094515,-1.747801,1
-1.138693,-1.063374,4.394233,-3.572290,-2.544788,0.269054,-0.374729,3.793170,0
2.883417,1.396571,1.793802,2.771658,-1.671976,0.842061,-0.192090,-1.353130,1
-2.541981,-3.430310,-0.388891,-2.951612,-0.173379,1.910370,0.419176,-0.620378,0
0.810095,-0.201655,2.897545,-3.397987,-0.509989,4.402346,4.320735,4.392076,1
-2.055267,-5.763326,-1.800207,-0.878394,-0.081907,-1.215481,0.702058,-0.644820,0
2.355699,1.382314,-1.440459,-2.133639,0.878845,5.631798,-1.642050,1.610722,1
0.682097,-4.050982,0.443996,-3.920098,-2.900455,-1.473334,-1.069922,-1.702431,0
0.269386,2.519625,-2.911824,0.908239,0.831345,-1.403838,5.054756,1.440502,1
0.920273,-0.411728,-0.882126,-2.209707,0.724789,-4.234658,-1.838379,-6.562834,0
0.132587,1.454899,2.787423,1.919538,0.851080,-0.230145,5.100249,1.817681,1
-0.925942,-4.069290,-1.870814,2.881784,-3.616061,0.842516,-1.043403,-3.414593,0
0.451276,1.749098,-0.032769,-4.098581,-0.598041,1.622776,0.532105,2.696509,1
-3.258496,0.055722,1.512005,1.721714,-4.755001,0.705775,0.726104,-0.850144,0
4.410727,-0.722302,-0.549816,3.501260,1.258410,3.170760,0.327168,2.429751,1
-2.435177,-1.797799,1.218299,-3.578629,-0.316850,-6.294047,-1.965552,0.647548,0
-3.166182,3.308420,0.909569,-1.832942,0.547955,-1.925149,-0.478589,2.858566,1
-1.587453,0.160974,-4.165105,-0.509146,3.173063,-2.360516,1.921127,-2.138062,0
-0.973965,-0.499759,1.328676,2.366342,0.137227,-0.898169,2.939609,1.868027,1
-9.275145,-2.840825,-0.717013,3.418141,-1.959065,-2.792234,3.010384,-2.092803,0
-0.456332,3.714847,0.514799,0.729877,-1.076539,-1.734090,3.570752,-0.001700,1
-3.773283,-2.566525,-1.645881,-1.196353,0.118801,-5.039186,1.856927,1.777301,0
0.412152,-1.101009,-0.621877,0.527722,0.772795,0.644320,-2.091849,3.351802,1
-1.833552,-3.099848,2.855068,-1.308094,-0.117173,2.071586,-0.211309,1.444246,0
2.933078,-0.122077,-0.590700,2.681942,0.561566,1.623178,1.823234,1.422613,1
-0.146804,-3.474550,-0.222724,-2.871151,-0.192564,-0.250197,3.080952,-3.076601,0
5.613271,-1.492963,6.177711,4.681196,-1.286206,2.832526,2.306273,1.782962,1
0.385707,-1.604329,-0.398059,4.889941,-3.704407,-5.543829,-0.234865,3.368242,0
4.922168,-1.813901,4.289279,-2.936234,-2.190490,1.938945,0.123351,3.728515,1
-0.545302,-3.013756,-5.195428,2.219534,-4.104497,-1.226927,-6.097418,-3.872683,0
-0.325645,3.890774,-0.494690,0.938879,5.349022,-2.525306,1.793519,-0.005236,1
0.009743,-2.342809,3.071066,-0.479261,-3.395630,0.797940,-1.102962,-0.085194,0
-0.967165,0.835690,1.900280,3.237073,0.248645,1.254097,1.370258,2.096709,1
1.703949,-2.206667,-0.788215,-1.787390,-6.276795,-0.354360,1.207397,-3.287396,0
1.276472,4.432999,-0.762288,3.589474,1.515290,1.035014,-0.540201,-4.280839,1
-2.142060,3.373144,-1.495686,-0.318245,-0.277076,-1.462446,-2.119844,2.472436,0
-1.925420,0.013281,0.133015,2.285885,2.434844,-0.390144,0.152429,0.661673,1
-4.019286,-3.056538,-2.533496,1.970475,0.512886,0.472044,-1.308311,-4.302234,0
0.052857,-1.158197,-1.249318,3.043642,3.075349,1.487121,2.780005,1.434602,1
-2.174887,-4.775401,2.484814,2.858335,-6.452076,-1.217276,-0.131009,-0.884972,0
6.861505,0.928987,0.979496,-2.498856,0.061323,-0.626451,0.017423,1.209993,1
-1.790418,0.458121,-7.394615,-2.323662,-4.284768,-0.941326,-2.896534,-0.120141,0
0.396585,0.052584,2.342176,-6.818521,3.136424,3.107938,1.046260,-0.625709,1
-0.190562,-0.677755,-3.233388,-2.718636,-0.972731,-0.755399,0.239959,-2.517384,0
-0.336867,2.150400,2.809200,4.144845,-3.790245,1.278035,-2.438956,-2.271312,1
-2.121088,-3.037457,1.343443,-1.660503,-1.643186,-1.704743,-0.658201,-1.087570,0
1.209850,4.429422,0.021829,2.764834,2.704004,1.724513,0.482866,-1.087820,1
-4.583869,1.736066,-2.950263,0.934315,0.295849,-0.408975,-1.090631,1.903078,0
0.905388,1.258268,-0.365998,0.870881,2.666587,3.654439,-1.603373,6.385966,1
-2.030236,3.138684,-3.264013,1.716148,-0.533298,1.458233,-0.311387,-1.116533,0
2.356768,2.149436,4.149541,2.039596,0.219561,2.386791,-0.775245,1.041981,1
2.030734,-1.348763,0.540540,1.233632,0.257911,0.914910,-1.335251,-1.105884,0
0.258062,3.558127,1.222669,-1.202558,-0.402147,0.819260,-1.906400,-0.882548,1
-0.189470,-2.285356,-0.791763,0.541957,1.499183,-3.533252,1.521221,1.756195,0
1.710275,-2.007405,0.800917,2.447521,0.877661,-2.293243,1.579806,-0.550483,1
-2.167685,1.734231,-1.579441,1.082372,0.096990,-0.542070,-0.687372,-2.182942,0
-0.552048,2.048438,-1.955680,-2.422854,2.372494,-0.072171,1.600847,2.909786,1
-3.840110,-2.076576,0.680614,2.946630,3.678182,-2.382258,2.966154,-2.290030,0
-0.510365,2.764988,1.883243,-3.143262,-0.345578,3.279140,6.043090,-1.837978,1
0.126909,-1.238115,0.037564,-1.716733,-1.013496,-4.233902,0.306572,-1.511747,0
0.601581,-3.912367,-1.977889,1.754853,2.999172,2.670747,1.784954,-0.999243,1
1.771620,-2.510867,-0.032269,-3.511235,-5.146613,-0.544100,-2.948644,0.964857,0
-0.121067,1.567713,-1.166783,0.455204,3.961182,2.218211,4.660891,4.223115,1
0.148807,-2.315046,-3.770296,-2.768719,-3.002265,-3.609841,-3.946045,2.564199,0
-2.231706,3.117773,1.437579,3.614737,-0.908015,0.756049,2.363342,-4.001107,1
-1.807925,0.158076,0.676229,-1.164970,-0.157864,-2.175934,-0.305536,2.804170,0
1.394549,3.185541,0.859571,3.177609,0.826467,7.097114,-2.570248,1.648570,1
0.809152,-3.540917,-1.545395,1.742258,1.249831,-2.220070,-0.359368,-2.619611,0
1.361237,0.301676,-2.450062,1.691034,1.256944,2.147923,-0.946290,1.443075,1
3.494925,-0.845703,2.368793,-1.169365,-0.572795,-3.793338,-5.446353,2.570201,0
1.582268,0.336908,-1.014077,-0.283669,3.437404,-0.225117,-1.422627,-0.814041,1
-2.988009,1.132060,-3.676876,-0.876440,-1.301896,0.822138,-1.283010,-0.724602,0
1.987884,5.005440,0.892237,-1.358270,-0.016969,1.742890,2.432893,1.575327,1
-2.214104,-0.655285,-3.009231,-2.888714,-4.789978,0.712633,-1.283909,-2.174978,0
-2.101329,3.275345,3.896556,1.516319,0.218038,-4.182412,1.335894,1.152800,1
-5.060862,-1.810328,-0.120867,0.670427,-3.417184,-4.122872,-2.180345,-0.697965,0
2.506269,2.982090,0.173038,2.275292,2.750431,-1.299800,2.450333,2.208232,1
-3.053423,2.959069,-3.266968,-1.572859,-0.438905,-1.386452,-4.219161,0.058549,0
-0.604239,-1.903985,2.462378,-2.485803,1.473871,1.486502,1.814332,1.884095,1
1.990586,0.901102,2.054782,-4.021288,-0.562231,-0.756712,0.165053,1.650214,0
3.914854,-2.656044,0.981100,0.584616,0.668556,2.128485,2.628686,3.353218,1
-2.973607,0.711422,1.171820,-0.931286,0.436872,-1.415148,-3.247832,-1.592343,0
2.721663,2.094044,1.376126,-0.317342,1.136842,1.417123,0.442625,1.658475,1
-1.605414,-1.219359,-2.614003,-0.746093,0.131781,-1.556788,-2.855662,-2.279140,0
1.005351,2.162986,-3.313266,1.038540,4.809009,0.531377,-3.327730,0.262718,1
0.300813,0.816346,-3.434957,1.092803,-1.307220,-0.530810,-1.037634,0.376588,0
0.843961,2.902337,0.477985,0.475508,-0.752952,2.701772,3.136735,1.290119,1
3.608948,-2.369627,-0.905450,3.127959,0.235942,-1.965542,-0.189009,0.193878,0
0.974298,-0.696265,2.602558,-2.800414,1.421442,3.866909,-0.579179,2.552227,1
0.491998,-4.984158,-2.696665,-0.275681,0.640373,-2.737906,0.442552,-1.225049,0
0.301244,2.522473,-2.863550,0.081496,-0.265035,0.734425,2.818180,3.971053,1
0.445328,-4.760819,-4.728014,-5.564524,-0.696384,1.699941,-2.460982,-3.794258,0
-2.941587,-3.796759,-0.142348,2.179540,-0.414156,1.969642,0.926497,2.208243,1
4.729991,-4.550532,1.643770,-1.750583,-6.117338,-3.172955,0.290728,-4.717789,0
-1.048923,0.647816,-0.804695,-1.475374,7.640122,1.191431,0.192525,0.564137,1
0.259070,-1.756091,0.380011,0.167667,1.323494,-0.389122,-3.642271,-1.964356,0
2.071225,-0.002281,-3.816533,0.397393,-0.524516,1.054575,-2.793556,1.324820,1
-4.453724,-1.136013,9.454568,2.721611,-1.183380,-0.624493,-0.143632,1.842835,0
4.359878,2.422146,1.215137,2.939552,2.357535,3.798395,3.052288,-0.504600,1
-0.308818,-0.014828,-5.214422,-1.811097,-3.831452,-0.149228,2.014256,-0.644062,0
1.745753,-1.921252,1.148732,0.625987,0.946870,0.173947,-1.032149,-0.672358,1
2.816360,-4.583809,-0.003860,-1.876732,-1.486717,-3.505581,2.438447,-1.490757,0
2.331635,1.566283,2.028242,0.444186,-0.256935,5.532456,1.398582,1.384919,1
1.173944,-0.554461,2.658710,1.113481,-3.927415,-0.930346,1.811989,1.868690,0
0.061317,2.991739,2.311885,1.204796,-0.070688,0.934857,0.603280,0.218061,1
1.252501,5.238027,3.200614,0.052410,-6.551557,-2.081381,-0.645366,-3.820094,0
0.451210,-0.120604,-1.642447,0.158477,1.760669,-1.110779,1.675436,0.764028,1
-2.266880,-2.909999,2.716680,-4.860478,0.165935,-0.991126,-3.884415,-2.164861,0
1.327996,4.074625,1.404719,-0.739594,-1.564946,1.545650,2.000117,-0.320764,1
-0.302717,-1.620959,-6.099546,-1.016531,-1.612168,1.218742,0.995893,-3.525303,0
2.799153,1.856243,4.446124,-0.558420,0.867451,4.784649,0.608912,2.946719,1
-0.738651,-7.641781,2.036271,-2.668611,-2.354735,1.822228,-0.447180,-1.607610,0
0.447861,0.235176,-1.225382,0.526105,0.758623,1.369505,1.011209,1.030062,1
-2.987220,-2.430553,-0.488157,2.044119,-2.063275,0.431715,3.007358,-1.997406,0
1.699185,3.798071,-1.453255,4.200428,0.930357,4.262218,1.411733,2.971455,1
-1.855389,0.807667,-3.441284,3.812154,-0.111540,1.525499,-2.827473,1.555015,0
1.215716,1.633873,0.276217,-0.693834,-1.199987,-0.087811,1.640566,-2.564867,1
2.109278,-1.715584,-4.068639,-4.440644,0.887825,-1.168724,1.068431,-1.366928,0
-1.927859,-0.175453,-1.614357,-1.917023,-1.671253,0.340285,1.044826,1.388531,1
-2.155611,-1.993263,-6.884974,0.771811,4.887019,2.486057,-2.715976,4.581052,0
2.996315,-1.068010,5.882833,-1.660550,3.138131,-0.077218,2.188022,1.323754,1
-0.691301,1.487706,2.079672,1.903486,-0.304965,0.569790,2.756636,-4.248065,0
0.875138,-0.623487,0.371865,7.158961,-1.952331,0.560783,-1.814542,-0.120399,1
1.617208,-0.671372,-0.583821,-1.956197,0.392067,-2.109297,-1.749544,2.038378,0
2.761194,-2.580053,3.458331,2.302016,0.253684,6.207362,2.576778,5.087276,1
-6.429131,-1.534986,0.600833,-2.566662,-4.340877,-0.320374,1.545157,-1.163430,0
3.747679,0.923318,-1.080025,-2.235251,1.378804,1.220042,1.612668,2.323456,1
0.129746,1.522516,0.889746,-2.370305,0.230770,-3.340529,-2.957563,-0.887307,0
4.994968,-1.769022,2.350657,1.503681,0.503516,2.563594,3.122822,1.108903,1
-2.622015,-8.098279,-2.125567,0.909082,-4.378454,-2.503459,-0.227371,0.163881,0
2.251213,-1.744138,3.129160,0.802058,3.277027,1.424807,4.296756,-1.530306,1
