1.004236,0.613641,-0.966856,-1.327680,1.231734,3.231890,0.120735,-1.451864,0
-0.187286,-2.262856,-1.544442,1.123182,0.955645,-0.330462,2.712051,-4.655986,1
-5.546665,-0.970249,-1.785083,-2.928082,-2.350033,0.070512,-4.695244,-2.067535,0
2.871190,3.993391,-0.704122,0.114453,0.398122,-1.175672,6.670712,0.812854,1
1.179299,-1.495414,-0.691061,-0.377928,-0.674089,-1.449162,-1.997134,-6.091240,0
2.545030,-0.366426,-0.544591,1.809072,3.346351,-0.940531,3.719391,-0.584961,1
0.655336,-2.346627,2.902646,-2.369784,-0.691073,0.282364,0.228103,-0.336127,0
2.668681,0.544981,1.800609,1.156641,-1.105982,2.488269,1.960136,1.050402,1
-5.354020,0.698340,-3.269673,-1.729263,-1.068826,-3.300164,1.157370,-3.030585,0
2.970379,0.747471,0.377350,2.131915,1.570838,3.058971,-3.965003,0.587844,1
0.275429,3.098652,1.208863,2.000527,-4.935740,-1.841820,-1.043016,-0.165420,0
3.012815,5.569817,-1.084334,1.602516,2.752084,3.683834,-2.161774,1.678123,1
-1.691584,-1.461316,0.912185,-1.543593,-0.244880,-2.977736,-1.588920,2.222537,0
3.163114,3.718340,0.396404,2.928140,3.855925,4.537699,1.656535,1.685496,1
-1.450443,-3.568773,2.306137,-2.556835,4.568200,-3.951671,-2.829293,-0.184285,0
-0.663693,2.027760,-2.457053,2.207595,1.392411,-1.730701,2.012440,3.034268,1
-0.206492,-1.163733,-2.624355,-2.225954,-3.364768,0.098083,0.261827,1.222959,0
2.377933,4.708455,-0.000009,-1.796509,-3.116261,2.149496,0.835587,-0.420905,1
3.305186,-1.451429,1.600738,0.612933,-1.405005,1.717330,-3.023508,-3.434975,0
0.907739,1.216752,3.335627,-0.067001,1.665092,2.671150,-0.986169,1.527346,1
4.507232,0.726166,-1.944645,1.466024,-0.430898,2.399441,1.183022,-2.249273,0
-0.004650,1.793234,2.406057,3.885780,-1.372664,-0.787883,3.087098,1.952320,1
-3.526773,-1.809738,-3.045442,-0.781102,-4.764477,1.097187,-5.274166,-0.265397,0
0.798061,4.159332,-4.258459,-1.679541,1.285276,3.916387,-0.088588,2.010262,1
-1.914335,1.146645,2.323603,-0.839293,-0.677881,2.969057,-0.860682,-3.277421,0
3.035683,1.674118,0.473616,1.422132,2.705346,-1.598335,-0.133977,2.896373,1
-1.564994,-3.183338,-2.413136,0.931461,-3.548039,-2.330769,4.003472,-1.958213,0
-1.416539,0.277432,3.970752,2.693188,1.541739,-0.348249,0.523010,1.866916,1
2.592244,0.305629,-0.293095,0.120400,-0.848161,-3.047112,0.621196,-2.631621,0
-0.076995,0.000459,5.820582,-0.825031,2.489460,2.375928,-3.798244,0.075374,1
-0.619781,2.146939,-1.009830,-1.461884,-1.446819,-1.011984,-0.821028,-5.619789,0
1.719194,-2.812214,2.483767,2.168181,3.512649,2.745007,-2.506404,-0.373524,1
-2.576171,1.983688,1.724793,-1.699941,2.508245,-0.474535,-0.619390,0.719419,0
2.821233,-2.917210,3.552318,-2.298313,2.701803,-3.068643,3.780863,-2.341280,1
-1.977112,0.622763,2.008265,-2.656404,-3.153723,0.302174,-0.073565,-1.594746,0
1.759828,2.352285,-0.164894,2.064520,4.470592,2.832129,-2.609179,1.600960,1
3.130399,-0.751779,-1.815913,0.414251,-1.417158,-0.713932,0.317376,0.461031,0
0.489483,2.479135,1.910374,-1.349460,-0.079476,1.270124,1.983847,2.714674,1
2.581352,-0.188963,-2.190925,-1.159678,4.247640,0.730373,-1.204888,-0.573691,0
2.100928,1.434999,1.260944,0.888955,5.555077,2.240824,2.537906,3.425026,1
-2.471332,-2.799751,-1.205919,3.673608,-0.069835,-2.689305,-1.762877,2.295470,0
-0.722267,3.061113,1.286001,2.851335,1.535928,1.505227,-1.545694,-0.503436,1
0.054331,-1.940584,-2.625452,-3.586222,-1.000940,-5.647980,0.162728,1.547530,0
2.801628,2.621289,-0.047918,-0.432951,-0.562981,4.416280,3.311063,-0.336237,1
-1.490734,-0.507977,-4.113533,-7.322807,0.667768,0.756005,-2.450959,5.447743,0
-3.932318,-0.685520,1.474503,1.921601,2.831523,-0.076946,1.196289,3.139775,1
-6.156768,0.016219,-2.083896,-1.494874,-0.181776,1.093147,1.339074,-0.871185,0
3.289382,-1.302854,-0.748896,4.580886,0.233057,2.427197,1.183462,1.999788,1
0.147672,-0.355469,0.653769,-0.763444,1.395465,-1.063998,-3.004025,2.051380,0
0.544071,1.951521,0.094459,3.994174,1.543742,1.529174,2.932665,0.340545,1
-1.349772,3.916381,-2.128035,-6.419527,0.484545,-0.239626,-1.438901,-2.384065,0
-1.835802,-0.677561,-2.394526,0.834777,1.821894,2.759206,-3.298917,0.265615,1
0.465784,-2.504012,-3.186784,-0.301435,0.834525,-1.368541,-1.882993,1.727460,0
2.315028,1.268640,2.776699,-3.004011,0.947024,-0.233580,2.656881,-0.510617,1
2.048763,-2.332537,0.319473,0.453855,1.032608,3.356150,-0.958031,-1.839653,0
2.240352,0.284540,6.252244,6.119575,1.444767,3.645209,2.355646,-0.464686,1
-1.102897,-1.794001,-0.525700,-0.128865,-0.419331,-2.358947,-1.449141,-0.699561,0
2.046888,1.254656,1.616674,1.667789,-0.102503,1.242278,1.931795,1.616116,1
-1.044592,-2.797489,-1.545250,1.165650,0.146726,-4.696698,-0.754872,-3.030611,0
2.528699,-1.828034,0.936525,-1.839897,-0.990408,3.120955,2.179538,-1.896796,1
-0.327106,1.709129,-2.261255,0.726192,-1.455715,-2.845050,-1.324960,-3.494574,0
2.361255,0.500430,-1.039615,1.224947,-2.703144,2.685065,1.284236,-0.460258,1
-2.955925,3.155275,0.133124,-0.171235,0.781739,-3.183681,-2.985965,0.141157,0
-3.119321,-0.559765,-1.617476,2.331508,1.474498,1.096992,0.817616,-0.306290,1
-1.166402,-3.400482,-1.809071,-3.416373,3.232164,-1.400664,2.597746,-0.483808,0
3.140734,3.589458,-0.777937,0.860562,1.115419,5.631360,-0.595068,-1.518703,1
-3.691331,-2.274469,1.380295,-4.687701,0.193735,0.645900,-2.086776,-3.282008,0
0.147852,-2.692825,1.188584,2.403092,2.363169,2.015522,1.560349,-1.049608,1
-6.327370,3.422740,-0.758870,1.142379,-0.383652,-1.179734,-0.846709,-3.858692,0
3.880753,1.222200,0.701680,-1.126415,-2.401042,3.100814,2.285728,-2.368436,1
-0.219559,-2.464582,-2.817350,3.763927,-0.282608,0.046439,-1.917620,5.069755,0
3.406736,2.631230,-1.192178,-2.319498,4.726727,-0.831203,2.090325,2.858089,1
-1.200291,-3.851010,-1.069504,0.554598,-2.315076,-2.328995,2.006047,-1.657714,0
2.398750,4.400701,-0.083494,-0.023660,1.506249,4.645671,1.429431,0.694038,1
1.863342,0.393441,-1.050239,-4.502596,-4.815241,0.125639,0.140868,-0.852612,0
1.325326,3.478405,0.137780,-2.299860,3.573689,-0.241299,-0.093463,0.328409,1
-1.273441,0.411307,-1.821687,-3.497463,4.027465,-0.439142,-2.717595,-2.917636,0
5.444167,0.338345,1.224176,-1.534624,-3.586943,-2.213789,1.499557,1.930109,1
-3.091910,-2.790441,2.597858,-0.427451,-3.076880,-4.032545,-6.036847,-1.968602,0
0.275573,-3.653020,2.894437,1.542710,0.407972,0.465425,1.267224,-2.386797,1
2.149432,2.552949,-1.511677,-1.012861,-2.834700,-2.664263,-1.277112,-2.052092,0
0.320418,1.695183,-1.111601,2.319857,0.333148,-1.440952,-1.977496,0.038686,1
0.966384,-2.320529,-5.282104,2.982105,4.635991,-0.051790,0.188231,-2.257197,0
1.176321,-0.094181,-2.673625,-0.024154,0.626701,1.588788,1.409886,1.956123,1
0.922691,2.182660,1.494967,0.999275,-0.247706,-1.699139,4.149936,0.940334,0
3.061033,4.276582,7.014396,-0.153378,-1.532863,2.456978,-0.741024,0.947880,1
-1.428166,3.023986,-5.289678,-1.107252,-4.916853,-4.768154,-3.706620,-3.416121,0
-0.407955,1.945050,1.220516,1.835779,-0.149905,-2.498895,0.998592,0.471803,1
-5.931733,-2.092738,-2.798171,-4.061482,-1.786620,-4.958864,-1.325130,-3.065461,0
-0.142359,5.364910,-1.215348,2.487632,1.858473,1.780815,2.174078,-3.670018,1
-0.693988,-3.895394,-1.980978,-1.055034,-2.029094,-0.017158,3.580967,-3.411765,0
4.020919,7.193896,-0.061551,4.296674,-3.976400,0.413861,-1.852252,0.279464,1
-3.484234,-6.360907,-3.767518,-2.213715,-1.449974,-3.452991,1.052062,2.256498,0
7.625682,0.825868,-1.382023,3.215568,-1.030046,-1.396476,1.102937,0.342690,1
0.501606,-4.090966,-4.431780,-1.248713,-0.702061,-1.476378,-3.862346,-3.441669,0
1.282894,-1.473516,3.505239,-1.058565,3.171986,-2.116170,-1.433606,2.974219,1
0.175227,-0.194179,-3.768975,-1.229275,1.915997,-4.149501,-0.922482,-1.688635,0
3.334651,-2.142536,1.774019,0.742518,0.290256,-1.676979,3.793993,1.556928,1
-1.211251,-3.033895,-0.887038,-2.059248,1.847651,-1.835232,1.306999,-1.643354,0
0.240696,4.585720,0.694679,-2.372736,-1.798436,1.812508,-2.623313,-1.156377,1
2.061942,0.327043,-5.101982,-1.377106,-0.129457,-0.435866,0.020084,0.636937,0
-2.840751,2.441873,-1.472492,0.140961,-1.404459,0.019643,-3.859681,-3.422446,1
2.380298,-1.045173,0.810324,-0.453432,0.370903,-3.179354,-4.474885,-1.237469,0
5.076118,2.801299,-0.689713,-2.983281,0.135767,-2.577216,3.630453,5.097433,1
-0.824860,-1.612070,-0.049467,0.432089,-5.465344,-4.716324,-2.427794,-0.532524,0
0.086681,1.495871,0.605781,-2.032573,-2.759486,-1.268496,-1.556982,-1.319974,1
0.720449,1.963971,-4.574025,-2.519560,0.809504,-4.072660,-1.263383,-4.325579,0
2.882143,1.626180,1.604291,0.790094,1.004086,-0.351466,1.922586,0.025890,1
-2.941377,-0.009372,-2.905416,-3.134606,-2.130640,3.554221,-0.053351,-2.337056,0
1.874146,1.179269,3.136604,0.911334,5.370343,5.491887,-0.063033,8.826060,1
-2.333799,-0.903486,-1.159434,-2.035111,3.164772,0.770868,-2.875207,1.704920,0
3.606606,-0.848336,5.196304,4.078321,-0.498939,1.065843,4.328410,3.099128,1
-2.744484,-2.584820,-5.863031,0.253236,-3.995201,-0.864552,0.759094,-0.434973,0
1.420856,2.967236,1.351910,0.523376,-0.485770,-4.194833,-0.563987,-0.488736,1
-0.386974,-4.199565,1.351851,-1.636597,-0.461220,-0.895624,-0.339642,-1.120808,0
-0.155615,-2.930018,0.954286,7.691224,4.386202,2.530416,-0.611565,1.841805,1
-1.460562,-3.438659,-2.427387,0.630352,-1.938787,-0.842752,-2.690450,-3.030331,0
0.779706,0.154757,-0.813227,0.922235,-0.347998,2.199027,3.527060,0.907361,1
2.162906,1.096296,-2.793489,-0.491797,-0.073704,-2.835254,-3.587713,-2.563252,0
-2.634623,-1.852413,1.647854,1.313042,0.728014,1.557407,-1.271351,1.229468,1
1.016368,0.742367,-2.162452,-1.914991,-0.402283,-2.921735,3.603494,-2.159304,0
-0.527965,3.364030,0.778079,0.995081,0.173612,2.779474,0.044938,0.319015,1
2.949016,0.528133,0.245055,0.495287,0.971949,0.224396,-2.273308,-5.106214,0
1.001606,-1.162520,1.988326,-2.101739,3.786325,-1.017176,1.074464,-2.418950,1
-1.510764,-1.448335,3.103713,-5.058858,-6.381483,-0.441591,-3.073562,1.645595,0
0.737014,-0.450954,5.268840,0.757969,2.455563,1.664481,1.399230,1.506060,1
2.709243,-1.853319,-2.040662,-3.017162,-3.761255,-1.119555,-0.469278,0.747539,0
1.576066,-0.858180,1.483257,-1.785194,4.666319,1.179290,3.375383,1.841206,1
-0.841482,-6.180624,-5.137404,2.079765,-2.325751,0.250228,-1.839727,-2.009391,0
0.595953,0.984805,2.965279,-4.224374,0.151828,-3.052404,-2.474662,4.306363,1
-2.267239,-0.615837,2.580557,-3.073928,-2.435514,-5.263966,-1.489827,-2.949377,0
2.675933,0.916942,0.104528,-4.253675,-0.767657,3.659937,0.685377,0.628007,1
-0.969470,-3.202130,-2.965990,-3.925577,2.574407,-0.846743,2.719674,-0.373405,0
2.206491,4.369306,1.144913,1.308790,1.127801,1.510870,1.449082,-2.812652,1
1.140504,1.317204,-0.646573,-5.880865,-0.169285,-5.723908,-4.384794,2.407235,0
4.152337,-1.841366,-0.169890,4.916855,2.348544,-2.604074,4.345489,-3.441964,1
-2.539877,-4.293582,-0.936388,-1.107517,-0.308135,-2.922848,-1.534706,1.089559,0
3.199368,3.340676,2.739359,1.385870,1.853571,-1.448624,3.863987,-0.792254,1
0.526164,-2.273892,-1.549927,1.599599,-0.510187,0.181302,-1.338134,-0.037192,0
3.144912,0.827691,2.927400,2.995495,-0.365969,3.562120,-0.189562,2.695970,1
0.858853,1.450626,1.677780,-2.746655,-0.078968,-0.353971,-3.032513,-2.593201,0
2.467047,-0.369841,1.266412,-2.949660,-0.721602,0.913325,-2.561496,0.818541,1
-2.499384,-2.007797,-1.483660,1.228200,1.474905,-3.327455,-2.048751,-2.560370,0
-2.298938,2.307177,-0.714093,6.780225,-2.824332,1.907003,-0.244366,0.081663,1
-0.982775,-1.341704,-2.437716,-2.165912,2.754437,-3.879037,-0.734253,-0.200773,0
1.137852,6.861266,1.991990,2.612988,3.143167,1.711115,2.602877,0.675737,1
0.655840,-4.810375,-0.561906,1.627901,-0.841888,1.094982,-4.121234,-1.688268,0
1.094644,2.914140,6.350034,1.261896,1.905580,5.240288,1.123087,-2.328947,1
0.670761,0.161114,-3.281885,2.035293,-1.115824,-3.450571,0.341913,-0.513783,0
0.074233,-2.047590,5.419116,2.070359,1.684875,-2.216403,-5.318717,-5.523539,1
-1.796812,-0.116738,-0.389893,0.847559,2.369808,-0.477979,-0.437073,-5.089732,0
2.983509,3.081394,1.509697,-0.941517,2.793147,-1.072235,-1.411738,2.582191,1
0.731205,-2.513754,-0.547453,-3.526113,-1.785212,0.121016,0.712522,3.409931,0
-0.484476,2.572299,1.445469,2.838812,-5.278964,-2.488307,0.760248,1.149709,1
0.316654,-3.034040,3.503581,-0.119273,-0.036511,-4.820810,1.831172,0.697559,0
-1.529667,-1.039129,4.414928,-2.400857,2.311320,2.484283,0.302543,3.687148,1
-0.717732,-2.798855,-4.054785,-0.693146,-0.380372,-4.985538,-1.862898,-2.769127,0
-2.458876,1.525378,1.762716,5.960995,0.602486,0.133042,3.237038,1.724159,1
-3.405415,-1.381202,1.660787,2.139503,-1.245430,-1.082109,-3.448281,-2.464993,0
-2.372426,0.940721,-0.063124,3.913086,2.428672,2.281982,0.633428,2.376560,1
1.556381,1.191414,-0.325665,-2.419721,0.186687,-3.324330,0.428630,-1.942634,0
-0.956020,-1.450345,0.619340,2.961915,0.424896,0.250771,0.427998,-0.818656,1
-1.215355,-0.452460,-2.001810,0.161885,-3.677564,-1.742001,0.218173,-4.058618,0
1.096792,-1.575628,5.956476,3.463964,-0.093444,1.961340,2.535848,1.782562,1
-0.974052,-2.044617,-1.581229,3.216071,0.521091,-2.888528,-1.713890,-4.322857,0
3.542102,1.027315,-3.033569,2.885753,-0.906968,1.471436,5.054461,4.294601,1
0.781165,4.420936,-2.059476,-4.171442,-4.616056,-0.667519,-0.455238,-6.838373,0
-0.834469,0.527889,-0.549266,-0.543661,-0.449759,3.317463,-3.303638,3.140626,1
0.409144,-3.095778,-2.200779,-0.582385,-6.385142,-1.208394,-2.612638,1.747666,0
-1.631516,-0.806441,-2.176010,-0.994515,2.541820,1.411476,-0.524275,4.176997,1
-0.596820,2.852822,0.079865,-3.175560,-2.338871,-0.802338,1.440741,-1.752729,0
-1.441037,-0.709551,-3.201263,1.267067,0.800249,-0.922302,-2.838226,-0.378074,1
-3.367617,-1.012117,-1.439679,-3.096715,1.316280,-1.129642,-4.304358,1.091551,0
0.191338,2.272814,0.807036,0.642400,2.194010,1.484756,4.568286,-2.796265,1
0.244157,-5.144109,-6.328949,-2.053679,0.387310,-1.481285,-0.840408,-2.067277,0
0.459742,-1.101715,2.613742,2.453597,0.192154,0.780455,0.293905,-1.516579,1
-4.140039,-0.476445,-3.785457,-4.867703,1.442584,1.508045,-1.080342,-2.973012,0
1.481926,0.767591,0.819231,0.888920,0.186229,0.472463,1.075819,1.125188,1
-3.832965,-0.556996,-2.206367,-5.185718,1.717688,1.806129,-1.395361,0.336763,0
1.769081,7.227454,-0.373648,3.678714,5.705123,-1.343813,1.044707,-0.166539,1
2.172740,-0.668144,-1.496241,0.393290,0.445613,-4.545176,-0.858941,-0.839265,0
4.544106,1.604512,-1.261883,-1.686734,0.908755,2.159451,0.503708,1.446216,1
-0.862453,0.667647,1.411103,-2.949552,-3.053187,0.550946,-0.528458,3.604602,0
2.302129,3.065853,0.506576,2.335159,-2.048814,-0.440211,-0.528659,2.085072,1
-0.256875,-0.874738,-0.773467,-0.119161,-2.294477,3.485740,-2.879966,-0.668654,0
-3.088919,3.282225,-3.364553,-4.437170,5.459024,0.796045,1.330441,2.884127,1
-0.669413,0.696739,0.889140,0.548226,-0.595939,-6.340250,-0.718735,-1.850616,0
0.904330,-1.154263,1.234182,1.703176,2.616273,0.765574,0.405183,0.131406,1
-1.368122,-2.667377,-2.117996,-0.872247,-4.902140,0.531975,-2.023670,4.138370,0
-2.682343,-3.950484,-0.854932,1.442320,3.163922,0.545726,3.781249,2.112269,1
0.582427,4.477248,-0.395148,-2.311496,-3.484471,-0.191431,-0.268413,1.032164,0
1.969201,-0.173610,-0.417720,1.914647,2.614820,2.451330,-1.680403,-0.710272,1
-0.258102,0.182353,-0.406263,0.146097,-1.672538,-0.848228,-1.814370,-2.620348,0
2.677807,4.059926,1.087707,2.642351,0.696016,0.161063,1.366008,0.071815,1
1.403347,-1.894234,-2.167418,-4.565503,4.538718,-4.316482,-0.446549,-3.631793,0
-0.329942,1.211704,-0.801682,2.105089,1.229153,3.132260,-1.441260,2.900260,1
-2.556677,-4.666689,-4.903219,2.045571,0.842795,-4.515899,2.093315,-4.473869,0
1.990049,-0.240149,0.145608,-2.399713,1.609140,2.719895,3.242975,-1.240344,1
0.752955,-1.513454,0.027595,-0.620933,-0.227739,-5.424018,-4.552402,1.422203,0
-0.099760,0.992312,3.385967,2.973150,-2.447551,2.797905,0.661788,3.242417,1
-1.608489,-4.502218,0.781563,-3.157162,-1.143125,-0.244113,0.403970,-0.487164,0
1.637303,-2.065930,3.198150,2.971884,4.611696,-1.500287,3.578085,-2.777945,1
-1.304971,-1.073423,1.147671,0.908373,-2.960110,-1.715540,-0.097704,1.743626,0
2.213211,1.821753,2.732940,2.431574,1.187809,0.864679,-0.964979,3.616881,1
-0.205571,1.479931,-2.845350,-2.895835,-3.246878,-0.973292,1.213008,-1.100294,0
-0.306322,3.254006,-3.104145,5.184066,0.377787,2.125995,-1.185459,-1.186080,1
-6.995776,-5.442116,-1.657331,-1.487660,0.212475,-0.562091,-3.621308,-3.435565,0
-0.194636,-3.508789,3.147704,3.877544,3.596667,-1.518143,2.045329,-0.445362,1
0.462393,0.348189,-0.693609,2.871470,0.277390,1.479331,-1.383029,-4.317369,0
0.166871,3.814402,1.040317,2.740998,1.261102,-0.412207,1.421907,1.730677,1
-2.068430,-2.546593,-3.569728,1.326928,1.755549,2.790964,-1.393810,-2.042161,0
-0.456139,3.473181,0.503300,-0.171438,2.393658,-1.586221,0.737463,-0.005373,1
-0.758128,-2.628884,-0.070683,-0.244199,-5.027369,-3.599395,-5.302018,-0.753208,0
0.497584,0.486128,2.685069,1.281027,-1.223109,-3.058703,-1.556840,-0.382119,1
-1.585999,-0.496536,-0.286173,1.452500,-0.064482,2.402361,-0.949966,1.219007,0
-1.961679,-0.056799,0.425791,1.461812,0.781681,4.682046,1.825120,2.051629,1
1.961471,-1.881118,-1.260903,-2.201405,-0.420015,-3.763007,-0.424940,-1.175122,0
0.197315,0.356179,2.982553,-4.204165,-1.814590,2.940833,4.400488,-1.774040,1
1.121038,-1.412493,2.088123,-3.363496,-1.234539,2.078510,-0.592810,-0.539057,0
-1.881228,3.070243,2.692192,0.311744,3.252379,0.777781,0.279318,-2.344318,1
0.882154,-2.505504,-2.014102,0.135201,-6.331595,-5.190954,1.475159,-0.435251,0
2.136580,-1.355888,2.273981,1.284094,0.866626,-3.104857,1.738864,1.485640,1
-3.973219,-1.072068,-1.192487,-1.174996,-3.510600,-3.711339,-0.712957,0.262608,0
5.157528,1.958837,0.771428,4.274110,3.284595,0.217251,2.066635,-0.263433,1
0.473417,-0.073532,-1.930245,-2.759063,-1.438771,-1.457260,-0.516324,1.036707,0
-3.506651,5.192820,3.114759,2.972187,0.463016,-1.351244,0.201239,-1.793049,1
-0.953896,0.164453,-5.448512,-2.461105,-0.095409,-4.978526,1.124358,-3.144099,0
0.744339,2.905829,-0.259201,-2.063239,1.273475,-0.187749,-1.693133,3.706569,1
-2.789981,-3.206068,-1.947311,-1.012697,0.375953,-5.785522,-3.810035,-2.126580,0
0.599292,1.060460,-0.191958,5.108898,2.715801,1.543928,-1.602077,-0.524664,1
-0.993768,-0.858725,0.205774,1.902865,-0.872723,-1.769623,-1.106663,0.214244,0
-2.514453,3.040709,3.439826,2.886198,4.965737,2.100206,0.634402,-0.333650,1
-0.079650,4.008101,-4.828489,-1.801635,2.672067,0.836178,-3.080401,0.175175,0
-0.752875,0.264179,1.089334,1.024212,1.402433,-2.690857,-0.854485,3.529150,1
-3.116379,0.133012,-0.115055,-1.732363,3.959013,-1.130764,0.230040,-0.335220,0
1.630567,2.503157,2.719623,-0.326460,-0.147128,0.227200,1.081944,0.274074,1
-3.670078,-1.889407,-3.246808,0.122905,-6.741835,1.742304,-0.719836,0.911901,0
-1.938954,6.861966,1.732190,-1.034895,1.581634,3.038104,0.658796,-0.238346,1
2.529943,-0.500990,0.045918,1.470363,1.447127,-2.101651,-0.026523,-3.433118,0
-3.478665,3.294165,-0.910833,-2.488620,1.636292,2.755542,2.683734,1.301470,1
2.713824,3.848682,-0.397807,-2.918713,-1.599029,-2.218055,-3.686500,-1.473733,0
1.027336,-3.811585,1.602089,0.161453,2.924441,-3.160486,3.351947,1.895965,1
-1.021328,-2.363227,-0.081552,0.374004,2.004584,-0.702156,-0.312759,-2.028519,0
0.832712,3.466795,2.375134,6.763608,-1.203926,-2.664733,-4.039686,0.168712,1
-3.220998,-0.272542,-5.496671,0.450773,-4.299535,4.470429,-0.405416,-0.070516,0
-0.850424,5.753776,0.572723,0.765523,-0.640170,1.463124,-0.267260,-0.862106,1
2.362306,-3.624938,-2.058186,-4.412217,-4.751230,-0.594244,-4.356063,-1.173937,0
1.567703,-2.729928,3.140621,0.194826,3.017809,-0.081545,-2.087490,-1.272788,1
0.475689,2.387715,-4.573031,-2.316093,0.526633,-4.936380,-0.707712,0.182371,0
2.937147,2.933853,1.345123,-2.564260,1.233861,0.913906,0.487584,1.307317,1
