1.143284,-11.259065,-2.110058,-3.487915,3.562168,-2.184204,-8.747922,-2.053102,-3.360357,2.381212,-4.375280,2.497259,-4.453060,-1.350462,-2.916702,1.296303,-7.429933,6.451916,-0.336363,-6.527826,-1.127186,-1.706493,-3.077709,-0.700109,1.072580,-4.315845,-3.777569,-2.106165,-2.717342,2.773468,-0.545006,-3.636284,0
-3.580936,1.090090,-3.336355,-2.881086,-2.837954,3.778631,2.349716,3.165609,5.553259,-0.014582,5.742476,7.970825,5.416782,4.095949,-1.758974,1.600019,6.104841,-8.163932,5.146355,-0.668976,6.908611,4.776194,-2.787413,0.791862,2.966938,9.864653,5.740307,-1.778427,4.616676,-1.711605,-0.473505,2.455759,1
4.025776,1.411003,1.584944,-2.224623,-0.899441,1.565359,-0.836376,-0.173918,-2.160503,-0.999590,2.720484,-8.872226,-3.645300,1.104885,3.701099,-6.762138,2.002872,-5.345486,-7.755399,-2.471279,-12.047893,6.517258,-1.211649,-11.997456,-8.325672,-3.997765,5.082317,2.105705,-8.722161,4.286331,-2.104940,2.117630,0
-7.593262,2.681557,-0.467123,-1.872484,5.596527,3.503952,6.555729,4.008511,2.186726,9.533163,3.099031,0.806059,4.022461,4.063000,10.549063,6.141472,-5.361778,1.852680,-3.194937,2.276018,-2.606516,-0.028913,4.958265,-2.423309,-0.899393,2.514299,8.712938,0.495245,6.780397,-2.631851,5.336155,3.033604,1
1.399893,1.072485,4.659376,-3.707582,-11.722569,1.007704,5.751451,1.730873,-0.571470,9.473566,-2.892609,-1.116096,-2.625771,-2.267120,-6.455572,-4.350401,-5.237543,-8.083614,-1.560137,-2.797178,0.693970,3.759081,-4.386065,-4.650120,0.869986,3.458830,4.580341,1.478344,-8.494821,0.802872,-4.394337,3.519657,0
0.048481,0.417557,-2.243254,-0.343735,-2.793280,-5.169653,4.222767,-4.137419,1.477577,0.809353,2.802685,-0.365747,6.637590,-2.322308,3.156509,0.430265,3.280764,8.258196,4.122768,1.148970,2.477789,4.957170,1.129576,-8.517631,5.388748,-2.467220,-9.804483,9.959967,2.571091,-1.300806,2.463167,2.319778,1
-8.050883,-1.479691,-4.158373,-3.594936,-6.788630,-7.344328,-1.866211,2.672472,1.815113,4.862257,-1.646814,10.500254,-5.911730,-7.234960,-1.947659,-10.607772,-4.114882,1.453487,6.270226,1.180250,-6.754509,9.333193,-4.002291,-4.772911,3.253305,-13.481835,-0.313824,-8.636258,-5.116392,-4.015623,-6.601128,-0.190359,0
2.166882,12.152864,-2.872671,-1.137556,-1.998148,5.895332,2.250175,6.764441,6.790039,3.154745,0.955065,8.284801,5.016113,-1.616165,-8.127805,1.158495,4.202728,3.069744,-0.739964,5.782475,2.704302,-0.722284,-2.054632,-2.171440,2.056753,2.002211,4.158552,0.343987,-3.026087,0.701368,-9.799809,1.727943,1
3.940634,-8.767844,-3.674032,-5.057127,0.002026,-0.816542,-2.462162,-3.778479,-2.349833,1.269474,3.980467,1.509184,-6.445356,-0.514189,0.684553,-6.836611,0.441044,9.029894,-0.638668,-0.744469,1.028368,-5.644566,2.137386,1.934893,-1.954821,6.549154,-5.603016,-5.342644,2.902531,0.528097,-6.878298,1.404789,0
0.420322,6.337265,-6.646171,6.863264,5.505775,4.742924,-0.817970,1.937700,-0.559019,-0.558916,0.945873,2.617823,6.900780,2.883455,1.297567,0.842352,1.190369,0.755754,-0.902002,1.998711,-0.729712,-4.081480,-1.726181,6.957521,-0.242544,-0.440458,4.769955,-2.908348,3.981752,7.371120,0.645275,0.550156,1
-2.388357,0.185797,-5.366686,-1.675762,-0.829546,-0.771618,-7.747547,-5.868830,-0.505684,5.350349,2.047350,0.451078,-0.749502,10.075628,1.577045,6.185837,-3.991714,4.239193,5.192513,-4.019220,10.133135,-1.462912,6.824797,1.835745,7.651693,-4.625950,3.491465,-2.306536,-2.227514,-3.587839,-3.026468,1.081993,0
1.051823,-5.879110,0.312691,2.711222,8.988262,1.624763,1.097845,-2.210287,4.008171,-3.677523,6.306952,1.531591,-0.411325,5.679634,-6.187295,-0.144741,-4.774933,0.935497,-1.043619,4.329638,-3.114466,3.527660,3.436850,2.354748,5.557529,5.380718,0.995689,-1.376343,-0.454571,6.581718,3.960451,6.014677,1
-1.160408,-0.280951,3.215071,-8.544524,-3.621946,6.227531,-3.329424,5.033588,-0.810989,-7.312097,-2.384890,-3.836054,3.358654,-3.629530,5.695574,-4.095047,6.893341,6.548050,4.056219,1.032873,3.916796,2.020842,7.748302,7.230604,2.911610,1.133785,-3.444338,3.543146,-7.350553,0.465832,0.942852,-3.723326,0
3.285303,0.803444,0.692627,-2.401361,1.706406,-5.105444,-2.495205,-2.187963,0.161068,0.344511,5.112215,2.387846,0.083540,4.616499,9.579906,-3.863813,3.271626,-2.785841,3.385565,2.178291,-4.378511,-0.034286,3.574514,0.234833,-1.726467,5.233648,9.067968,-0.109484,-5.230353,-2.506752,-2.113354,7.231485,1
0.434044,5.620178,12.654470,-4.494923,-2.492346,-4.523815,-6.538435,1.937447,-5.046667,3.775036,-5.186487,-0.741253,0.718061,3.760857,-2.827568,-4.367981,-6.405130,-2.839903,0.651852,-6.187429,2.088593,-4.452087,-4.306503,-8.983857,-2.842564,-5.064766,2.115171,1.137499,-2.606407,4.930849,-2.918324,-2.883751,0
-5.531161,1.163216,3.340307,0.798635,-1.698116,-0.705988,-2.774712,4.955870,5.494778,-2.912661,8.020147,3.362989,3.038391,2.885506,5.232351,-2.048111,3.941011,-2.631176,2.718208,8.540592,-2.050480,3.483315,10.011362,1.742184,1.098907,-0.861105,2.078777,-0.595022,3.568003,0.766554,-4.770857,8.413073,1
-5.448519,-4.551931,4.019060,-4.404806,-3.196203,-2.423948,-0.208073,-1.603724,-1.373810,-8.534567,0.076138,-5.141981,-1.600063,-5.163187,-9.710230,-2.754398,-2.691389,-1.160351,-5.446558,-4.924425,7.826910,-5.182331,-5.105082,2.813253,-13.206826,4.051153,-9.359591,-10.693906,4.837568,0.678398,2.534943,0.339834,0
-1.761217,6.840729,-2.462818,-1.870102,6.048754,4.575821,-5.466627,2.983227,-1.641018,-2.377779,-0.976585,-4.362663,-4.541964,4.070253,1.514338,6.536358,14.615305,3.351971,5.412985,-0.502665,2.888983,3.209188,9.090433,-3.718899,-3.865311,7.580557,0.556049,2.824921,4.686703,-0.599253,-0.863617,1.240705,1
1.184908,-6.007723,-6.407040,-4.662163,-4.268965,-3.588177,-7.502670,7.489489,3.208975,-4.140614,3.846268,3.981571,0.633457,6.119247,-8.059813,-3.827133,10.647280,-3.476501,-1.261499,-1.064095,-1.857765,1.078995,-2.109554,-0.145538,3.631727,1.566195,1.261633,-3.121868,-4.948235,3.121864,-9.144952,0.239405,0
1.468199,-0.198732,-3.264093,0.571169,2.278669,3.520111,7.428282,11.695986,-1.509077,-0.070576,0.284119,0.113207,5.407505,-0.079847,1.813625,-6.558134,0.581396,-3.029953,-2.803223,-0.897184,-0.992044,5.512671,1.697832,1.123373,4.341808,-1.726263,2.324116,6.214815,-1.701517,3.185450,-1.778709,-0.969151,1
-0.985954,-3.790300,6.054522,-10.606479,9.086355,-2.408863,4.949389,0.870903,-1.803051,-14.315137,-0.438541,-4.570757,-3.856472,5.053835,-3.950348,-4.408016,4.134121,-0.962803,0.361673,2.365702,7.328981,0.055134,4.406670,-1.746294,0.975252,-0.108624,4.298073,-2.862152,4.337132,-3.131723,-5.498434,-4.966703,0
-3.399071,6.343716,-0.700668,-1.439615,1.985399,1.163559,2.151222,-0.239252,-4.802094,-2.976902,2.944435,3.514164,2.473162,2.303427,0.961430,-6.148807,5.482784,-1.854774,-2.623569,6.046791,10.250359,0.482813,4.878860,2.205917,2.120678,-0.667938,-0.294245,-0.005516,6.634129,0.803661,7.911125,-6.839908,1
-2.592287,4.092447,2.059284,-2.739624,-1.287834,7.387671,4.622492,1.288445,1.058283,-1.319016,-5.358675,10.729982,-2.705585,-7.813055,3.285770,-5.647236,-4.091839,-4.130392,-4.331591,-5.470692,-4.397499,-8.486935,-5.796532,9.457720,2.104958,-0.752707,-0.457495,1.824535,-0.719971,-1.065214,-4.257771,-1.400930,0
0.584869,-0.523512,4.922863,-2.599300,3.846968,1.363050,-2.105801,-2.200441,1.454821,-3.259827,-4.896994,6.328085,2.416819,3.812567,1.892950,1.476326,-6.700728,-3.562904,-9.460127,8.160957,-6.302811,5.920938,-16.349125,6.754681,2.536959,-2.750416,-5.227805,3.281254,4.880758,-12.617798,-4.102558,1.929544,1
-5.219364,-1.956457,-1.017599,-2.551439,4.895470,-5.749989,-5.461828,3.159561,-4.699453,2.173992,0.233929,2.672237,3.143675,7.310450,1.237881,-2.197660,-5.476662,-4.943060,4.117310,2.200705,-0.175751,3.268398,3.342356,-4.306009,5.679804,-4.048538,-10.572183,-0.018997,-4.717438,-4.796680,0.601820,-1.608749,0
1.159849,10.431391,2.870220,-1.475216,-10.446971,7.097610,11.511621,6.735638,-3.412018,6.462973,5.415110,5.761816,0.187763,0.685013,8.316065,4.345400,2.087198,1.607569,-5.930502,3.383505,3.808615,3.453466,-2.180664,1.540451,-0.005180,-0.311932,1.395334,4.158300,-2.721266,1.066210,-2.260706,2.734470,1
3.479488,1.538740,-4.630257,-4.670017,0.202782,7.559635,-10.385262,-6.374851,-2.533314,5.063782,-5.355043,-8.950413,-4.131817,-8.665442,0.857613,-0.226748,-5.888258,-4.011246,-4.853430,0.554817,1.107817,-0.010675,-1.919481,0.938303,0.475945,-4.363857,2.281765,3.564768,-1.535191,-2.718124,-4.689980,7.826874,0
5.514622,8.037420,-3.847855,8.202484,0.360855,-2.735355,3.266705,5.520329,2.711395,-1.064674,-3.157146,-0.420246,-2.400270,1.020893,1.850077,2.860291,5.709137,-5.623401,-1.379389,-2.301289,1.185581,-0.202902,6.248787,5.195999,-0.222656,4.181671,-5.519822,0.564041,-0.225813,3.463362,6.333942,1.544411,1
4.519388,-6.340761,0.758709,-0.686954,-5.841566,-0.435816,-2.877638,-5.863079,-1.296923,1.304258,-12.100410,-0.386692,-17.664097,8.265522,4.428072,7.418924,7.938438,-7.238523,4.774096,5.275379,-3.635990,1.370037,-1.746737,0.236946,-3.005949,-1.272898,-2.124990,-5.339231,1.916927,-2.441084,-1.002214,2.909681,0
4.662918,0.889305,2.349993,2.692739,-1.458538,-4.078474,-3.257689,-1.012703,2.711454,5.190332,-4.479853,-3.866014,-1.032042,-5.382520,0.847319,-1.205826,2.483330,8.408121,2.613043,-1.565273,-0.387497,-2.013542,-5.801311,4.844452,-0.668056,-2.996946,-0.346397,4.175461,8.253153,-2.442808,-3.428999,-6.032624,1
-0.204433,-1.035021,-6.066545,-5.781677,1.456396,-8.100698,-3.853926,-3.377491,3.276611,-5.952242,0.268158,-6.609612,2.284716,-1.067358,4.201521,1.685829,1.405802,1.482456,-1.471230,2.891661,-5.275240,4.013147,3.275530,0.398539,-1.104652,-4.490984,1.257906,-2.035656,-6.833126,-0.496843,5.789644,-2.442595,0
-2.140718,-2.311224,6.219549,-7.369942,6.216188,-2.118242,1.021448,0.610718,6.842041,2.808218,-5.755672,10.163855,-1.635201,-6.558798,6.572874,-1.061121,8.784775,-2.347239,4.760563,-3.142731,-11.169018,-2.152231,-5.191433,-3.149883,4.951450,-3.411572,-2.581102,-2.977703,6.930466,-2.475048,3.358950,-3.619431,1
1.667908,-6.719530,6.805035,-5.248499,1.951151,0.063694,5.945681,-4.976768,-4.659496,-0.039770,4.403858,7.746407,-1.038795,-0.552317,-5.517128,-3.713604,-5.035488,-3.718649,0.940575,0.366655,6.344137,-0.299904,2.519133,-1.596037,-6.302338,-0.508959,-5.630217,-6.629532,-5.523207,-7.424984,-3.590441,7.626814,0
-8.223461,-5.371892,-0.782839,3.006853,3.276413,-4.796303,3.296242,3.196882,3.503687,-5.818524,-4.042610,5.754427,-1.087877,-1.521929,-1.743074,3.426489,-5.197375,5.778656,2.862162,4.180866,1.512056,3.070505,1.654655,6.637699,6.214975,-2.558805,2.371538,-1.377741,1.328764,3.118120,2.818037,-1.237223,1
-7.472275,-1.771704,-7.878126,-7.084156,8.933222,1.170542,-3.587519,-3.353804,-1.211054,-1.043316,-2.949181,-3.441038,2.290413,2.022146,-0.530291,-5.084270,-4.244978,0.196405,2.257423,7.034458,-1.898058,-3.866568,-3.958712,-1.937187,-3.318470,5.884474,5.465612,0.947298,5.793356,0.183329,-0.285723,-3.575390,0
4.826075,-0.417076,8.732449,-0.263748,2.780512,1.232637,-0.888885,8.036118,2.984316,-9.248187,-10.644416,-5.876985,5.342869,4.091370,2.814678,-4.530367,5.631533,-3.315479,1.482817,-2.623343,-0.111536,-1.170341,5.353092,-4.694672,-7.045245,6.451704,2.695292,1.188179,4.016798,5.911947,-4.928768,-0.140812,1
4.721123,-5.106590,-2.561600,1.595175,-0.215273,6.949808,4.498245,-4.024803,3.571690,1.157522,1.627302,6.189184,-6.557003,5.688198,-1.174295,-6.011122,-0.119595,-2.504738,1.293514,-4.817776,-5.836840,-3.265400,-2.893734,-1.675993,-3.564121,0.494064,2.798717,1.202183,8.355610,-1.072672,3.010862,-5.192017,0
0.000954,-4.098772,3.519085,-6.037980,-1.682848,1.067972,5.946669,4.592154,0.069040,-3.416119,0.932381,9.446665,8.342752,-1.399357,2.625061,-7.824160,-5.393154,0.496698,-2.289362,2.427982,-4.526234,3.921368,0.459528,6.466969,4.012100,2.754890,-4.535887,-1.195652,-2.577343,8.014318,-3.835567,3.501141,1
3.913441,5.790342,-4.248680,2.326029,-3.741652,1.067617,-2.739656,-2.159044,-0.656147,1.171181,-3.857260,-4.100882,0.822252,-4.813017,-9.670809,1.773218,-8.917199,0.545811,-1.204069,0.095610,2.444202,-4.194891,-2.456961,-3.004204,1.430784,0.989063,-6.222233,-4.884106,-0.958435,-5.971783,-2.161913,-9.584002,0
2.792048,-0.720181,3.254627,2.476751,-3.214746,1.037153,-5.280010,-2.415440,5.546345,0.692028,4.028662,2.935720,-3.745707,1.402882,-0.371197,-0.289267,-0.271614,3.904535,-4.751945,-1.940718,3.469728,-0.426270,5.743940,-1.536249,1.388187,4.844408,2.289734,9.061625,-1.966829,-6.476107,0.000872,2.995850,1
-4.484552,-5.540400,-8.483055,5.328768,-7.199337,-0.461451,-0.141680,-5.403557,2.174652,-6.092751,-3.056580,-0.669020,-1.342955,-1.850969,0.056871,-2.794304,-3.570570,4.160187,-9.284231,-6.186338,-5.677084,-6.637558,-1.409962,-6.220896,-0.856434,1.537041,0.684862,-7.445425,-2.489843,-5.356972,0.930780,7.991295,0
1.037964,-3.692385,4.461473,-1.659824,4.631943,-3.823700,-4.384142,-1.054312,5.057085,-4.313818,7.146255,0.511015,-1.233362,3.868563,-1.569954,5.659639,-5.800786,0.706509,10.249826,-3.115767,-3.790157,4.453760,-0.008852,-0.546160,8.211678,8.627810,4.712486,3.326118,1.187077,-3.883745,12.188261,-2.193510,1
-4.219887,-5.397001,-0.181122,-2.682465,4.580225,4.755667,-2.993324,0.075939,4.321074,-5.564976,-9.010903,-1.565290,-5.097723,4.611660,-6.654409,-8.525392,4.385069,-5.747286,-0.114119,1.130976,-6.810293,-5.107698,-3.095861,-2.585176,-2.472206,-7.028379,-0.679380,-0.040051,1.993427,2.166571,-2.436483,-5.474243,0
-0.728004,-1.626680,1.810219,-0.003302,1.813141,-1.507502,1.807146,-1.294195,-5.291958,-0.626719,0.119123,3.213726,4.324230,-3.465794,4.853914,9.660425,5.979219,11.147810,-0.560785,0.858580,-3.087938,2.238270,13.941893,21.142584,0.819071,-7.243182,-1.772213,8.906399,11.510489,-6.471247,-0.254837,5.573048,1
3.625162,0.551971,0.123171,1.072031,6.097790,-7.968456,-5.642254,-1.586842,3.704037,-1.095253,-4.315264,-2.606899,4.673283,-4.354166,-3.177158,-0.777576,-1.646315,-5.795027,-3.368700,4.626945,-3.349331,0.950449,2.574781,0.841793,-3.005775,-5.776981,3.430595,2.003431,-4.005018,-4.001549,-4.633814,6.398973,0
5.094704,-4.710407,0.819630,6.406767,-2.841345,-1.319210,-4.425308,-1.126421,-7.446811,0.587835,-3.737602,7.025772,-6.817270,8.039003,4.365335,0.685719,2.433308,2.828068,-5.417330,0.167055,4.150509,2.025116,2.505909,10.522413,4.448921,0.316130,8.704283,2.145821,0.716612,-0.302980,-7.885424,-1.116283,1
-1.128056,-7.559833,-0.976284,-1.568676,0.800886,2.706903,-3.563913,-1.545828,-4.610390,-4.409872,3.040886,-1.425505,1.940056,4.726475,-5.527393,1.986267,1.898603,1.495928,-4.049906,-2.315025,-8.720094,-6.032961,4.374029,-2.736504,-5.327925,-5.342524,0.276459,0.263805,3.503019,-9.601668,-2.771965,-4.343348,0
8.382889,-3.712341,-2.533953,1.565811,4.784704,10.820608,4.055658,7.297176,5.091928,3.829514,3.729736,-5.057976,6.182787,1.403631,-5.124736,-1.686850,-3.482105,1.791428,-3.489374,-8.344012,7.939905,3.197748,4.025787,-0.861837,-2.434153,1.103811,-5.452247,0.386684,-0.308718,2.274446,2.299425,3.746696,1
0.036217,-6.165125,-3.094820,0.955595,7.261242,-0.982409,-2.372454,-4.786718,-1.908403,1.110905,-1.867281,0.250692,0.299221,-1.681883,1.020485,-4.595097,-3.313934,-3.056082,-0.136442,-8.455916,-1.279987,5.796099,3.470390,-4.115465,-1.366978,-1.020428,-1.996838,-4.489872,1.049719,1.786676,-13.154406,1.352711,0
5.248671,-4.040541,11.201689,2.090549,-1.153368,-1.622232,4.482349,0.959570,-2.421375,1.804737,3.149918,2.539009,5.441544,4.500280,2.588064,0.912344,-2.227093,-0.179090,4.380531,3.719070,4.083496,-8.581314,4.244184,-3.705996,-4.392229,-0.294317,16.285933,4.495003,5.427914,-1.911516,-5.705605,-1.694998,1
-8.609779,1.108591,2.475342,-7.919408,-7.868108,-4.002874,-5.613289,0.044897,-4.373384,3.658319,-2.244144,-5.046951,-1.879559,3.519283,-1.286642,-6.267818,4.053629,-5.208786,-2.846846,-4.293144,7.477909,0.095978,0.967432,-1.244307,-0.476471,0.564440,0.349590,-0.554636,1.381950,-8.100685,1.579292,-0.766743,0
-1.596626,7.952353,6.611126,3.779007,2.611750,-2.823837,0.961975,4.816160,-7.102536,4.550034,0.214605,0.582281,3.856874,1.384741,1.462938,-0.810131,4.782099,-2.276096,4.471611,7.075308,1.479483,0.853561,4.480354,-2.352531,0.337374,1.281534,1.454529,1.024551,1.221569,0.115273,-3.872795,-2.153313,1
3.814077,-2.353298,-2.715517,-2.676157,-5.233437,2.051865,-0.968142,-3.606781,1.949514,-6.457304,0.396345,-4.523157,-8.953761,-2.974245,2.603481,-1.666622,-0.958822,-0.835712,-5.040384,-5.657938,-3.340860,-8.429898,-0.574442,-0.591936,3.544407,-1.544222,3.310759,3.462397,-3.412966,-4.000868,0.952078,0.772108,0
7.926323,9.287235,0.187485,3.780739,-6.677073,-0.525311,-5.375916,-7.128667,-1.811729,-7.953363,3.836206,-8.755707,-9.776160,-1.470600,4.662243,1.979696,-1.923153,4.514891,2.555845,4.253477,0.467239,1.882153,5.416561,-2.710310,-1.578571,-3.289242,2.458435,9.095470,1.915033,12.955404,0.184345,-0.715370,1
-3.411797,11.387930,4.315031,-0.805254,-7.673369,2.823906,0.108128,-3.230618,-2.490875,-7.970516,0.707058,-1.682579,3.749681,0.763641,-0.818710,-2.993469,0.931843,-6.388712,-0.696856,-2.628624,-2.520346,2.079554,1.751602,-8.935413,-6.956669,-4.138161,-0.996294,-10.778156,-1.916122,-4.595329,2.893757,-0.276821,0
-4.081423,-6.670468,-1.000711,-3.911158,3.778734,10.465887,0.792742,2.619816,2.842245,-2.823610,2.698706,4.917236,-2.442621,-5.478136,5.984386,12.474344,-1.952206,2.244356,-2.697533,7.099051,2.416990,-7.389793,4.414398,-2.011927,4.965687,6.786232,3.893360,-2.958731,-1.720076,3.096436,5.495724,3.614626,1
1.884192,-8.813922,-2.641556,2.595600,2.476116,-0.939550,3.343679,0.421141,6.715290,2.395090,-0.758738,-2.040829,2.937599,-2.349951,5.031435,-7.458090,-4.344198,9.967474,-0.492142,-2.460157,0.086176,-5.259617,4.663578,-1.295135,-2.432926,1.637472,3.383060,-10.037285,-3.773664,0.599041,-10.466941,1.163652,0
5.467619,-8.590351,5.649132,1.707987,-1.027313,4.896946,-1.089794,-0.079422,6.400095,-4.529188,-1.181175,0.499516,-5.554847,7.598186,-0.343309,-6.913118,9.398230,2.304123,-4.086514,1.437374,11.412359,-9.506527,0.323519,-1.005323,1.421827,1.551643,4.337723,4.957642,3.862520,-2.216152,-0.149542,5.908270,1
7.398823,-6.095953,0.454226,-0.752501,-1.310265,-4.347698,-0.220158,3.601587,-2.812601,-4.108809,-0.001169,-2.228666,-5.771343,5.559973,-1.007372,-3.017429,4.411684,-0.488323,-0.452122,-5.075325,-2.242104,-6.248152,4.872503,7.408730,-1.129080,-0.012932,-5.076385,-2.501541,4.991966,-6.312136,-7.241488,3.993818,0
1.046684,-0.532543,-5.568121,2.865971,-2.680935,-0.241529,7.941711,1.507008,2.521772,2.836567,-4.491407,0.123930,5.235737,3.802069,-2.456079,0.985594,-2.655333,2.913162,-9.170683,-2.579786,-2.350821,-3.891884,-2.665257,2.807713,0.363287,-2.645443,6.462782,-2.427067,-1.986059,-3.540451,-3.506998,2.738186,1
-3.484468,-0.820623,-0.669476,2.732780,-3.931253,-6.088842,-1.050865,-1.870415,-8.966787,-15.074872,-1.960911,-5.861528,-6.788151,-1.662001,-1.798838,-1.084259,-1.488270,-6.491232,4.787214,-5.532637,-2.987524,4.068529,6.271523,-0.887459,1.697399,-4.534016,-9.228533,-2.096975,-3.287207,-7.038683,0.822939,1.402651,0
-3.847424,-8.903374,6.300200,2.061714,-2.197104,3.876284,1.989027,3.124296,4.117096,4.343811,2.304865,1.535387,-6.403707,3.841698,3.903509,-0.804966,-3.898739,-6.863736,3.257397,3.149773,-1.541376,5.838274,6.939968,0.009237,-2.292755,-0.641996,-2.205900,-1.967283,-2.197746,5.862339,-1.277107,5.589762,1
7.858034,6.006762,-5.377913,-9.014750,2.014048,-4.900793,-3.623371,-0.633883,1.960499,-4.442062,-1.139627,2.476076,-0.761524,-0.817953,2.851015,0.203245,-5.896496,-2.410576,-0.213243,2.261953,2.404348,-1.297235,-3.757227,-1.196644,-5.939932,-5.112452,-2.951506,3.508297,-0.627487,7.786676,1.231699,2.776251,0
-1.739878,1.213781,-4.448957,2.733938,0.622931,-4.658552,3.149889,5.349327,5.024105,6.861401,-1.223299,-4.080484,6.789383,5.226273,6.750816,-0.569792,2.604656,0.841684,-0.626114,-2.797791,2.684841,-2.284529,1.547611,0.918016,-1.518503,-3.047831,-3.557703,5.828892,1.481554,-0.940874,8.952841,6.238974,1
0.869093,-0.096481,4.073811,-4.037611,1.135771,-3.540861,-5.784315,-2.030670,-4.121458,1.894213,-1.183474,5.322392,4.810452,3.856977,-0.877594,0.942816,-7.472550,-3.583902,3.113092,-3.645409,-4.145487,-0.641970,-1.747381,-0.822012,-2.222551,0.404501,0.695042,-3.912527,-8.081619,-2.292969,8.625376,-1.323992,0
0.560926,4.924913,2.092510,-2.634966,-1.086023,-9.199736,5.132391,3.716928,1.308840,2.370621,-0.740957,-2.295618,3.513525,6.923861,-4.040855,-8.214167,2.496094,-1.520952,4.417274,2.607550,-0.106319,-2.491310,5.613592,6.033478,2.201399,1.766039,1.279728,9.496176,4.736797,6.035603,-2.710373,2.239622,1
0.247650,2.913973,-4.360697,-6.133877,7.418806,5.389313,4.886148,-3.078182,0.591223,-8.267430,-2.072615,-4.965876,3.748713,-0.827656,-2.240265,2.473770,-4.826376,-3.821430,-1.612209,1.588314,4.795916,5.628143,5.167597,4.298826,2.840124,2.751972,-7.015173,-5.117033,7.562252,-2.789917,-3.550114,-12.918470,0
0.853376,-2.814102,-0.904711,-1.149878,7.782116,-5.375058,-1.090914,-4.581867,-0.259869,2.044172,0.964241,-2.474192,0.996962,-1.031332,-0.462738,6.247425,-4.023407,1.313828,0.754744,6.725069,0.455633,0.609678,4.502638,-5.517706,0.247742,-4.484606,-4.855680,-2.207676,1.865536,-2.321693,-1.285330,3.825331,1
-1.240643,0.839558,0.871380,8.236094,-6.747902,6.848475,2.220909,-3.923632,0.882278,-15.189434,2.318237,-7.762650,2.681644,5.054909,5.265642,1.790417,3.215071,3.824785,1.656622,5.668831,-3.677660,-8.309451,-4.746773,-5.384167,-1.156111,-3.167822,5.709248,2.412346,-4.115589,-8.041946,-0.346601,-0.444464,0
0.731386,-4.203018,1.130985,-0.428612,-3.126102,5.421663,2.802628,-3.753736,-4.783070,6.172310,1.569221,2.748453,-3.744602,-0.681404,-1.006346,6.071163,-2.403002,1.587690,1.532906,-1.978905,-5.814474,-0.049208,4.333662,11.360765,-2.490131,0.721144,1.778625,1.882355,-3.196161,7.301031,0.192051,-14.158584,1
1.001423,-3.744093,2.375111,6.085211,-2.763868,-7.980216,0.574020,-0.603733,1.418482,-4.471407,-5.069496,-2.809238,-0.775473,1.197725,6.035730,3.734428,-8.987248,4.797497,-5.119518,-11.407461,6.534906,-0.419281,-1.488449,-0.745569,-0.273251,2.008785,-4.274549,-0.701508,-2.756172,0.489511,8.956762,-0.712879,0
-0.870584,-1.948229,-2.095654,3.501436,1.414810,3.653666,-3.098505,1.190722,5.366686,8.836279,2.123404,3.972261,-3.388708,8.861824,-0.730566,-1.812868,2.311113,8.411451,-5.740554,-2.548765,-2.150293,2.570004,-1.472080,3.194401,-1.072166,-1.079443,4.853603,-2.523952,-5.407880,6.269102,-6.273752,4.063150,1
0.548712,-0.765453,-3.771900,2.532694,-3.551342,5.095570,-5.630726,-1.402987,-0.440987,-1.719717,-7.130544,-3.711710,-0.890198,-2.372793,0.011347,-9.004039,-4.901711,-10.636889,-0.147282,-5.923733,4.467707,4.619703,-3.562492,-6.038572,-4.199810,-5.069038,0.563105,-0.772591,-4.751303,-1.924683,-4.416311,0.873724,0
5.462181,9.703100,-4.751043,-2.597576,0.479462,5.232498,-0.347717,-5.424328,-4.012451,-4.717905,-7.478926,6.866846,1.973211,-0.293819,-2.346100,3.861910,1.663738,2.656719,5.546160,-1.431911,0.950363,-7.668018,-5.857852,5.363667,-4.146957,-6.495144,-0.300777,2.977827,-2.820898,-11.663437,6.132130,2.140369,1
-6.227671,-0.920319,5.253433,5.925560,3.108715,2.532579,-5.558329,1.256901,-3.444874,-4.497288,0.164000,-5.024803,-4.462818,-0.834627,0.341467,3.110142,5.460646,-0.529266,0.079990,-3.214304,-6.927494,1.184143,5.645468,8.111496,-1.295591,4.101179,0.896854,-0.436954,-5.735489,1.342604,1.118279,-4.392729,0
-6.483794,8.876469,-6.173759,2.331371,-3.277922,-2.286240,8.886381,-3.579491,-0.561491,-2.813084,-2.640633,-7.402043,-4.075136,-0.641207,-1.051170,-0.557465,4.517519,1.227810,6.274929,-2.453800,-3.512074,8.040556,-1.018576,1.459982,3.561943,6.147018,-4.891800,4.612577,-3.051554,-0.771265,1.692484,-0.418831,1
3.380556,1.914192,2.105696,-6.821718,-5.762711,-4.153759,-5.575201,4.721130,4.910887,-6.754795,-5.376017,5.198046,0.804239,-10.499474,4.532770,-3.004881,1.669895,-6.071405,11.256067,-3.208265,-3.823284,-3.599752,-5.504915,3.573771,-0.424786,-4.039812,3.412174,-7.671860,0.855574,-1.308180,2.441246,-6.988501,0
6.499210,1.710255,2.147379,0.804871,-2.299145,6.052591,3.454723,-0.056471,10.968637,10.970167,5.976070,-2.879036,1.730122,-4.209139,-2.943796,5.811361,1.759893,0.925760,10.039433,0.156448,2.141226,-0.695587,1.195269,-6.069049,6.689974,5.074287,6.202379,2.052029,-2.914551,-5.384625,-5.016792,-0.337263,1
-2.301056,6.885603,-3.112503,-5.841280,1.927298,0.326977,-6.333984,1.008053,-4.189249,-3.681808,-8.906127,2.334007,-2.386501,-7.012550,5.943029,-0.544956,-2.952229,2.775116,2.567543,6.244064,-1.537052,-0.734266,0.737228,3.642681,-3.164600,3.722038,6.890354,-6.748112,2.270264,-0.982862,2.324949,-0.970152,0
-3.303556,2.758554,-2.566238,-0.631765,-5.498810,1.555658,6.242086,-1.781906,0.875006,-3.029049,-1.227446,2.274590,0.959835,3.317007,9.749115,7.307129,-1.449324,0.747023,-1.356745,-3.434732,0.568382,9.050434,1.586241,-5.873047,-2.658358,10.089296,2.061960,4.137577,0.653336,1.949148,10.345720,5.067532,1
-5.568651,-6.487431,-4.450558,6.035698,4.568352,-7.592085,7.013245,2.913252,0.247681,0.569628,-1.945028,-7.183786,2.575468,-1.661421,-1.105558,-7.254000,6.744448,7.044540,-4.357229,4.022327,0.916281,-9.830176,-4.211849,-3.837217,2.612221,6.102900,-3.245607,11.450594,3.689255,-4.736404,1.635628,3.187851,0
4.676058,3.742798,-0.087265,1.898794,-2.383421,0.025396,1.842514,2.582806,4.038197,-8.403989,2.256851,4.731668,-0.092449,0.336161,-1.213062,5.754301,0.636600,4.597252,5.030716,1.271486,-5.491871,-6.551086,4.544121,-3.363445,-0.718472,-0.419853,-2.801600,-6.603226,0.858110,3.153740,-1.889336,5.675545,1
6.675020,-2.364105,-5.641989,-2.387197,-1.710733,-1.254822,1.204769,-3.969341,-3.419003,-7.357548,1.043558,0.435434,-0.460110,-3.914667,-2.647516,-4.431622,-2.090559,-6.284788,3.660980,1.777525,-0.303488,2.875586,-0.492250,-4.259556,2.523087,-0.529854,2.325125,2.429409,6.009607,0.295826,-0.567957,-6.481800,0
-4.029800,4.794344,2.549015,6.503269,2.872831,-0.230959,-10.075932,11.503561,0.835516,3.323584,4.723057,1.685104,-2.634554,5.670362,-4.404896,3.732187,-6.485919,5.967056,6.303286,3.398338,7.766684,0.429884,1.147860,6.508625,2.795227,1.212317,-2.837263,-6.249908,-1.086315,7.048697,-1.486866,-2.725315,1
4.440369,-2.231325,-3.891481,-8.056622,-4.424124,-6.700205,-0.039070,-3.202362,-6.106726,4.188860,-1.778839,-9.516142,4.207310,1.339890,-3.102556,-4.951189,-1.860275,-5.191826,-4.436794,2.999880,-0.541574,0.333570,-5.446272,-1.800215,3.341860,-2.849680,-6.025103,0.016592,-6.223204,-3.127491,4.211241,-6.927420,0
1.235897,4.551369,0.820587,-2.437033,-0.369837,1.496506,-1.757189,-9.057990,0.081055,0.128338,5.918976,0.047743,0.623655,3.277336,-2.046347,6.488564,-0.428940,1.027260,1.114286,5.059351,2.789503,6.552746,-0.808920,-0.699808,3.198574,-9.441879,-4.020525,2.918360,4.993797,0.240263,-2.285950,2.648314,1
-0.935972,0.848457,2.501244,4.522591,1.504908,-3.547998,0.330585,-4.454239,-7.637871,6.660992,-2.583078,-2.212543,-3.908344,-0.158014,-2.082096,-1.011543,1.502041,-6.292915,-2.428566,8.462740,-3.358673,8.379015,-3.225498,-1.017643,2.819773,0.388176,0.915316,-4.771696,-2.414734,-1.712917,3.461651,1.210623,0
-2.982141,-2.678986,2.066059,-2.299286,-1.208904,-3.678463,4.131090,-3.983419,2.410292,1.703377,10.063391,10.664745,4.011255,2.829615,2.757872,-5.240195,-12.440295,2.027241,-1.338062,5.250305,-0.919630,1.820021,-5.652409,0.872303,6.669621,-5.296209,0.778900,2.945133,-6.873720,1.150080,-2.463476,2.560982,1
-4.976397,-2.658525,2.454603,-1.243546,-4.572681,1.980822,7.289141,0.063978,-7.917257,-4.411968,-2.873440,1.152409,4.511528,-0.064699,-2.751297,0.515984,9.269583,0.864759,-0.906523,-0.955761,4.084854,3.058729,-0.304218,2.581421,-0.358894,-4.931540,-10.926997,4.111818,-3.524038,5.649183,2.117228,-0.225245,0
5.444731,-0.386858,2.417356,-0.788925,4.696812,-3.709127,7.424337,3.046495,5.399555,-2.361769,-6.991126,10.450172,-0.290621,3.627462,-2.352728,2.999899,4.696991,-2.540649,-3.519087,2.652050,0.842001,-6.468701,4.192047,2.505871,3.528444,-8.762842,-0.862885,3.924877,7.562845,5.563231,-0.826288,-2.634048,1
-5.418669,-10.297153,-2.539307,4.397367,7.405001,-4.857962,8.428270,-3.368710,-1.489702,-4.815243,-1.671766,-1.510456,-2.486120,-5.943888,-1.353975,0.393162,1.006664,0.721735,0.295689,5.334080,-5.748224,4.078924,4.288071,-2.626585,-6.916300,-5.518286,3.262461,4.283560,-12.760856,-4.297676,-0.937700,0.601475,0
4.598150,-0.286943,-3.302044,-0.976294,-1.279453,-3.866205,8.243486,5.876320,-4.475124,1.965748,3.155518,10.517561,0.719387,2.414974,-3.161999,4.085640,-3.353231,1.575659,0.751511,-3.972208,2.284624,7.217100,2.863659,1.328253,0.598766,-0.605600,2.049604,-3.599033,7.655767,-1.741674,0.774073,-0.604736,1
6.438950,-8.411096,-1.614452,3.953606,-3.289175,2.376472,0.641130,6.018198,4.143135,5.071243,3.022232,0.527678,-4.934454,6.446871,-4.405403,1.061190,-5.490330,-5.243658,7.694101,1.961962,-6.352264,3.342121,3.668648,0.115063,1.894522,5.030973,-0.908562,1.553102,2.639921,3.085949,1.607138,-7.320260,0
3.620598,7.637154,-4.561956,-1.419010,3.299986,-2.402018,3.906408,-1.552803,-0.405729,2.739672,4.503965,-6.821292,-2.044115,0.603970,-6.366741,0.345053,-0.019197,1.641113,10.849167,8.380241,6.208561,2.177906,-8.330396,4.284695,4.780725,4.751019,5.368223,-0.478140,-10.507074,2.314150,-1.920250,-4.433989,1
-3.635389,1.837019,-7.681962,-7.359931,-7.647090,3.244301,2.930979,0.734148,0.282026,-10.499947,-1.413269,-2.986601,-4.142918,-8.281535,-1.295736,-1.247477,-12.721372,8.612328,-4.966948,0.305758,-4.492785,-1.911152,-0.230745,1.889837,-2.166815,-4.215269,-2.065548,0.122726,2.599663,-3.957319,-0.677208,-2.156271,0
9.049896,11.887854,10.436296,7.410248,-2.253994,4.874199,-7.039202,4.178734,-2.551325,-0.573612,4.693867,5.062580,1.321138,1.198750,-4.086624,1.312725,1.765358,-0.275801,3.044727,-6.075381,2.343973,2.663401,1.749966,5.976776,-0.450338,-3.601353,4.330294,3.613977,1.391245,-6.622326,-7.246734,-0.944393,1
-1.586851,1.385632,0.236542,-5.463387,-2.227266,-0.919619,-1.706928,0.794109,2.509920,4.015833,-6.306086,-2.023386,-2.848705,-3.916300,-2.219418,-0.733459,-10.186188,-14.184112,-6.833952,-0.396618,3.224350,1.618990,-3.660952,-6.852551,9.838240,-0.598099,2.883762,-0.241106,3.591204,0.063713,0.891451,-3.255722,0
3.547802,0.656012,-1.814322,6.927542,-3.895212,-0.619667,0.813351,-2.319872,9.114485,-3.058889,3.532887,4.003466,3.094036,0.833860,-4.954775,0.520353,4.184105,-2.987925,-2.862392,9.039562,-1.113419,0.131077,3.088488,2.886908,4.456560,0.106852,-2.691652,-5.270579,0.093943,2.357969,-0.331818,-3.898094,1
5.957232,3.944466,-3.884607,6.299479,-4.762459,-2.248585,-2.811964,-4.333822,-3.270737,-2.734426,6.777864,1.173105,5.257765,1.674585,5.869957,0.653074,0.422150,-2.447397,1.932541,1.790937,-0.541828,-1.725292,-12.767357,-0.351492,1.568739,-3.558887,3.158079,-0.973671,-2.279272,4.698471,2.188889,1.185589,0
2.067911,-2.177561,1.663311,1.287571,6.164911,4.646156,-5.534531,-1.508078,-4.498884,2.938438,4.183157,-1.646778,-1.812160,-0.311703,4.551289,4.827093,8.288164,3.390360,-6.125427,-0.185411,7.655811,1.119204,2.418236,3.413651,2.313641,3.058296,1.097002,-2.359999,-2.989687,-0.106989,6.476765,4.167675,1
-4.187994,4.919689,1.321337,-2.401281,-1.725344,-3.492544,1.851751,5.697613,3.096014,0.537312,-1.042953,5.697834,-2.462255,6.933125,-5.261400,0.091116,-0.027134,-2.611856,5.794336,1.036213,-2.609913,2.829468,-1.432356,-4.068443,3.569813,7.981991,-2.463572,-4.213976,0.091263,-3.893673,-3.857679,1.584564,0
-2.082336,4.777794,4.707273,1.142969,7.772350,3.711708,6.222540,-4.777754,-5.400847,4.696321,4.256594,3.920437,-2.208008,1.214098,2.734144,3.881201,0.612022,4.444296,-1.699804,-2.330767,1.434134,5.478752,-8.241377,8.703495,3.741476,10.562653,-0.825081,1.796581,-2.776827,3.107904,7.222157,2.438047,1
1.489536,-2.306133,3.341846,-4.747658,-0.957203,-6.443241,-1.139849,-2.500813,3.004589,-9.242557,-3.536629,0.038507,-4.749271,-9.976431,3.051943,-0.286610,-3.987852,0.579882,-4.970041,-4.805805,-7.457397,2.982880,-2.500582,-3.586498,1.299427,0.476921,-7.267014,-7.244526,-1.023636,-4.663799,-2.833458,-4.967503,0
-4.084135,6.557346,1.270845,3.431032,-3.226515,1.961418,-0.816071,-0.052807,1.488356,0.988754,5.641136,-5.729393,4.060163,5.215878,2.919191,-1.122801,0.975222,0.314787,6.159071,-3.302555,-3.822962,7.695206,3.006674,4.906967,0.117401,5.326057,0.863287,5.398939,0.415758,-5.543922,-0.249088,-4.278677,1
-4.450020,2.646347,-8.702211,1.431816,-5.031357,-4.902534,-6.905630,-1.223211,-1.614809,-7.470576,-3.910172,-0.517654,1.794603,-2.896833,-4.292452,4.341921,-8.282951,4.150646,1.536257,-6.226160,-1.125156,-2.412930,4.795847,-3.463758,-5.215609,1.417992,1.741306,4.006214,-4.358326,-3.438189,6.918289,-5.491081,0
2.837873,0.772337,3.265659,1.357841,1.764519,4.504471,3.024727,-1.914484,2.027708,-0.018770,0.585430,2.563234,8.942308,1.606066,5.627876,-1.226488,1.847189,4.079834,0.983355,-0.916256,7.957771,0.452892,8.333689,9.882347,7.874678,8.065008,7.645655,1.333160,-4.864973,-10.407685,7.742418,4.076542,1
-4.927572,-1.542471,4.815968,-2.078081,2.749878,3.176975,-5.469618,1.630957,-1.511309,-2.084074,-4.020151,-7.439208,-3.614185,-1.065130,0.460070,-9.493734,-5.266279,-0.307999,-0.546005,-5.202456,-2.330763,-3.701698,-3.973360,-2.077585,2.033377,-2.726017,-1.757837,-7.446276,-0.768555,-8.998499,-13.768255,2.605431,0
1.478582,2.638985,-0.472668,-1.206278,-4.100851,-2.672615,-3.122574,5.687868,2.992050,3.307077,3.653675,6.656963,4.733463,-0.145607,3.668970,-3.307692,2.393225,-0.871616,1.744862,-2.658659,10.819792,4.310366,7.315836,-3.596699,-3.766279,-1.228939,-0.644787,-0.156649,3.211702,-2.830080,-4.795263,0.332197,1
-4.633575,-10.876902,-3.652971,1.562527,3.255777,-5.252163,-4.684566,-9.155665,-5.475080,3.705463,-11.775035,-7.524781,-1.051027,3.080990,6.178379,-1.960712,-5.577793,-1.180054,-6.572462,-10.530252,4.208958,6.652481,-4.119417,-0.224712,3.824905,6.646078,-5.095791,2.987959,7.960073,-2.449638,-8.780777,-4.537752,0
-1.837353,-5.628392,3.347027,-11.069618,2.084658,2.950756,4.367384,-2.942268,0.279047,8.169016,1.200762,-6.534959,-4.302065,-3.775213,-1.969034,6.460333,-1.164875,-0.811014,-7.916813,2.280209,3.067791,-2.153803,1.399830,3.943171,-2.996494,-8.402097,4.940254,-5.248204,4.166990,3.518158,7.126461,-5.171074,1
-9.214530,5.284784,-0.127235,-0.433228,-0.636919,0.350037,7.872221,-1.880297,-1.798962,-5.809216,-0.067297,-5.871685,2.299591,-6.701513,-1.568739,-3.489998,-4.237635,-5.779215,-2.466785,0.150717,-2.942015,-0.029114,3.687328,-1.614340,1.562771,-4.527628,-2.538609,-7.969746,1.682413,-6.392447,-0.772455,0.389732,0
-6.756694,-4.864511,3.546597,-6.197879,-0.160835,4.729124,6.296755,0.569180,0.183012,-3.654266,4.020407,1.507748,1.631189,-5.130664,5.939177,13.277308,3.041933,3.479855,-7.403648,-2.942678,1.709160,11.224646,0.445589,-4.705694,5.196634,-0.493309,-7.201907,-2.707748,-2.195866,-5.113866,-0.047970,-0.500782,1
-0.467222,-10.143935,-3.674129,-1.211502,-1.063395,2.801590,-3.059553,-8.199849,-8.886511,0.218302,-10.005995,0.883516,-7.546194,-0.645338,3.965065,1.693239,7.676058,-4.109810,-7.140886,-8.022495,6.193443,0.198183,3.595043,0.037346,-0.304214,-3.460032,3.706627,-10.827744,-1.828720,3.743589,0.068882,3.853184,0
0.064068,1.388052,-4.288162,3.683771,0.224188,2.255621,0.958965,-0.895847,-0.383415,4.515352,0.145510,-0.210964,-2.320089,2.675001,9.845615,2.860544,1.907829,0.798328,-2.171919,8.600657,-6.924967,2.008434,3.993622,4.223034,0.170031,0.489061,-0.100376,2.072399,-4.593504,2.486559,-1.746437,2.691057,1
-7.208107,-0.528252,-0.399868,4.177799,-2.214634,-2.684755,-6.172928,-5.501188,-4.685200,-1.223761,-0.483828,-0.242371,0.530531,-2.961624,-8.927135,-9.187606,-2.856441,-4.000092,4.902554,-6.317564,-3.738628,11.849802,0.301884,3.720398,-1.228434,3.086813,1.192677,-1.726913,3.300882,-3.108204,1.611641,-2.150234,0
-0.123707,0.649712,-4.995882,4.531588,-1.224482,2.981562,2.232855,-7.054890,8.434528,6.443117,3.440910,6.370964,8.694809,2.772512,1.243643,2.129858,-0.420603,0.583477,-4.884850,9.462091,5.793329,3.202457,2.622150,4.713259,-1.675695,8.233496,2.218643,-6.290290,-3.200804,4.509043,0.427547,5.413351,1
3.178570,-5.405201,1.227476,-1.227688,1.839487,-5.394802,-1.985653,-4.438416,-2.421476,-8.720816,1.491127,-1.236856,0.261894,-4.713814,-1.849461,-5.401888,5.927879,-0.534538,-4.318920,6.760311,-8.161026,-8.720062,-1.765579,3.953901,2.753771,1.458735,5.871481,-1.205160,4.214724,4.042799,0.995176,1.274351,0
2.761290,12.915560,1.369228,-2.529680,-1.035538,-1.454206,15.912405,-1.272636,4.423298,-7.079066,0.245672,-1.682623,7.473410,3.168558,4.296347,3.605007,0.694271,-2.833643,1.712864,4.748196,-7.807341,7.148144,1.883963,-0.634481,7.201357,2.328852,-3.200447,-7.469497,-6.872595,3.593378,-1.560549,1.283247,1
3.518951,-9.159143,-1.610050,-5.846260,-7.194248,5.522865,-2.154957,1.027937,-4.382626,-3.318678,-3.220219,-7.629775,-3.529936,-3.307978,-2.953999,3.742088,2.101883,5.477217,-5.311474,2.207607,7.275391,2.764078,-7.540803,0.758028,5.704123,8.858889,-2.866756,-4.643795,-2.464460,0.445719,-3.344185,0.923691,0
3.709061,8.431864,5.153362,-4.833305,-3.813490,9.431364,2.061142,-2.225216,-4.031713,-7.399824,-2.045578,0.736416,-3.409159,-7.432015,-0.602301,-7.318695,-1.189161,3.892374,6.662104,0.410706,0.325554,-3.415760,0.899492,-1.826651,-5.619287,-1.998190,1.713602,-2.055288,11.136637,2.507164,-1.594940,-5.342617,1
-3.331018,-1.633102,3.296280,5.339725,-2.212627,-3.169706,-0.604389,-1.674589,1.233501,-5.175173,6.052124,0.706972,-3.530939,3.394114,-5.698771,-2.994558,2.599874,-0.098438,0.280054,3.929199,3.327141,-4.170288,1.258259,-7.196784,-5.016001,-1.370045,2.297125,0.663340,-3.162861,-2.451050,8.140213,3.185383,0
-5.105653,-5.109712,-5.207135,-1.222570,5.416445,0.389778,5.935644,4.686901,7.909407,-1.343573,0.945028,3.257727,3.763540,6.217741,4.799570,-5.129088,-2.945482,-1.864285,-0.592924,-1.088148,9.469290,-6.599592,1.670292,7.817020,8.861826,-9.736406,-2.617874,0.923925,0.316124,7.849834,-5.967465,-3.218742,1
-2.437551,-3.940849,-4.698265,2.835411,-8.300324,0.324028,-1.621840,-6.928802,3.852161,-8.976900,-4.588234,9.188963,3.836872,3.731176,3.706608,3.004913,-3.780106,-5.492744,-2.927202,-8.645088,-2.088627,8.822035,-2.189482,2.875278,-5.228308,-5.086138,-2.887581,-3.404972,-2.952059,-2.919483,1.383787,3.131041,0
5.975683,2.555071,-2.341290,-8.487479,9.097931,-0.264400,-2.624134,6.828724,-2.706228,2.481771,0.298735,8.323002,1.156006,-0.373905,0.419502,3.243141,6.247408,3.290258,1.896843,-5.457828,1.041533,-0.468927,-0.739964,1.922455,1.304110,3.284504,-8.625392,-10.954841,6.063259,0.701014,2.194269,-0.549673,1
6.906385,-2.690447,-8.763471,2.002665,-3.478285,0.044493,5.115358,0.701210,1.429775,-3.016285,1.781769,-2.205729,3.259739,-0.715294,-3.649113,1.359335,-4.943695,3.267017,-2.827517,-0.939852,2.275261,1.189535,0.482470,-6.693844,-6.995844,9.101397,-7.872386,-3.233305,-1.885279,-9.480743,-3.633127,-3.006432,0
4.526318,-5.217974,2.649530,-7.695190,-3.927618,3.725946,-3.231127,7.687777,-0.867880,-3.669277,-1.684963,8.126755,-8.437419,-3.089302,0.452726,2.871923,-0.320042,1.886303,-3.148727,4.168991,8.556934,3.308475,-3.113918,12.660826,2.661398,-0.175730,1.828587,6.203131,10.952013,-3.290686,2.682457,5.658571,1
3.221766,2.970594,-0.548643,-2.256777,-12.998657,-8.091343,-0.070042,0.765369,-4.642286,2.026073,-2.062532,-0.627373,6.767279,-5.452597,-0.340847,1.062822,0.618544,-0.074125,-7.947178,-3.376276,6.544233,4.146418,3.791861,-1.394075,-7.657889,-6.699184,-3.945372,-5.947128,5.361065,-3.303299,-2.179363,-2.309446,0
0.482712,-5.191786,6.389093,9.386312,3.695690,0.216133,-1.250099,-4.136187,-0.417984,9.304609,7.274977,-0.568108,4.398905,2.004131,4.960779,-1.483538,3.378204,0.621380,9.105459,-1.682981,0.618811,-1.908104,0.555223,-7.348444,2.902302,5.616276,5.561193,2.019373,-4.098974,-4.191948,11.763964,-3.973320,1
-0.986839,-0.243500,-7.820607,0.253710,-2.061405,-7.104332,1.176722,-0.269922,1.134890,-5.322506,-5.032637,-5.301567,-4.060127,-6.693413,0.787745,-1.346437,-12.071700,1.896040,7.010437,3.042267,-4.513397,-0.667721,-1.525196,-3.564104,-8.037545,6.452665,4.046608,7.082113,-9.752261,2.084867,-6.641335,5.183937,0
-3.701351,11.717249,0.994518,3.161022,5.067493,-2.284300,0.246758,4.649178,8.611216,12.822458,-1.453217,-1.885336,3.391026,5.703886,-0.517778,-4.991999,-2.218893,-0.524599,-2.343174,-2.639740,-2.134487,3.538979,-3.965878,2.424536,-3.647459,4.731087,1.375877,1.929279,-0.112288,-0.692394,-3.493246,7.466578,1
-7.932799,-3.742769,-7.729461,-8.537495,6.244473,2.612707,-0.084936,3.682169,-1.844137,-1.613630,0.521677,6.429361,-11.032527,4.847616,2.170319,-3.202980,-3.962618,9.289221,6.386929,-6.967159,1.039839,2.220390,-5.218637,2.638796,2.472057,-0.228325,-2.077230,-3.178045,5.527319,2.840958,-10.863272,5.523943,0
0.609488,-5.050257,5.494926,5.576527,-3.471100,1.076817,7.025606,7.137167,0.428865,1.364241,3.188414,4.451479,1.525385,-0.094313,1.165272,-0.089878,2.377802,5.440426,-1.235884,-0.847687,-3.721556,6.167574,0.424129,-0.007231,-1.912294,0.072836,0.967012,3.244043,-0.866085,-5.999399,-5.249300,-0.540613,1
-1.592705,-0.697386,-6.697859,-1.694685,7.284212,1.004873,-0.163877,8.217676,-5.966049,5.170073,-4.636694,0.081972,4.592407,3.445028,2.076530,0.257292,-4.933434,-9.423402,0.778475,0.187721,9.596685,-13.262215,1.789949,1.129210,-12.709468,4.569185,-1.893133,-2.929661,1.372166,-3.458052,3.908497,-5.827148,0
-4.719522,-1.742466,1.535568,8.490944,3.919132,-3.880745,4.204750,-4.130531,1.194344,-3.483833,-2.824762,0.782881,1.560608,5.236811,6.041237,0.635509,-3.511889,-1.262579,2.130495,2.125675,-1.949614,-0.102961,-8.418378,2.344881,2.493210,5.684349,-0.649380,2.525684,8.433247,1.369886,7.360275,5.989134,1
-6.858112,1.134697,-4.456688,-4.263802,2.167175,0.139593,-3.174093,-2.265495,0.937445,-0.572659,2.041960,-2.900719,1.275972,2.674459,1.321012,0.252813,2.868526,-2.449863,2.351164,1.586893,0.179445,-3.865353,-11.950715,-7.501966,-4.179251,-2.269003,1.636776,1.988333,-12.700071,-2.337570,1.131090,-0.106653,0
8.242340,-2.447556,5.358513,-7.337131,7.954897,6.430244,-0.566950,9.498737,0.140465,-3.751253,3.859049,-5.126362,6.627575,-0.513638,-0.949081,0.824606,2.235920,-0.738029,-1.877464,7.402586,-0.712231,1.665184,-3.469938,-2.823631,0.483692,4.033089,-4.704473,-0.552532,11.900221,-6.125885,4.582254,-1.764414,1
-1.510437,7.752489,1.507385,-3.919531,3.761942,2.076839,3.029085,-6.454401,-9.574496,4.478275,-4.682455,2.059551,2.999567,0.176174,2.633659,1.870230,-1.432768,1.205568,-0.140188,-13.118016,2.436104,-1.042063,-0.537849,-3.872547,-0.348076,1.317583,4.053104,-4.222212,5.160004,-7.169799,-4.449207,-4.765371,0
2.366394,-6.302645,2.054480,2.552137,-1.183870,6.004803,2.763790,-2.246284,0.799606,4.242517,1.586124,-2.109922,-8.427375,-0.623087,-0.152895,0.959970,-1.282137,5.153553,8.564428,3.664255,-0.529253,1.919214,-2.103352,1.647211,1.212566,4.693773,-8.077032,1.827408,-3.262796,-1.200516,6.291759,1.999472,1
-4.884342,-0.728598,1.195812,-1.182619,7.194105,-0.410227,6.001604,1.856977,2.354843,-7.467389,-5.429195,5.540501,1.017094,1.225473,9.854338,1.421198,-5.815399,-2.626415,-1.883032,1.675678,-2.067129,5.107428,-0.485273,4.677898,-3.491169,0.496777,-0.325327,6.276455,4.220465,1.464697,-5.347115,-0.031483,0
-2.832970,-3.300547,7.265705,8.151690,1.990437,2.051357,-8.416571,2.314398,6.528227,2.562117,-2.023603,-0.804771,-4.080185,-2.174622,-1.916327,-0.172434,-5.981623,3.775639,3.837700,2.143667,-0.971846,1.652782,12.187059,2.258226,3.031767,-9.467607,3.991611,4.996269,0.599419,2.429493,4.943911,-1.433643,1
3.198265,-4.346481,0.798473,-6.277185,1.026230,-1.169952,5.095179,-3.368002,8.028728,1.687828,-8.581176,-4.592373,-0.649961,-0.845749,1.928709,-4.172224,0.936096,-4.168598,-0.482086,-9.508961,0.742739,-4.314716,-3.483311,-1.607916,-0.508619,3.263445,-2.942078,-2.359194,-2.951542,0.205606,-3.201340,-1.378952,0
-3.476643,-3.012276,1.942852,-2.843298,2.515009,0.859346,0.706038,8.790167,0.136665,-3.055683,-0.001223,2.430592,-3.916178,-2.023426,1.448507,-5.380594,1.949310,0.266754,9.936815,-0.819815,3.557449,-1.172834,-3.785471,3.557449,-0.647728,1.117315,1.030731,0.098383,-2.644199,14.882303,-1.274981,6.468830,1
-1.651009,-2.179771,-1.049187,1.669941,-3.522568,0.500452,3.681133,-5.802616,-0.340445,4.221243,3.228287,-2.567801,-4.891487,3.981993,-2.941700,-0.711472,-9.160739,-7.616549,3.058443,-9.769663,8.453100,-1.912411,0.160696,-0.107077,-3.404924,-1.696522,-1.062538,0.265200,-5.159498,-0.322504,2.515879,-3.747276,0
5.324459,-5.403006,4.310789,6.834692,0.394308,-7.001774,-2.431599,-5.125235,-8.524315,4.629122,0.412663,7.082577,5.066357,-1.928196,-3.393576,-0.258614,-2.688623,3.234703,1.743034,4.324095,-10.208380,-0.006838,5.334507,7.410509,-1.350353,7.028538,2.280521,-0.759258,-6.949274,-4.106409,3.325424,0.181364,1
-9.063762,-2.211702,0.133812,-3.513716,-4.005243,0.821577,4.279377,5.182121,-1.652397,-1.515373,2.548975,4.388247,0.968603,-5.960371,4.365051,1.893845,-3.754936,1.949835,-0.524044,-2.661831,1.162832,-0.496464,-3.344757,6.229815,-6.646614,-1.180843,-7.757154,-2.973358,-1.413401,-4.281204,4.497780,-2.288729,0
2.037308,-0.408400,-2.946182,-3.501324,0.707649,-0.966570,0.680235,-1.114136,-3.679857,5.172787,4.005766,-6.160259,-3.851744,2.662560,3.307089,2.970533,7.762531,-5.133224,2.186083,-0.473005,-7.258680,7.669050,-0.442526,1.601076,14.945261,-2.282444,-4.564167,-2.520620,0.254293,3.447035,-3.978981,3.432266,1
-1.565205,2.792387,-1.154900,-1.751413,2.967361,-6.733072,5.796545,-3.109629,-2.028740,-0.116917,-3.022820,-2.998245,5.833239,-6.847553,0.895128,6.747330,4.981819,-5.665419,-3.286884,-5.854424,0.763153,-5.100195,0.382183,5.181225,-0.368280,-1.650349,-1.177179,-2.937691,1.020674,5.826859,3.020245,-9.510704,0
-6.030163,-5.022068,-10.309715,4.473709,-2.794485,-1.551088,4.666885,-1.555735,-1.167547,3.476080,3.148556,-1.699434,-4.628351,5.914577,6.237537,6.702068,-4.781649,1.268785,11.684099,-8.208629,-1.114849,3.443747,1.131615,5.657705,5.879854,1.202105,-2.247538,7.850183,5.853125,2.794939,-4.932743,-1.624884,1
-4.862162,-5.746141,6.148560,-2.317152,-1.666052,-2.632235,-1.418419,2.822268,-0.048140,3.512344,-6.945673,4.457952,3.819485,10.700598,-5.533640,0.638073,3.493380,0.714979,-4.583736,5.114603,-3.323978,-5.399012,-5.662247,-5.648380,2.086399,-3.933830,5.425364,4.238321,-0.698807,-1.075426,2.943754,-10.666261,0
-3.232359,1.426346,7.417480,0.787571,-3.753407,-2.321684,1.583200,-1.311428,7.473024,-3.595474,2.196331,2.141947,7.874111,6.245092,2.304741,-3.900610,2.751446,1.253960,-5.873544,-0.222458,-8.241412,1.666552,1.451145,2.581425,1.385588,-0.741549,0.242216,1.901890,3.660175,2.542990,5.571777,-0.951790,1
-3.679106,-2.111782,-6.037432,2.638035,-4.794855,2.301998,-3.384161,-1.543879,-2.265493,0.906281,0.785131,-0.500900,-6.161381,-1.112581,4.528109,-2.922985,3.509359,5.366486,0.324261,3.380159,8.100071,-5.051167,-5.634174,-0.816549,-4.316000,-1.368517,2.639698,-9.804748,5.996744,-1.670425,-3.563282,9.201849,0
-3.805744,2.958923,6.938210,2.212688,-0.304453,5.208761,0.876539,3.077629,1.350807,4.463516,-7.517205,7.794239,8.472530,11.001719,5.413174,7.841169,2.934635,0.357817,1.355549,3.257120,1.885761,0.405233,5.953720,6.083450,3.284660,6.178751,2.619852,-0.787987,-0.403379,-2.248150,6.762239,-1.466276,1
-0.638096,1.220852,-2.958872,7.586117,-5.525536,-2.302063,-6.947908,0.409180,-7.536595,-3.490429,2.112278,-6.222528,3.969294,-1.040695,-2.162878,4.526049,-1.364861,-0.786051,1.150064,-3.795406,6.372986,-3.818554,3.505201,-10.257571,6.227846,-1.092955,-8.409674,7.591639,3.205572,-1.131815,-9.398473,0.490135,0
0.825764,2.197964,-0.058758,-1.754793,-0.861460,4.348091,3.614277,4.326408,5.804268,-5.331448,4.783079,3.736959,0.323078,-0.246489,3.807278,5.339596,2.796183,-1.612692,-2.105350,3.769798,-2.051786,-1.297489,9.641853,4.736956,-2.920164,-2.066217,2.687788,1.266338,9.245691,-4.932869,0.121286,1.296452,1
5.614441,-0.037319,-1.790092,2.759830,1.838408,-5.471321,-2.874657,2.185114,1.299561,0.008703,-8.667025,1.546228,0.396564,-2.598961,1.629272,1.573158,0.811312,3.309111,-4.008480,-0.830400,1.897079,7.133488,-4.954714,-4.597057,-3.066921,0.618019,9.396544,-0.344755,-0.702465,0.217302,-4.117706,0.434967,0
-1.224131,-0.587820,-3.572111,0.562656,-0.051888,-11.459465,0.464008,1.555691,0.273607,2.945353,3.780861,6.338425,8.708447,0.314995,-4.741280,3.358397,-0.853575,2.791182,2.516930,0.181063,-1.068138,-5.727386,2.790060,-5.058582,2.235750,5.622042,3.596951,-8.239902,4.170458,3.910982,-0.393993,0.708584,1
5.504805,5.877779,-6.769976,4.852345,3.538813,-2.233187,3.548531,-2.159967,-6.072348,-6.149788,-1.964710,1.993387,-3.032522,2.815611,-2.139486,-0.150938,2.718851,-0.338591,-0.429609,2.583870,1.683113,-2.299129,1.734808,-5.581743,6.304810,1.551117,6.691067,-6.813276,-0.496212,-5.213514,1.795286,-3.129721,0
-3.080727,-1.990189,8.971956,3.539061,-1.420515,5.472288,-0.504494,1.927166,9.673000,0.856148,9.180744,0.775936,-0.090803,-3.442739,1.649822,10.637487,-3.633759,0.373714,-6.933617,1.524141,-3.337711,1.976992,-2.193388,-1.773220,-1.871464,-3.931919,5.681801,-6.627835,4.020916,8.393328,1.136341,-3.624653,1
2.232016,-7.009756,0.698660,2.024130,-0.059479,4.913736,-0.876467,0.302778,1.013184,0.543760,0.927107,-3.180984,-6.890965,-5.574188,-7.471437,-0.441772,3.823973,6.560553,-6.778055,-5.137587,-3.899014,3.557621,2.653011,0.678682,-4.073872,-3.262871,3.365448,-6.022873,4.951178,0.771875,6.825312,5.505718,0
-2.664989,-2.002630,-7.171900,-6.548536,1.110968,3.742270,-1.125917,-2.048880,2.384878,-1.389919,1.109745,0.271780,0.615231,3.533947,-5.436098,9.597666,10.624758,-1.552462,2.601912,0.953705,-0.015446,-1.480106,-1.515053,10.088776,3.110153,-5.352407,-5.944788,1.222998,7.106548,0.311880,-0.063581,6.522100,1
-0.917114,-3.742290,-2.416796,-0.901731,-8.135981,-5.591272,3.536196,1.020351,-7.116853,7.489208,2.290001,5.174532,-2.941072,-2.551912,3.350124,-3.882040,-3.866520,4.236338,4.060644,-0.544964,0.677761,-3.071978,-10.193102,-4.446762,-2.002918,-1.637569,-5.180223,-0.752977,-6.504959,-4.852795,-0.643547,-3.574690,0
-7.482256,2.959425,5.038361,4.347715,-0.309338,-0.299498,-1.694021,-5.102289,-5.515847,-0.689566,10.357807,4.413458,-3.213644,3.699034,-2.327774,-5.946019,5.050127,4.505249,-1.302414,-5.274717,-8.854392,-3.500204,2.590263,3.140282,4.644444,-10.360483,-2.686335,-1.132938,5.188883,-0.335587,4.499081,3.719938,1
-3.459265,-2.160925,-2.346407,8.359020,-3.088623,-3.030096,0.853891,9.811460,5.273884,2.439337,1.519110,-0.002338,-4.566500,-5.165464,-5.159679,1.394274,4.484671,-9.862786,1.409775,-2.062113,2.125765,5.094275,-6.137045,-3.717972,0.391323,-4.339840,-1.988714,-5.017977,2.485035,7.078369,1.045309,3.231524,0
0.886679,5.856911,7.288725,6.254328,4.861673,3.986921,2.045181,-8.257424,-2.000937,9.828924,-0.022600,-0.999857,5.442532,0.312366,-5.503080,2.704296,-7.697865,9.406427,-0.068455,6.876780,5.754028,-1.320150,-6.182547,-5.484646,7.944017,4.207020,-3.394339,-0.690117,4.402281,-4.546913,0.876169,-1.634947,1
-4.209240,0.015566,5.901371,7.137939,-4.598997,3.259003,-5.129732,-5.978827,-0.989637,-0.336437,4.370384,-0.964632,-8.526620,-4.006907,1.953930,-0.319786,-3.903870,4.895538,-0.961189,2.893442,9.122999,2.344534,-6.423946,-12.559857,-4.305191,1.122740,1.776505,-4.185596,2.873758,1.129662,2.929329,3.467783,0
-0.496002,7.649105,2.861259,-0.464418,5.593592,-0.302200,9.101896,2.495787,0.310837,6.305696,-3.375244,1.156763,5.583576,-4.685944,4.732309,-2.030928,-1.409378,4.944262,2.160772,-4.678093,2.113523,4.151781,-0.462187,6.671991,6.355179,0.504940,-4.388226,-1.688751,-0.701559,7.037121,6.241014,0.557852,1
-0.624567,1.797379,-1.738791,-4.677612,-2.003115,-2.588959,1.208836,-8.859426,8.903793,-4.068521,-0.450493,-9.595078,-4.691196,-1.264767,5.401117,-5.604692,-2.691994,0.092169,-1.315296,-5.558861,-0.180737,-10.218076,-5.386156,-2.619091,1.096987,3.642073,-12.316437,-2.136560,-3.355295,0.585739,-3.177038,2.062635,0
0.001831,-1.191092,1.291552,6.803879,4.156881,-2.700739,0.570282,0.474957,-2.390129,8.802496,3.629568,4.916857,0.028046,-0.977629,9.864000,11.671259,4.184927,0.209118,4.689203,4.740290,8.063902,-3.365826,-0.062397,0.122757,7.334553,-1.361076,-1.381433,7.360666,5.677048,6.011763,-3.577776,4.479792,1
2.634579,1.117062,-0.308065,-7.344811,-1.456640,5.859941,6.504862,-0.866512,-7.891301,1.048037,0.188911,3.883863,-0.813137,-5.448143,1.794073,-4.357698,1.083637,-2.144432,1.818497,-2.463249,-0.541250,2.950987,-7.790557,-9.145295,5.460800,-0.540888,-2.656158,-3.418974,8.279348,-5.033243,0.036427,-9.967449,0
2.901102,5.993755,1.589024,-2.926720,4.096415,5.164597,-4.483307,-0.889210,-0.425055,-0.082144,9.326084,3.412367,5.544210,3.530371,0.946241,-4.375908,-3.971416,0.831474,7.441046,0.976652,0.767897,1.662188,-2.831247,-1.507666,4.619333,0.588835,2.017597,2.016607,-5.276721,3.150700,-4.219208,3.984781,1
4.784737,-10.518279,-9.697488,-5.775667,-3.758060,6.875347,0.956522,3.230886,-3.146061,3.330900,2.839569,-2.377867,-6.000088,-2.223030,-1.447071,0.215313,-6.472860,3.099049,-3.906063,-7.866065,1.458248,1.615770,-4.627096,0.136063,-2.947569,5.196238,-9.030208,6.013870,5.003550,-7.014063,-13.602449,11.908216,0
6.575251,1.210648,1.500278,3.200882,-6.618403,0.995762,-0.009212,2.586542,9.152447,1.216459,-2.564360,-3.098915,-0.375778,7.651638,3.916630,-7.795716,0.000067,-7.757077,2.258680,-1.064049,1.652861,11.331888,-3.905777,-6.433532,-1.434299,2.064947,-0.474039,-11.259877,-5.072667,0.195366,1.238844,-5.500896,1
-0.215912,-1.168104,14.367304,-9.513988,-4.147413,-7.666110,2.680517,1.816261,0.928663,-0.351223,4.001184,-0.264517,0.407009,2.536909,2.168686,-4.541525,3.202219,4.581854,6.971968,-6.155737,-0.488541,-5.427706,-7.997013,-5.944416,-2.822449,1.419901,0.760321,1.779043,3.832054,6.094419,-6.593483,-3.079594,0
-3.361177,6.168236,-3.688185,-2.273998,4.473736,0.699114,-1.327192,-2.307402,-2.467014,-5.325049,-2.887985,0.937401,-4.942120,-1.665043,3.395729,-2.146717,-3.526894,3.631754,-2.887545,-5.674021,5.063124,-3.460239,12.748499,4.335133,-5.583767,-0.513582,-3.510519,3.669939,-4.433886,2.581665,-0.605885,3.648109,1
-1.589752,-11.582013,-0.477310,4.393820,7.684889,-7.691063,0.456381,-0.393351,2.794552,-0.697102,-5.939976,4.219303,3.451582,-4.059696,2.819323,-2.930300,8.279341,-6.221687,-6.579071,1.728945,-1.959400,2.146788,-1.294403,-4.959024,4.921917,6.683453,3.919769,-2.569042,-4.501196,-4.586010,-1.667816,4.437460,0
0.447805,2.072588,2.274351,2.023916,-3.374865,-1.120462,3.652731,4.037561,-2.333641,-3.023952,-4.642403,2.732239,-2.580301,8.358028,-5.759889,3.094112,-4.785030,4.674953,0.324318,-2.804661,-2.618977,3.966063,7.655216,5.220095,7.666391,2.022057,-3.034063,5.165424,0.733341,-7.584359,-0.018898,2.077316,1
5.711479,-0.254265,0.851728,0.400955,-0.517828,-2.362480,-1.478771,7.815672,-2.542101,2.225368,-2.330706,-0.972805,-4.877094,-3.865837,0.920885,2.072533,-1.908087,-3.583155,-11.121975,7.696465,-9.642595,0.640781,-5.185587,0.033319,-2.809256,3.083355,-4.828035,-1.674765,-12.960259,-12.416808,-4.255581,-2.851973,0
-8.035764,-1.209177,0.632229,6.047039,-8.129646,-3.712761,-2.473377,1.473761,1.369568,-1.972466,-0.361923,6.299486,2.004129,-7.409375,0.247650,-0.075041,-5.592023,1.328667,3.165436,4.638922,4.761438,7.492933,5.511255,4.742689,4.936455,-1.614813,10.093050,-1.197886,6.398350,-5.148061,1.139250,1.888882,1
2.076372,-0.340809,-5.263586,-6.294683,-1.045776,-4.539009,-7.252831,2.681416,-1.984684,2.590796,0.911772,-2.222122,1.315180,-11.879315,-8.186052,-3.488091,-0.658442,-4.177418,-1.894497,3.371567,3.143297,-3.073019,-3.456898,-7.365929,-0.403795,1.895588,-1.184044,-9.504777,-2.924534,-3.754368,2.737850,2.943390,0
3.662039,1.051441,8.035963,7.036573,-3.118650,2.770010,-1.906218,4.509562,12.409468,6.612911,5.471767,1.876730,5.762119,-2.635258,-4.966341,4.063044,4.331553,4.773733,4.968290,5.547523,2.714718,1.531361,3.478519,-2.514179,-0.903204,0.274538,-8.075771,5.705202,-0.368034,5.637951,-0.496628,-2.800667,1
-1.199549,-0.583540,-4.029394,-3.585430,-5.611088,5.743315,-2.024488,2.624678,12.570814,-0.426121,0.488695,1.116386,-1.155142,0.573732,-2.183975,-7.304731,-1.787046,2.982754,7.533083,-1.867332,6.197184,-0.248543,-1.883068,-1.093155,-7.236898,-1.655567,-3.599325,-0.769518,3.693642,-0.079912,-0.343782,2.124739,0
-7.625255,4.019432,3.339037,1.736692,0.651327,-3.096859,2.021618,-1.350058,-1.775908,0.481060,0.082542,-1.676266,2.688856,-7.750514,3.071173,0.315420,-5.397629,-0.772970,4.558708,-2.745888,6.068151,4.081097,-5.241045,1.338112,-1.955811,-5.799902,-2.203970,-2.499241,3.079624,-0.844574,0.560112,0.923828,1
3.036375,-1.743719,-9.403311,-1.510347,-0.119112,0.981764,-0.486198,-5.279610,0.036982,-10.696337,0.306063,-4.514774,-0.421642,-3.691881,-1.816195,-3.426746,-2.471647,-0.713703,-1.612415,3.673042,2.497364,-1.469122,-2.297178,-4.306299,-0.909023,-0.982399,6.332714,-3.605444,-3.749640,0.302101,-5.874954,0.399004,0
-7.916616,0.122873,-1.507593,2.529360,3.818649,6.069223,4.770187,-0.284065,-0.243420,3.579401,3.605812,2.362347,0.365992,7.953775,0.400747,5.925879,1.969091,-5.951113,0.670609,1.307472,-3.994778,-4.988222,0.516628,-2.956511,0.198389,3.118233,-2.111263,4.543224,-0.243320,0.017176,-1.449791,5.209356,1
-0.038359,0.602940,-0.885439,0.294365,2.468300,-2.251625,0.182896,2.577179,-4.599735,0.015144,4.392075,-1.524006,0.193132,2.221527,-2.860806,2.599562,-8.342311,-3.561575,3.449854,-10.833549,-2.846369,0.558170,-1.445166,0.088995,-6.138844,-0.622589,-6.625643,-4.744869,-1.509775,-1.041561,5.143047,-1.657845,0
-6.302902,4.893782,4.770166,4.369806,1.848488,2.893814,5.902788,0.444628,13.107615,5.696064,-0.365358,3.795332,-0.398169,-0.359505,-4.946289,-2.152849,1.389196,-2.556087,2.590494,-1.330433,4.029507,6.174665,2.712166,0.131008,2.268408,2.172682,-4.424236,1.252867,0.455128,1.515301,-0.637548,-1.855097,1
-6.577200,4.886206,-7.358447,1.026772,-10.061579,-3.490999,-5.390373,-4.434401,3.824043,-2.329197,-2.094952,-0.324318,-4.865000,-6.663574,4.766748,-8.183517,2.711964,-5.738808,-3.391886,-3.600479,3.675634,3.779940,-3.752842,-0.727612,-2.756977,1.728930,3.062731,2.876310,-1.063189,-2.121840,1.644852,-7.471241,0
4.819664,8.787367,-2.250744,-0.741812,4.793961,-8.232296,2.091606,1.309410,1.573854,-2.102360,6.236183,-0.567533,-6.383221,-1.084671,6.663446,-2.011383,5.109087,3.180826,6.922281,1.661762,4.999109,7.184204,-3.061884,7.940765,1.824194,2.935766,-0.415857,3.436472,-2.290892,-0.036823,-6.840232,-5.249396,1
6.095865,3.373743,9.413214,-0.064552,-4.315243,-4.458580,-6.542271,5.463634,-3.128113,0.517227,-2.700886,-0.004505,-1.743885,-1.526043,-5.650511,-1.777899,-0.365332,-3.683874,-2.204941,-8.250861,-3.729244,-5.804783,-2.444668,1.109507,-7.917713,-5.435333,-6.444641,-3.025969,2.048231,-2.149431,-2.421579,3.757845,0
-2.319626,1.742378,0.034708,3.211086,-3.591026,3.963490,-0.077534,2.224543,1.201712,4.148443,9.257893,-3.621731,-3.019577,-0.685440,-0.472370,1.215887,7.279217,6.115606,2.041063,7.033436,1.591850,-3.270016,-1.688072,7.490370,-1.501997,1.459398,5.720154,-6.211165,2.973429,-2.282854,4.309549,6.032816,1
-3.821510,-2.110270,-0.407406,5.107267,-3.745535,0.007946,0.436237,-10.546415,-11.213900,6.374292,2.653154,1.242874,-3.206011,-9.425309,-1.930111,0.092415,3.802315,0.550159,3.426493,-0.163984,-4.289907,3.370514,-2.591053,-5.635946,4.788692,-4.731556,1.419523,-9.517006,-6.132689,-2.188915,-4.626516,4.901743,0
0.838608,-4.284000,-2.719376,4.986124,0.484711,-3.052790,-3.723806,-6.817681,-6.090693,0.618597,1.123512,-5.548783,-2.700813,-0.576210,-0.948433,-5.376733,-3.031446,3.727474,3.777658,1.074295,-4.099922,1.954014,-3.230827,-0.620440,0.610504,-4.948273,-7.141413,-4.744135,2.287298,5.160526,1.131687,-1.943556,1
-2.908157,-9.546274,-1.682652,-0.744652,-3.505205,9.060831,-4.904619,-4.735514,3.302153,-3.865162,0.051220,-1.900585,-3.787806,-8.275557,0.125866,3.617504,0.467390,0.922661,-0.662100,-2.152178,1.157240,0.473892,6.231768,4.057892,-4.790138,2.933609,-1.792416,-1.615047,-2.445204,3.224421,-8.576015,-3.706635,0
4.425892,0.850307,6.285727,5.398375,-1.329714,2.230042,2.191475,-2.852339,-1.041033,0.475836,-4.486267,3.487873,-5.875061,-1.346371,-1.413813,5.424809,0.260206,3.690708,9.660475,4.234207,8.702106,0.032370,2.266441,7.482571,3.239195,6.942913,1.581966,-7.808340,8.328686,9.440987,-8.073311,7.626888,1
1.756859,-1.389297,-4.891302,1.425600,-1.497192,-1.323303,-1.835211,-2.725286,-6.087955,10.058435,-5.605272,-3.074617,0.102741,-1.141897,-2.207838,1.314116,0.620470,-3.433855,-1.529472,-8.531420,0.772615,1.729473,-2.720835,-2.090616,0.187042,-10.089217,-9.135550,-5.365442,-5.775541,-2.559155,4.466288,3.045975,0
0.804487,4.346622,7.865589,-5.628667,-0.942387,-0.795132,6.325180,-1.092146,4.119520,-4.334667,-3.369236,7.829990,4.590519,1.617695,8.214968,-3.099653,5.136433,3.489145,-4.135036,5.588680,8.408123,4.380993,-1.847145,2.298037,1.244415,-0.475780,-1.274542,-3.922495,-1.194016,4.420477,2.516567,-0.726913,1
4.756592,4.763689,-2.151499,3.767672,0.835857,-10.900450,6.649467,1.433718,-3.352037,-1.371496,0.358030,1.504738,2.518736,-1.762617,6.438993,-0.883514,-1.164928,-3.237869,-6.398546,-4.220623,-0.039148,-3.487570,1.515644,-0.985153,-1.222559,-0.029057,0.901672,-2.836924,3.311390,-8.448521,2.487839,4.966461,0
7.019903,3.260693,0.538496,-3.321882,3.040966,2.137735,13.456179,0.620459,-1.725416,3.124186,4.544161,-0.754414,1.706896,-6.297199,3.819933,1.344887,2.033201,-3.806314,1.191271,9.327169,4.150230,7.475060,1.827690,5.289118,-1.201807,-2.956112,5.996027,-1.090206,-3.152014,0.882586,1.542837,8.207281,1
-0.231844,-1.880569,0.744698,-1.750414,-4.389107,1.900951,-6.733896,-1.188381,-3.618841,-2.301516,0.123781,-3.653318,-0.896830,-7.685070,-2.191526,-0.262220,-6.067148,2.025192,0.350319,-3.884533,2.012976,6.303257,-4.494682,2.065369,0.601627,-1.040152,-0.942921,-12.168963,-6.509766,-1.388016,-3.117861,-2.078411,0
6.153954,-2.553890,-3.376329,-2.509867,-0.246216,1.880562,-0.292601,-3.010292,4.679672,12.286898,2.503119,6.550318,-0.536209,0.331249,-1.145634,10.256506,4.512659,-6.283247,2.045914,2.918467,0.573900,1.238541,1.433516,3.545710,1.880777,-8.933262,1.244408,-4.979435,8.498873,-0.949293,-5.446040,-7.504963,1
2.828764,-3.801708,-2.877872,-2.225565,0.548561,-3.400145,-1.163418,-3.690092,-3.041067,0.404043,2.593548,1.090853,-5.801540,-0.839333,1.238777,-9.023971,-0.121557,8.504255,0.428925,-2.173872,2.272400,1.148441,-1.070223,-10.316576,-7.360955,-1.910034,-2.574448,-2.669580,-9.356763,-6.368120,-10.681798,-0.055408,0
0.847795,-8.851222,1.337259,1.842970,0.278362,13.869127,-8.472846,-2.295860,6.036846,-1.489958,-2.685707,4.766130,2.078421,-1.636072,5.776075,-2.689665,-3.954334,-2.102390,1.264269,5.688107,2.892815,1.574512,-0.898052,-0.571507,3.098619,-7.196924,-2.574661,2.188786,-0.372551,6.092537,-5.102261,4.714699,1
-4.536886,-3.932150,2.346975,-4.564470,-4.465342,5.472277,1.490599,0.667374,5.333660,1.177410,-1.183205,-6.161491,1.947599,-9.830556,3.125484,1.708055,-0.648993,-2.686306,-8.209140,-2.111105,-5.334581,-3.948950,-2.734118,2.334513,4.146585,5.837875,-4.177425,0.670467,-4.918856,2.423704,-6.169016,-1.364605,0
-1.287113,8.802235,-0.168421,3.426960,2.422504,4.469135,4.283203,1.191809,3.471876,-1.747318,0.438314,2.841707,-1.869192,3.496899,-2.084934,-1.329443,7.681326,3.973017,0.374813,8.163366,-6.671092,-1.483406,-6.047744,-3.008369,3.824825,3.417450,0.825537,1.341475,-1.945724,3.921764,3.559034,-4.036591,1
-2.197166,-1.266823,-5.012617,-4.840721,2.330534,0.683043,-6.260057,2.268970,1.585968,-5.048048,0.865250,-3.759037,3.030260,-2.055079,-3.241350,-4.303968,-0.670252,0.110161,-2.166307,-1.661501,-0.255829,-9.030087,-1.198950,0.128368,-0.403933,-4.348471,3.916668,4.498625,-5.411697,2.684782,-3.451571,0.418703,0
-2.656595,1.798710,7.287821,3.223057,3.107649,6.188059,2.576136,6.332851,-0.659157,-0.038452,1.434471,-1.872570,-1.706339,5.286734,0.823557,-5.667083,-7.450334,2.442980,-5.773841,-1.839603,6.931379,6.203882,-7.027889,-1.515497,9.467545,6.852510,-1.420750,-3.708439,-6.370865,8.792086,0.825834,11.424814,1
0.076982,-9.474231,-1.252922,-7.833103,-2.887907,10.320311,-6.029110,-4.764996,4.354488,-5.771187,2.448454,-5.351583,-0.103657,-6.346725,-7.972659,2.691204,-2.128586,-5.738504,2.508566,6.682669,-5.420088,6.507195,5.249762,10.258463,-15.890011,3.625738,-2.660364,0.841690,-0.081367,-8.139181,-4.171930,-4.236914,0
-3.873249,-2.406034,-1.638561,-3.989538,-1.001467,1.166769,0.811108,0.341011,3.172178,-5.671191,1.184824,4.795656,0.369781,1.709253,13.525610,0.565224,1.935186,-1.436737,0.739424,-6.432686,-2.327677,-3.827869,-1.876657,9.690830,8.184050,1.091778,-1.856886,-2.029774,8.388517,-2.653673,5.530039,-2.170443,1
-1.826555,3.097897,-3.707567,-0.883936,-5.624132,3.067041,-1.476919,1.419167,4.358614,-4.367617,6.650330,-0.775379,-9.336974,1.588924,2.691288,5.835838,-4.776344,-7.446217,-4.621183,2.720840,1.900473,1.065670,-6.585136,-3.352787,4.818003,4.752327,-1.235121,2.901743,2.802349,-9.214581,-0.778801,-2.376745,0
-0.359156,0.109417,4.604429,0.343904,3.400501,4.647762,4.231565,0.727440,1.261059,5.025656,-2.982412,-1.535748,2.530210,-3.454622,2.616716,10.850677,-1.227438,-6.214406,-2.934660,-1.481932,-1.349861,9.419533,6.225298,-1.158556,9.125565,2.179090,2.911882,7.943039,-0.867582,-1.428352,5.653879,2.024487,1
3.242025,-2.410439,4.505501,-3.177141,2.675053,-2.626677,-10.014267,-3.981590,-4.427118,-5.395645,0.201788,0.776375,3.682055,-6.672079,-2.326330,4.221546,-0.709896,-5.240961,0.352013,-4.262175,4.702459,-2.859087,3.798008,0.241699,-4.362694,-3.171158,-6.538519,-2.992615,3.969967,-1.584015,-1.169626,-4.405830,0
2.064989,7.920414,-2.890894,2.563116,0.375216,-2.378057,-2.156137,3.418186,-2.309402,6.921595,1.190149,-1.338390,5.477911,7.117594,-2.307690,2.608786,-3.623869,3.961264,4.257568,0.781424,2.021315,8.420170,3.211020,-7.128309,7.905190,-4.080154,4.665159,1.898426,0.776564,2.005426,-4.824831,-7.454499,1
3.806545,-4.596104,-4.587967,2.100891,-2.657532,-1.834410,-2.358540,-10.729726,-5.527687,2.344738,-6.649303,0.272755,-4.732645,2.192015,-4.780092,4.076332,11.467947,-2.567642,-1.484758,0.379038,3.349094,2.404839,0.325531,1.916065,2.633629,-5.523188,7.066801,1.405342,3.471052,-2.328136,5.886118,0.964268,0
5.213547,-3.756554,3.580563,-5.470757,-3.489973,1.003893,-2.770649,3.544628,1.620689,3.066881,-2.954979,6.166864,5.241447,2.613787,4.620640,1.023836,-3.260939,2.592077,3.202799,-3.718287,4.418900,-5.594108,-1.944399,4.323719,4.032167,2.508739,0.014242,7.540306,1.206656,-5.194150,-2.925512,4.530636,1
4.347849,-1.489353,-10.143042,3.131252,-2.294506,-2.679638,-2.708254,5.433048,-3.311714,-8.058489,-4.083832,-3.695269,-0.453659,-2.806278,-3.138100,-3.336857,3.214035,-3.551199,-6.694387,-3.197279,2.324333,-3.113476,-2.471813,6.832792,4.418066,-9.973625,0.035475,-4.909967,-0.920334,-3.038780,-6.102442,7.196651,0
-7.209016,-3.177614,-3.814648,6.717405,-3.531466,8.454035,-6.305053,5.874479,-7.526230,-1.351841,1.511646,1.951685,2.554638,-4.711784,1.962675,2.794333,3.337788,2.437023,-1.638645,-1.810614,8.203230,-1.591497,-0.964909,-7.261155,11.458227,9.763346,5.802742,10.161345,-2.984455,1.817417,-1.448820,-1.165623,1
-2.575945,-1.210535,-1.742945,-12.367817,-2.182825,-4.033409,4.918900,-3.672592,-1.954201,-11.015183,1.496925,-6.121969,3.667593,-1.281750,-0.217068,4.957216,-2.893429,-6.574219,-6.342579,6.854404,-4.248173,-1.786051,-3.425457,-0.075472,-2.106255,-2.250530,2.102055,-0.381104,-12.235391,-2.786463,2.644327,4.381998,0
-8.156629,4.174526,5.967800,1.525753,4.572680,6.211422,0.402128,0.674944,3.500748,1.726624,7.032927,4.039541,1.724752,-0.468407,7.908903,0.614620,-6.424824,-0.289688,2.347836,-3.500242,-4.489414,2.707859,0.021725,0.055775,3.033646,1.865292,4.758802,-8.031104,9.099373,0.796711,2.581240,7.962408,1
-2.847498,-0.653759,2.220108,-5.475800,1.464382,-1.504280,7.724768,-2.119785,-3.804258,5.650957,1.274313,-6.642578,-7.881034,4.522377,-2.861193,-2.954384,7.097248,-1.468590,-0.167761,-7.606237,-5.110645,-3.505962,-10.976145,-0.117649,8.370447,5.047178,0.435854,1.723703,-1.675379,-0.769005,0.024351,3.430193,0
4.005465,5.911606,-8.871727,3.307526,4.357782,3.673061,-3.542524,4.245249,1.880276,4.735308,0.939003,3.323166,5.392246,6.759077,-3.764187,0.793474,4.797838,0.099825,1.429993,-1.079695,1.417648,4.046537,0.817133,2.461374,11.579584,-2.146591,8.567621,0.314478,9.216900,4.387415,5.670839,-8.873255,1
3.355175,-10.412546,5.285336,1.121624,5.030966,4.308928,5.965557,5.692778,-3.741938,-1.309258,0.626556,4.746649,-0.266726,-5.561167,3.623632,-2.763733,2.291191,-1.768408,-3.220282,4.257277,1.822380,0.056778,-0.394758,2.234688,-2.595558,6.702068,0.949961,-0.669529,2.755383,-3.037590,-6.218349,-1.436657,0
3.961065,-4.694481,0.573954,1.104040,-7.771434,-3.759783,-1.258045,-8.132886,-3.397444,4.118147,1.613703,3.942522,7.207586,-1.173992,-6.658360,2.115843,-0.836475,-5.505838,1.758238,-1.951008,-4.899141,2.682968,3.032391,-3.237181,3.527269,0.974148,4.841097,8.131260,7.490730,3.318640,0.923786,2.831419,1
0.595032,-1.660595,1.605726,-4.436251,-4.139357,-6.242748,-0.576679,-7.214188,-8.516176,0.578611,-5.903797,3.686003,4.737318,2.778860,-7.437576,-9.323895,-6.120892,7.003223,2.616339,-2.214237,-6.466360,-2.125648,-1.220121,-2.062092,5.810591,-0.357733,-4.084284,-5.717169,0.453247,-0.991669,-2.230141,-0.326611,0
6.731024,-5.824138,-1.303917,6.578508,-0.814888,-5.001038,4.099073,-8.665529,0.705437,2.757277,2.496889,0.449600,3.004608,3.280418,6.450609,-4.674551,7.757290,-2.222122,5.428637,-0.585985,9.873611,-2.547832,1.436983,0.307592,-3.460737,0.175579,4.369871,-3.021952,-2.623510,7.300375,2.702459,-3.607428,1
-1.060854,-5.832209,-0.601305,2.765858,7.320534,11.383387,-4.696592,2.216728,3.243460,-1.033081,-3.079576,-8.221706,-5.009388,-1.649057,5.815966,-1.207687,-0.293894,-5.164019,5.047264,1.304722,-3.139204,-0.314270,-6.936396,5.091911,-1.963242,-3.886711,-5.479803,-1.701174,-1.963606,4.072109,-3.156841,0.493376,0
-0.568985,1.331247,-4.469933,6.584791,-0.035093,-5.289927,1.877607,-1.957067,3.691444,3.178553,7.013557,0.120890,-5.095876,-7.138115,-1.474930,-0.436178,-3.236578,-7.909363,4.322130,5.874973,-2.771410,2.732328,5.740988,1.971699,7.437943,0.356117,7.899364,-1.148441,11.169813,1.909796,-1.975754,1.420645,1
-1.791454,-0.164471,-3.407911,-4.356705,-5.135088,-4.016174,1.079966,-3.801386,-2.086815,15.739149,-4.485891,5.024969,1.811718,-3.504654,-3.409578,1.814226,-0.016684,1.825848,-6.091351,1.281828,-0.125643,-6.803789,-0.992079,2.351587,-5.307085,-0.588696,-6.037735,-2.529203,3.637135,-9.733960,9.101290,0.173052,0
2.528608,1.125019,8.287516,3.135454,-0.190271,-0.634195,-0.972645,5.296553,5.628468,-4.508228,1.845932,7.632202,6.416206,-1.012604,2.094370,-1.978277,0.872400,-4.861246,1.097515,-2.802197,6.601959,1.660084,-3.382261,2.209312,-5.083169,2.278831,-2.361242,3.499098,-1.710281,3.372463,-3.974865,9.753813,1
0.008444,7.441349,7.485058,-3.947533,-0.184334,7.303360,-1.165731,-1.653158,-0.692101,7.114363,1.085855,-4.624386,1.996235,-3.839783,3.296074,1.386049,-2.655638,-1.271292,1.611788,4.492033,0.707020,-5.209011,-3.439156,-6.932253,-0.019861,-3.193264,-2.476082,-2.490486,0.256132,5.402042,3.242092,-5.729542,0
-5.322313,5.604544,-3.432938,3.784054,0.839331,4.592142,1.498051,-0.372307,1.308872,6.697798,3.839811,0.605560,-0.370388,2.442785,-9.723455,-0.923586,7.135632,-0.079885,-1.043043,4.700340,6.167742,2.829798,6.184153,8.802965,6.424776,-4.966307,-4.918671,-7.068143,-1.007116,-1.063148,5.280573,2.124346,1
-0.985880,-9.315392,8.467569,5.391699,2.652765,-6.099092,-4.957314,-6.796806,-4.977648,3.680372,3.658400,2.513531,-3.397413,-9.308466,-5.559677,-4.910305,-2.829866,-5.556711,-1.957693,-2.423300,0.104237,2.712305,-3.214006,2.008026,-2.412395,-7.005630,-1.977592,-9.355658,-0.029545,3.898941,-2.040415,0.982594,0
0.232384,-4.796946,7.487738,0.026913,4.844986,-2.552225,-6.739550,4.494085,-0.418213,-0.255203,10.055183,5.526567,4.856066,3.859833,0.953167,4.229698,-5.063942,0.070963,5.384295,2.232889,7.536747,-0.668324,2.354403,0.234741,0.776480,-1.439747,-1.184071,3.611818,-0.913935,-6.682181,4.748430,-0.105844,1
-3.492081,5.119659,-1.844318,-2.475512,6.324911,-4.248589,-3.004036,5.840033,1.408382,6.404903,-9.041606,-6.943909,-5.531374,-5.455137,-2.045275,-4.393927,-0.765844,-1.035826,3.548267,-0.341227,-1.993862,-0.504442,2.078003,1.293934,10.021212,-2.747974,-3.565342,3.013485,-8.156336,-5.779409,-2.885096,-5.085690,0
-0.594408,3.187693,8.586529,-0.684065,-3.970808,-2.242311,3.337124,-0.912199,0.840977,13.876551,-1.084246,1.197565,-1.278919,8.755068,8.875856,-4.159500,4.811071,1.278175,-3.957539,1.224272,3.043901,-1.459091,4.535618,2.528975,0.837894,11.933722,1.339727,0.362709,-6.524161,2.594007,-1.260355,5.541965,1
-4.069086,-4.838867,0.093712,2.628130,-4.557213,-0.554234,-0.092022,3.584702,2.879297,-0.317770,-3.494976,-0.191137,11.457109,-2.596308,1.081734,1.696836,1.296074,7.058784,-1.702623,-7.363400,-5.508671,-6.068466,-2.281088,-5.354483,-4.149691,-1.315586,-3.543003,3.084072,-7.771888,-3.722889,-0.527843,4.233459,0
-3.754095,7.726448,-1.593758,-0.484898,4.329075,-0.342703,6.592354,0.421745,-4.471066,9.385843,1.711624,-0.469458,-5.084390,0.524338,3.840160,-4.575348,-0.224455,3.696114,-0.390680,1.668726,2.692755,2.316227,4.588573,-1.770161,7.701031,4.322147,6.490822,-0.212450,-8.012090,-6.239320,-2.745245,4.564573,1
0.036736,2.882500,3.065228,-5.511116,-5.867073,0.364531,3.865929,2.081226,-1.858585,7.261086,3.402256,-0.194294,0.130447,-4.416887,4.086740,-4.778833,-0.023262,-0.010015,3.984940,-4.431767,1.535559,-1.857555,0.186243,-2.662172,-1.743267,-0.419468,-4.585564,4.564821,-10.278229,-7.562111,-1.787115,2.105789,0
-8.363164,-0.971855,-0.795443,2.613644,-2.770500,-7.679341,-0.254080,1.327009,3.296940,13.258028,2.499786,4.851616,4.583740,-2.754250,1.726805,-6.026399,-1.205469,7.665493,5.420868,-0.073114,-1.592831,2.201460,3.957701,-7.022186,1.037821,14.305525,7.743744,-0.950926,-7.219340,2.053038,-7.102372,5.792475,1
5.803740,3.809971,-7.033115,-5.607721,8.249464,1.743441,-2.866259,-2.784828,-8.742917,-5.694668,-6.311134,-1.045847,0.772467,-7.721056,-2.942734,2.329639,-5.987375,-6.013031,2.863832,1.054525,1.529621,9.093779,1.446163,-6.556950,0.786819,-0.870266,2.260958,2.806572,-2.966684,2.248577,2.161745,-1.844444,0
5.002985,7.513157,-5.554467,2.677214,-5.241076,1.317911,-3.714520,-0.181202,2.451454,1.129425,-0.490337,2.300112,-6.973232,-0.601313,1.857849,-1.320129,-4.780117,0.128860,4.697733,1.960159,-0.032595,-0.151117,7.110184,5.965977,1.851921,2.918560,8.819279,-5.547084,-5.261751,2.133915,-0.946033,1.353962,1
-1.437441,0.896814,-0.322235,-5.907827,-6.104290,-7.815877,-5.093370,6.321774,5.472448,2.673719,-6.562796,-1.919764,1.783348,-4.946388,-0.750950,-4.054523,-4.917610,3.094885,-5.628450,0.184513,0.203432,1.621284,6.449356,0.748615,-7.800776,0.036913,3.856888,-2.311464,3.776899,-3.901699,-4.806776,-2.514624,0
-6.531073,1.139492,0.329397,-8.849174,0.255106,-5.832233,0.111271,2.841787,6.976347,0.592495,2.659424,-1.363159,6.349270,-1.350445,-7.283433,3.161238,-2.748453,-0.719692,1.623949,-0.051012,7.844368,-1.218851,6.649704,-4.342287,-3.711945,0.653341,-3.429876,-2.518156,1.018454,-5.219687,3.593948,6.732986,1
4.332754,2.082977,4.329695,-1.781370,-1.635914,7.303982,0.458620,-3.322535,-4.591412,-2.531639,-4.169901,5.306850,2.359604,-2.782402,2.868973,5.844255,4.012997,-7.795278,-7.586013,-7.769294,2.667681,-2.388086,-5.275976,0.689018,1.076048,-5.331903,-4.050524,2.321812,2.267633,-1.249842,-2.682291,-0.758442,0
-6.797093,8.198233,5.370329,5.605503,2.268679,0.818130,-6.231378,4.927626,0.118382,-5.923177,-4.017632,2.236948,7.330135,2.035704,6.015450,-0.429903,4.221313,1.173029,-6.741191,1.722343,-2.349892,3.618376,-1.311823,7.555889,-4.009142,-2.153549,-6.292085,-3.835964,0.845264,1.236336,-3.435564,6.253817,1
-1.696712,-2.857111,0.663212,-4.309551,1.290400,-3.788477,2.437868,-9.547750,-2.397072,-1.358496,-4.608953,0.461979,-0.339437,-5.209574,3.411585,4.998486,3.253593,-1.140427,-3.964035,1.962900,-6.085915,2.323988,-6.053474,-1.423952,0.979744,1.726715,3.628531,-1.101040,0.884468,3.039831,2.503090,-8.662304,0
-1.062239,0.413012,7.416098,-1.083309,4.361177,2.362156,3.258621,-2.269699,-0.964048,0.811634,2.529627,-1.324442,3.141581,11.624437,8.488403,2.216515,8.113390,-5.319133,-1.404716,0.868580,-6.078131,5.597452,-3.914022,5.415464,-4.842243,-3.825140,1.263948,0.410200,2.908714,3.135656,6.018572,2.625713,1
6.208139,6.415634,-1.959682,1.867931,-1.230841,-5.508581,-1.135134,-9.463632,-1.669685,8.172586,7.682833,-0.349154,-0.131166,-2.864635,2.420259,0.958673,-3.278238,-2.817230,-4.426544,-2.934452,2.119730,8.332327,3.133524,3.694790,2.996593,2.062498,-0.619242,4.481739,3.646162,-1.506609,-4.465355,-1.941277,0
7.820236,-2.353905,0.718575,4.898403,-7.213035,-1.916059,-4.855576,5.253380,-0.746393,4.342073,-5.611873,1.232834,6.295483,-3.371857,3.226357,-4.319946,3.782974,-4.345722,-3.223772,3.038643,8.368666,-1.909029,-3.687761,-2.345924,-1.580906,0.765968,6.820631,0.020416,11.256544,1.142969,9.322760,0.944841,1
-1.075233,-1.810917,3.315060,-8.878113,-6.629206,5.543053,-7.911732,2.598312,0.437510,2.627611,-1.260328,-4.455269,2.872316,5.918688,5.249165,-0.694019,-0.544563,-4.575668,3.076115,2.581663,6.009542,4.234768,0.152391,-6.549305,0.541403,-4.216211,0.347904,-9.085609,-5.102457,-2.841434,-1.824636,-4.699371,0
1.227829,2.125103,-3.798115,-2.285872,2.058710,-6.368780,1.777670,7.175194,1.254606,3.142982,-0.842430,7.859257,-3.201597,1.266834,-3.819508,3.068907,1.623514,5.983608,4.228455,-0.694040,-2.976213,1.581583,2.695564,10.356018,2.905436,2.991123,5.425026,4.762796,1.479248,3.395666,-2.431805,-4.730499,1
