-0.645857,5.239904,-7.271777,-2.549444,-3.852751,-0.650959,0.836012,7.043438,-0.791002,-1.707672,5.660906,-0.687922,-5.863052,-2.335794,-2.252310,-6.902414,-11.940983,0.619360,-2.468218,0.884451,-2.790018,0.866983,-9.540427,-3.246813,12.643358,6.806856,5.222210,-0.994970,-0.675613,2.106211,-2.494797,-4.301983,0
4.271875,-4.163664,-4.998735,3.734936,5.505383,-2.455870,-0.119688,-2.308617,-1.421320,2.945866,1.463114,-2.422342,-3.743076,3.451672,3.398754,2.628149,-1.245047,-7.568650,0.269836,5.423426,-0.804213,-4.613447,4.620617,5.884029,12.026480,3.062275,12.419458,-4.927670,-0.621050,0.561916,-1.047089,2.198357,1
-1.980400,-0.910570,-6.786774,-1.538404,-11.881595,-7.048174,-2.585567,0.375111,-1.902451,-2.436346,2.768738,3.183661,8.206089,-2.180420,3.329430,-0.525171,-5.902967,-1.346216,5.348392,2.432022,-5.286932,2.966127,2.123648,5.043236,-11.256718,-8.796526,-1.888824,-6.736172,-6.330399,6.687586,-2.353374,-8.725042,0
-2.175577,-1.033504,0.226608,4.981092,0.081516,3.145144,-0.869822,4.939291,0.247231,-3.761707,9.118422,-0.900873,2.518263,-1.546791,5.269150,1.045616,-3.587008,-0.994316,3.333347,0.043451,0.116625,-4.292616,6.176970,1.045597,-0.490610,-2.024076,4.287685,7.756859,-0.168287,2.406092,4.979988,4.288887,1
3.859247,1.364464,-3.675127,-2.381704,1.914724,0.895996,-2.749350,-4.675724,-0.894291,0.032429,-3.341272,-2.914345,-5.400679,-1.813559,-4.259773,2.858532,-5.855206,3.316393,-3.116859,2.282572,3.343237,3.941933,-2.241236,-5.221155,-3.892555,-4.032162,-3.710768,-1.162935,-2.619267,-4.982965,-8.984861,-0.432987,0
0.313498,-1.559856,3.694754,8.397570,3.615997,3.796371,-4.301819,-5.990065,-1.524975,-3.741692,2.191069,0.304611,0.450050,-2.042746,7.602623,-2.622423,-4.240646,3.031170,0.024292,-2.806511,2.681982,-2.286568,1.749542,2.493778,0.057125,6.122538,-0.776564,8.723574,3.022955,3.788187,5.573519,3.105478,1
4.722742,-1.261843,3.501719,-4.334160,-1.405947,5.696964,-0.169353,-0.307852,1.217239,-2.721376,0.555176,-1.173138,-0.518749,7.726072,3.702543,1.016676,-0.244986,0.903400,0.987335,-1.476967,-3.749025,0.319510,-3.924501,2.128050,3.742348,3.153440,1.679873,6.978403,-2.621012,0.119738,5.008453,0.643471,0
7.714037,0.654625,-1.205177,-0.402765,-1.801971,-0.121519,4.149090,-5.771322,-1.263903,3.859806,-5.507879,-6.031261,4.684839,8.743351,8.377060,-0.416229,0.208956,1.148041,2.454121,-5.251656,0.696932,6.233500,-1.546644,-2.132286,7.812296,-3.537457,-1.361523,9.431831,1.645041,-3.422756,11.693727,1.545410,1
-7.374660,-8.470693,-1.594910,4.701132,0.952852,-2.575792,-6.815102,-6.691710,2.598948,1.114214,9.283236,1.589825,1.000235,-5.806126,-1.900867,4.145586,-5.362305,1.800081,3.960976,2.034008,5.871077,5.359465,-3.310993,-3.761965,5.417253,-1.398636,0.076202,-5.491341,-2.407869,-2.048330,-8.433265,-1.749771,0
2.236797,3.007677,-3.810345,-2.127527,-1.851423,-0.072388,2.331194,-9.255746,4.861387,4.046719,0.354939,-1.531384,-3.298998,-2.937431,3.626598,-1.155064,-6.431037,3.401546,-1.319607,1.181911,-4.752829,3.019075,-0.332373,2.454441,0.085287,-1.038687,5.385071,1.065901,2.803984,1.670555,-0.819798,-4.690897,1
-1.729713,-0.312132,-2.375389,-9.661367,-1.061659,1.789562,-7.042200,-2.672728,-14.287066,-0.994089,13.596395,-4.295977,-1.104576,0.193491,-5.727995,5.719763,5.912020,-0.932871,-0.590553,-5.794226,0.576796,-4.783533,-1.141125,8.375885,3.749058,-5.907961,-1.956108,5.557693,-9.180521,0.870771,-4.259069,5.597795,0
2.749685,-1.805508,-1.447605,-5.229189,-4.783417,3.524986,2.334526,-1.588432,3.423504,-6.470136,-2.965841,13.822924,-8.812957,4.615850,-2.464474,10.006084,9.482113,-3.908760,2.826639,-1.525093,2.749960,3.556391,0.054066,-1.971518,6.970585,0.539787,6.145578,-7.231785,2.653578,6.141554,1.343464,3.618122,1
-2.427055,-0.776052,-9.144661,-9.476730,-1.125904,13.006918,-8.733649,2.180317,1.240307,1.034502,1.887403,0.337175,3.757515,2.761896,4.602539,-5.077854,2.723112,1.282675,1.797199,-2.213959,7.356728,-9.656770,-0.899336,-0.510057,2.198803,-3.190508,0.518013,-3.307962,-2.133053,-8.115016,1.499189,-6.638744,0
2.921518,2.625343,4.888699,4.927198,5.894047,4.678074,1.251236,-4.925632,-2.497395,5.977161,-3.101377,-8.740867,-2.466125,2.705492,5.434620,0.590405,8.804562,2.510946,-2.235504,1.998617,2.586468,-2.531033,2.564976,1.763361,-4.394964,-0.848024,0.918453,-5.541572,-2.574121,2.434505,-5.621736,-7.183421,1
-7.676371,0.924891,-4.163521,-6.764502,-3.064608,0.922606,1.180609,-3.358690,1.316767,-4.975763,4.983496,-1.945814,-0.935450,2.809736,-1.739977,-3.382210,-8.635766,0.802341,8.114174,-0.630070,2.155485,-3.089142,-3.096357,-2.833191,-7.531336,-0.735611,2.855986,2.124447,2.922396,2.406261,2.893442,1.392626,0
6.089025,-2.734417,-5.676841,1.263746,5.100590,-0.570154,7.038036,-2.821163,-0.656115,0.588348,0.810354,1.314840,-0.251488,0.808094,1.636356,-0.203276,2.662514,-5.284118,-5.051714,2.904875,-3.420286,-4.750647,1.918127,4.379120,1.060865,-6.161169,-3.351845,0.534288,4.418802,2.752598,-0.630543,-3.451111,1
-5.852345,-0.755741,-2.429548,5.137798,-1.739748,0.579977,9.060034,4.345074,5.499842,-3.281969,0.332647,-1.537182,-0.280210,-3.552961,-11.150942,0.860025,-0.210503,-5.894928,0.778267,0.401316,-5.061142,1.705160,1.760283,-3.556366,0.280970,0.802114,0.774872,0.063547,-1.601894,-0.168165,-8.371669,0.561682,0
-1.296692,1.807470,4.829407,0.360529,-1.622305,1.099590,3.666582,-7.603567,-3.289476,2.613819,-6.566206,2.210213,-5.913748,-3.030687,2.292931,-6.100772,-0.042767,-7.414729,-0.901962,-2.154890,-0.874578,3.825846,-4.502083,4.577297,1.052231,0.082687,7.234907,1.006351,0.149746,3.831522,4.437183,-1.800268,1
-5.171688,-2.379623,2.563646,3.595249,-7.140028,1.366440,4.404757,-3.920570,-6.416815,6.768053,-1.151730,-2.333122,7.418293,1.166130,-4.587635,2.084482,1.976654,-5.359510,-3.894470,0.164637,-6.262278,2.942846,0.532427,-3.851198,2.528610,-5.021759,1.472996,2.381254,-2.210121,2.548100,0.343822,4.907511,0
2.736942,-0.153225,2.546398,6.642494,-4.938583,-7.416582,7.311426,6.079115,-1.575037,0.326630,3.671858,2.829813,0.017220,1.112373,-4.366888,-3.779163,2.940830,0.995350,-2.277542,-1.429405,-1.838396,7.954609,-2.278454,-3.096920,-1.129847,4.374065,0.663355,2.366238,4.294243,2.935011,11.898546,-2.024101,1
-1.270527,-4.443712,-0.591909,-8.223382,-1.785936,-0.665834,-6.203506,8.218840,2.274120,-5.183018,-3.236191,0.807123,-1.987782,-2.682119,2.936077,-3.077316,2.651108,-1.839909,-3.925333,-3.244144,-3.235172,0.288536,1.528933,1.836355,-0.277243,6.357344,-1.052567,-0.669373,-2.747278,3.726297,-1.456339,0.572044,0
-6.498612,1.431683,-3.820110,2.359816,-0.511099,-4.895462,1.593788,4.596052,-4.075211,-1.695005,6.258129,-4.466963,-5.279149,2.457514,6.741138,11.007776,-3.518955,5.040617,0.070541,3.282490,3.682608,0.084808,6.074198,11.043982,9.783291,6.432903,0.311880,3.251835,-1.387272,-4.364204,-1.732494,-2.237812,1
-3.930040,-1.001528,-0.436407,-8.446540,1.631660,0.308161,-4.650959,-3.073086,-3.791765,-0.199497,0.317759,-3.839363,4.377747,-0.747231,3.902075,2.977922,-7.114470,0.851135,-0.774866,-9.843151,1.774275,1.433029,0.367624,2.239788,-2.922863,-4.191238,2.169371,-0.354595,-2.017664,4.202929,-8.291988,-1.575380,0
7.237495,4.813646,-9.501708,0.696360,7.624588,3.295202,-1.673801,5.877329,-2.172256,-3.853083,-8.765256,-5.328701,-2.820986,-2.956642,1.762587,-2.688946,-1.121950,9.171003,6.184614,6.008427,10.407810,7.686028,3.761801,4.497629,-3.691372,6.342470,5.390127,6.031406,-0.078283,2.080393,2.408653,-6.496689,1
4.616987,-0.859089,0.302368,-1.733612,-1.806551,1.422705,-3.182039,-10.478615,2.105078,-8.241844,-11.346498,0.850729,4.872599,-0.300259,-5.421473,-4.951077,4.512777,0.039387,-7.823023,3.229610,2.813456,4.599731,-4.261824,-11.347694,-1.401289,-8.636688,-2.717968,-0.809053,-2.088802,-3.804514,-11.779547,2.000391,0
-3.470425,-2.886547,3.268021,-4.981836,-3.222860,0.638241,-4.927996,-5.179676,0.496529,5.708813,10.198895,1.913263,1.473059,-1.780466,4.936876,2.574183,-2.045626,1.714401,1.946125,-5.552513,-2.198641,-5.134994,0.789171,0.363873,0.080124,0.346310,3.615395,-0.221764,4.333389,-1.164400,3.488695,6.865995,1
3.049879,-0.037025,2.191463,-9.273912,-0.461388,-2.254286,0.450258,-3.626143,-0.276642,-10.827141,-1.370213,0.722647,-3.149281,4.172098,-7.732906,2.589848,4.848627,1.649382,6.059807,-9.060019,7.993128,-2.194693,0.670355,7.523352,-0.066139,-3.284050,-6.890722,-0.984581,-4.497053,-5.193909,-1.784840,-4.185255,0
-5.172012,1.882549,1.977697,1.584791,-4.607340,3.331018,-6.444211,-3.726383,1.831320,-1.301920,8.967960,-0.056210,1.968702,-6.083264,-3.213120,0.917015,4.481777,7.108688,0.588470,6.678230,-1.364536,3.828545,1.796450,7.390621,-1.920361,2.050777,-4.038887,4.477903,9.371851,3.607128,-2.691355,-4.940393,1
-6.327925,-0.447678,1.289154,-3.693609,-2.038731,4.750135,6.290375,-4.469700,2.246691,-4.229103,2.251560,0.961407,-6.256159,-0.928728,-4.200342,4.448257,-2.943766,-0.775522,-1.367035,6.983831,0.750170,1.463577,-11.575319,4.241381,-2.699713,-4.966089,-1.228811,3.870926,3.977848,-1.567041,-3.341206,-0.387699,0
-3.688036,3.992205,-3.856001,-4.640137,6.909864,7.558764,-4.690182,-6.734234,4.187328,0.577665,1.899271,2.367910,10.742491,9.402195,-6.177038,5.943724,1.916681,-3.516106,-5.322842,-5.179330,-3.916166,-0.787804,1.378590,-6.499078,7.226522,8.162382,-2.689531,-7.640088,3.259071,0.044918,3.869417,2.466309,1
1.855606,-2.064123,-4.779821,1.940298,-6.089476,-8.380573,-3.163567,-3.261480,1.743309,2.189556,1.351200,-0.183617,-4.489759,3.744074,0.339830,-7.778017,-2.593189,2.155060,-0.820007,-7.292682,2.894386,2.607283,-6.002308,-0.953796,0.319290,6.285500,-0.759745,0.162918,2.331638,1.762167,4.869734,0.145861,0
8.132002,-0.369154,-4.302094,-3.635920,-5.182101,6.993690,-6.821477,-4.123831,5.122118,-0.041124,0.763996,2.679878,0.036980,5.940535,0.490406,-2.535421,9.002287,7.482264,8.277685,2.637400,5.363653,2.962042,4.392389,1.845419,6.444731,1.242012,3.646879,3.270861,-6.082349,-0.320370,3.025421,1.790880,1
5.439480,0.231598,-4.590998,-5.476746,-2.614311,3.274734,-4.271101,3.071089,-3.875294,-9.333415,-1.714350,-5.462635,-0.992353,-4.874554,-1.759182,1.630974,7.138107,3.083681,4.446238,1.946877,0.277981,-0.093607,0.968895,-1.568899,-6.598246,-4.996574,1.591421,-1.375263,2.018881,7.436350,-9.294411,-3.369310,0
4.295460,-5.540399,-2.524885,5.651932,1.545412,-4.412041,0.283888,0.087763,-2.208416,0.510881,4.663204,4.935078,-0.149668,0.619442,0.529638,3.052032,0.728895,1.882828,4.945377,6.365906,-2.799850,-3.122337,-6.777708,-2.472155,-1.125797,0.355787,5.142700,3.901144,-2.826654,8.203218,0.429564,-9.690351,1
-2.791149,-8.311213,-1.970516,-5.035929,3.149485,1.156317,-10.775403,-2.600401,4.778917,9.374208,-0.308504,-2.960661,2.206120,-6.203300,6.758413,3.060827,0.151817,-1.054623,2.422886,0.273605,-5.050077,-1.975769,-2.085674,2.818958,-2.427393,3.459089,-4.633381,-8.690183,-4.383272,-6.631187,-9.211871,-8.325743,0
-3.730301,1.185392,7.472977,2.661938,-3.944868,-7.947623,-0.699587,2.482471,-0.166555,3.049944,-7.955830,-5.789707,-1.736959,2.074066,-0.649075,0.006279,-1.727274,11.498068,7.472742,2.566137,-2.490698,-0.846418,0.779598,-3.269358,3.111200,0.231981,4.454422,-1.591009,2.178001,7.393559,-0.677887,-0.518948,1
6.005478,-3.269953,-0.889574,3.568119,-1.692610,-5.245186,-14.428143,-7.652238,-1.756643,3.839676,-5.387587,-0.153366,-0.967123,-0.755072,-2.991228,0.871904,-11.391734,-1.727465,-6.351053,2.880295,-0.695353,4.032576,4.554193,-1.561741,1.214693,-3.966784,2.077412,-7.688346,-2.496159,5.339127,5.185894,5.169853,0
6.303856,2.379190,3.843758,0.146019,-3.683264,3.249071,-2.373772,7.584503,0.715380,-0.161501,-1.702932,1.666458,7.708519,-2.591881,-7.822928,11.253237,6.273676,-3.607630,5.260838,-0.036949,-3.372379,0.404758,-4.059843,-3.705776,6.014921,-2.011721,1.691277,1.254255,4.229128,0.870609,1.678316,0.413252,1
-4.990635,1.053896,-4.163719,1.830791,1.256887,-11.568438,2.310413,7.047844,-13.802478,-0.989315,-7.854064,-3.551943,5.193110,-2.036913,-1.417097,-4.393679,-10.220593,2.299679,-0.560377,1.142292,1.227112,-2.246439,-2.866409,-1.111094,-0.556025,3.374502,1.209917,0.920429,-3.058161,0.491560,-1.034832,0.290449,0
0.548710,6.073116,-4.126970,0.169462,4.422394,3.277691,-0.826738,3.295862,-5.850225,-0.376972,-7.462533,-2.991673,-1.166582,1.653898,1.655500,-4.660349,-0.282177,-7.784660,9.838142,-4.289919,10.366386,3.315207,2.103237,5.917526,-8.944559,1.702665,3.938419,-4.397568,-3.644421,-0.425674,1.920967,2.792645,1
-0.624949,-4.016050,-1.414595,2.827387,2.094206,-0.935116,0.842800,1.918051,-1.731030,-2.679728,0.441412,-2.410746,-0.190035,-11.683957,-2.012512,6.306461,5.326187,0.796978,-4.359089,-3.708132,-2.491629,2.068676,6.593504,1.318987,3.596724,-2.369337,-4.369694,1.349037,-5.875130,-0.638840,-0.916632,-6.610331,0
0.288475,-4.258753,1.240789,-2.521803,-0.010735,0.783510,-3.358444,-1.694590,0.382423,-1.732586,0.741934,2.994947,-4.935585,2.404305,-3.433561,4.024408,-0.516647,-5.590280,-2.157934,-0.685488,-6.282948,-2.624758,-1.130886,4.634262,1.630362,-4.139734,3.749237,-0.661079,0.966421,2.649706,-0.423723,-1.939716,1
-5.938725,-9.465345,-4.223515,-5.587759,-1.960835,0.320112,-0.319311,-0.789707,-0.518496,-3.279100,-1.050451,-1.784803,-4.072674,-4.447458,1.543722,-11.491210,3.074610,2.476952,-8.432864,-1.189270,-3.538927,-6.662689,2.384129,-5.008663,-5.178835,-3.786060,1.008095,-6.221525,-1.476593,2.769377,9.523787,0.397995,0
-4.215216,-1.254547,1.506205,3.689026,-1.429523,-1.721094,1.737093,2.830582,4.415228,-4.022776,-5.502151,-0.042419,-2.708155,0.494602,3.960384,10.588289,2.697430,0.128765,4.724157,4.312796,-6.345570,-5.757564,-0.833765,3.539028,0.363953,11.536749,-0.839928,2.507536,5.285856,6.977127,-7.003098,2.372639,1
-5.017113,-5.329792,-4.811125,4.201258,-1.444006,-1.577562,4.100256,-3.024193,-1.329676,-1.274317,-6.885113,5.934111,-0.320564,-1.325508,3.630838,3.051596,2.565758,0.657042,-7.029673,-3.839205,-2.452198,-1.200985,-0.735302,-10.798455,-2.378721,3.790037,4.372234,-1.493044,4.372452,1.229357,7.793596,2.185968,0
2.864277,3.734718,-1.793808,1.427727,7.752110,6.279076,-1.251774,2.577850,-3.416582,-4.599503,-1.867355,4.133181,-1.378254,1.566832,-6.041322,14.036425,-3.309568,2.282736,9.725113,-5.357858,-9.791764,1.132349,9.632263,-0.259960,-2.509604,5.962795,-0.295980,-1.490726,0.625076,6.383890,5.550253,3.555586,1
-7.598656,-2.341156,2.691429,-1.270630,-4.972300,8.998449,-0.217777,-4.703880,-3.545589,4.408998,2.837328,-8.029964,-4.487026,6.465292,2.385040,-4.667595,-1.814407,10.954237,3.423355,7.507477,-6.011969,-5.614288,-4.949568,3.521004,3.745359,-9.304015,1.099966,-9.869724,5.768639,-8.036384,-4.554544,1.941895,0
-0.860186,4.953238,-1.091902,3.868038,-0.489296,2.322607,-4.392317,-5.684763,1.223679,4.400059,1.234510,10.757734,5.348583,3.004551,-2.804529,-3.308475,9.818272,3.118526,-8.424927,-3.865982,2.392242,0.152897,-1.058146,-1.557747,-1.494436,-3.475765,-4.827841,0.990280,-2.202177,-1.623985,-3.002991,0.142231,1
-3.874981,0.069777,-6.006287,1.958580,-0.344608,-7.981089,7.348063,1.919094,0.735945,0.145996,-9.179924,-1.493347,1.769836,3.449305,-4.770025,1.044966,4.177219,-1.228209,-1.337425,-4.037245,-1.684896,1.186001,0.179773,-7.924284,-2.961000,1.493111,-0.324144,0.384842,-7.536796,5.312649,-2.647884,1.383423,0
4.384722,-5.096738,1.965027,1.836330,13.816069,-3.798759,0.741100,13.988276,-0.518368,-4.016386,5.075571,0.411497,-1.409273,1.725538,3.035707,6.787161,5.003426,-4.581814,-1.545300,-1.809671,-4.033316,7.409899,-2.782326,4.468725,-3.161694,8.122766,-0.327045,8.409891,3.315277,3.340246,4.439257,-0.133869,1
9.658075,3.431141,-2.612812,0.043171,0.850929,-1.445549,-2.327393,-5.019100,-12.009037,1.568232,-8.854616,3.937872,-12.702717,7.580334,-1.598431,-8.047139,0.156290,-0.158464,6.381416,0.597143,0.989132,-0.499537,-7.245243,-3.325043,-3.232325,-0.015644,-5.248835,-4.755705,-3.215027,-2.057106,-1.530941,-5.622499,0
-1.461996,-4.171831,0.925364,-1.038429,-3.287722,-0.524851,6.812548,-0.359951,-2.928701,-5.335263,6.208158,5.878922,0.315550,2.808113,-0.459623,-3.955057,11.353724,1.959681,7.957680,-0.376341,0.177299,5.666914,0.691570,-6.319828,0.244190,-6.066478,0.767122,2.901129,2.490940,6.601917,0.205721,5.636862,1
8.821777,-12.446240,-3.028551,-0.117645,1.727882,2.898676,5.680876,1.804602,-0.248558,-8.310066,-1.569740,-3.654961,2.936134,-0.009111,1.880123,5.031807,1.141060,0.115221,0.180531,0.848272,4.089025,-0.620621,-2.063021,-2.426777,3.291451,5.831381,2.861773,4.810896,-0.987257,0.422087,-2.687616,-3.460567,0
1.635447,-3.053026,-2.015703,-5.642110,0.622036,-1.703579,1.338415,-0.096582,2.317553,2.777519,-2.967743,-0.228996,0.172001,3.449409,-2.480787,-5.052481,0.665218,5.600981,0.919701,-3.223316,4.889166,9.781204,-3.712759,-2.038153,-6.675286,-2.210499,-1.078655,-3.958544,-0.140121,-1.930723,1.491386,-2.895597,1
-1.121502,-1.198902,-1.873423,-0.805550,4.275471,-5.491196,-2.520220,3.513630,-4.839340,8.160271,-5.283154,0.654140,0.974232,-3.619701,-3.304399,-1.492332,0.937496,-3.761232,6.534748,-3.887877,-2.523052,-0.397894,4.498388,3.003311,2.302269,-0.624094,0.730631,5.989918,-0.277744,-1.746902,2.952003,4.947542,0
-1.177666,2.738024,-4.662920,6.811605,2.152412,2.202892,1.339666,1.789171,2.258804,-1.453882,5.368219,-2.371363,9.877810,4.719454,-4.515406,0.720114,2.755516,4.524851,-3.669210,4.657476,6.224459,-2.934162,6.760712,0.379967,2.156374,-1.792616,1.253883,-8.454733,6.878710,-6.846816,0.429636,-0.785740,1
-1.233509,-2.605881,8.059927,2.713568,2.052622,-0.301006,-3.433350,-5.649994,-2.672449,-4.947334,0.492380,2.023739,-1.276863,1.254681,-2.170578,-1.049469,0.844002,-0.239082,-0.718353,-1.550817,-4.734758,2.206291,-4.879293,0.115067,-3.516054,-2.907362,1.449234,-2.154829,3.937660,-11.227350,-0.957003,-4.584795,0
0.572474,-7.259357,2.906033,-0.914810,1.255472,-0.943527,-0.003454,-0.242504,-3.565353,4.627222,0.015570,2.859612,11.650869,-0.221621,4.146784,-3.172245,-2.904375,-2.699930,-2.277193,-1.147305,1.519791,1.172256,3.811640,-0.018087,1.424856,6.058855,5.200745,-4.891935,3.575748,0.901657,-6.219519,11.111483,1
0.471636,-1.843634,-0.844782,-4.848896,4.099693,-1.391745,0.976431,0.011292,-3.650724,-0.959591,0.341551,0.814196,-0.931751,-1.932865,-9.144765,-8.173397,0.911327,-3.258656,-10.307023,-4.475750,-4.489773,-4.364029,-1.296923,-2.233730,-1.676483,-0.402813,12.236139,-6.725904,3.610828,-0.806435,-4.227356,-4.728245,0
-5.040047,3.682331,-0.176559,11.912523,-0.990971,4.812817,-1.498703,-1.301718,5.553040,5.118567,5.431057,-2.233097,-9.433590,3.037884,-5.341150,-3.018229,-3.440464,4.851122,-1.052628,-6.408679,2.728668,10.653755,4.418688,-3.378633,6.094265,-3.365808,5.430775,-3.724602,2.991505,2.990128,4.650135,0.999983,1
5.425026,-1.749405,-2.488541,0.510550,3.190966,-0.590773,9.131006,-4.635880,-5.429232,0.041592,-6.677057,-2.259356,4.644096,3.892197,-4.796312,-1.711481,-3.306015,-6.189991,-2.647135,-0.661144,0.407463,-1.356991,-10.748862,2.414640,-0.066761,4.839357,4.171921,1.672945,-1.107475,-2.507755,-1.662582,-5.021963,0
6.429693,1.861679,0.185680,-1.425449,2.759470,5.851530,12.101805,-3.799435,2.202211,-3.706371,8.188322,0.927416,-3.599878,6.661272,0.861774,2.503164,1.374001,3.454569,0.097363,0.877131,-2.467327,-0.296888,5.340630,5.496603,3.158558,1.337656,0.690510,2.855021,13.406809,1.650019,0.884893,-9.510797,1
1.010904,0.976902,4.736046,8.690615,-4.034409,-3.798981,-3.303759,6.013439,1.597286,8.497349,1.313148,0.115732,-4.227921,2.572039,10.870089,-5.069244,-4.477776,4.467892,4.534445,7.150267,2.013477,-2.686195,1.524639,-1.564844,3.967415,2.522161,2.526918,-2.645399,-3.818899,-5.716061,-8.990270,5.655910,0
4.920433,-4.274712,-2.273781,5.200935,3.312315,5.756489,1.318018,-3.177515,-0.211077,3.333864,-3.794451,-3.048140,8.930235,-6.302774,-1.972258,-6.259868,2.184448,4.308117,5.371136,-6.321928,6.326977,7.310091,1.066151,-4.831671,7.394476,-2.525728,-5.265939,2.678610,-2.126366,3.053894,-0.063173,-2.069227,1
-8.599237,2.605377,1.720011,1.479212,2.201389,-2.842800,1.821886,-7.992159,-3.968422,-3.865826,-1.863741,-2.280109,-2.806789,-7.548596,1.576902,1.642982,-0.323238,6.105791,-1.666420,9.523623,-0.337606,-6.419096,0.425959,-7.859533,-2.958336,1.302275,-4.712782,2.333246,1.858274,-0.640646,7.320122,-7.938879,0
0.760675,-5.062633,1.509666,0.312691,-1.977880,-1.193401,-8.703735,5.312387,-2.874952,-7.520143,-0.379881,-0.738016,3.010208,9.380465,-9.711323,-1.834179,1.374895,-4.008238,8.272846,-1.687124,-3.436129,-6.671994,0.456133,5.098207,-0.165932,7.442476,2.931900,-5.451003,7.020893,-1.508736,-1.361984,0.594183,1
9.086340,-3.224976,-0.305792,1.364876,4.574152,-6.099121,3.517984,2.459652,2.642096,-0.345570,-0.808424,-2.078121,-5.638754,1.604986,-1.249207,-3.078825,-6.880840,5.474079,-7.116234,-5.726027,-9.011662,-6.687866,2.542431,-7.753798,-6.750975,-4.131781,-5.206245,-7.203921,-2.480724,4.175827,-3.259045,-3.640697,0
0.776852,-10.604391,2.390608,8.915913,7.903292,4.111979,-0.178328,6.224274,7.294924,-1.108006,-2.103291,8.470999,1.912287,-1.435354,-4.686193,7.522900,-1.273781,-3.725782,1.648012,3.027643,-0.504761,5.551197,1.903952,0.383682,2.711655,2.365894,1.808847,-4.836449,-0.864571,1.986071,-7.467572,5.304333,1
-7.167531,-2.034395,-0.064976,3.462694,3.223597,0.555498,-4.127150,-1.095007,-2.233259,6.116837,-1.467342,-3.360693,-6.983200,-1.158627,-1.164043,8.028557,-2.287495,-2.760292,1.559490,1.239925,3.462357,-1.009602,2.536371,-3.176901,2.469425,-1.639040,-5.103567,6.829126,-10.756667,2.619556,1.268934,-0.270046,0
-3.232428,0.098677,-6.340983,-1.949032,-7.608926,6.536203,-2.198149,3.210297,0.058374,7.403095,6.885397,9.589397,2.277699,3.846479,6.948009,-4.408545,-5.834901,4.379196,1.030979,-0.481102,-5.512302,-6.601359,7.415186,-3.667774,-2.742971,2.166758,6.369282,8.435114,-3.818134,3.063643,-2.351879,-1.592314,1
0.560345,2.379326,-0.977358,3.152744,0.337276,-1.259094,3.664322,-0.669676,-3.657499,-4.218063,-1.210266,0.226986,-3.282936,-1.701447,-4.253250,-0.132288,-5.186396,2.401073,-4.901432,-1.062590,-2.676189,-0.313112,-3.916739,3.825504,-4.731762,0.573256,1.512480,3.306280,0.968273,0.339678,0.087278,0.865217,0
1.861977,7.636858,5.935787,-0.172701,0.321661,1.449648,-4.413534,-1.446012,2.218811,8.928181,5.530334,3.635056,1.517179,-3.441423,-5.920454,5.255270,3.476921,-2.509295,4.072096,2.043581,-2.673302,1.825981,-4.045330,9.739435,2.956181,-5.078216,-4.688545,-4.499170,-3.530195,-2.928570,1.048685,-1.703032,1
-6.548130,-3.892399,-0.643503,-0.565901,-1.221373,3.710367,-2.631861,8.955065,2.524851,9.237490,5.646803,-3.407360,-1.680994,-0.849638,-1.058025,2.981342,3.131382,-4.368103,-0.552650,0.776106,-4.433262,3.995874,-4.376595,-12.058997,1.105419,-4.623146,-6.983225,-0.793787,-6.702860,-2.952215,9.436449,0.948532,0
4.235630,-0.293047,7.265385,0.307266,-2.755186,5.271095,2.925783,3.081623,2.131622,0.724529,4.556099,3.317493,-3.165731,-4.048613,1.308508,-4.033039,2.223797,6.840527,-0.224688,4.221069,2.385906,-3.417505,5.477541,-2.585651,5.759510,3.414898,8.878719,-2.839474,1.243206,-2.468485,-4.013269,-2.142618,1
3.200254,6.481968,-7.487423,-0.665953,6.326488,-0.646101,-8.158626,2.882092,-6.209999,8.881952,-4.665773,-0.512606,-9.664847,-2.758474,-0.687464,2.061413,-2.769926,-5.857790,-3.266562,-0.266090,-2.590818,0.905294,-8.831910,-3.249502,-4.010904,-3.127132,0.618279,-0.933367,-9.190780,-7.154071,-8.782115,0.529461,0
-4.678381,-3.265568,1.501604,-2.760031,2.464354,-1.456217,3.052574,2.552200,2.169796,4.141954,2.117050,11.075788,1.088793,-0.528414,-2.189917,5.480881,-0.132984,11.315989,0.463470,1.673809,-1.338539,-0.852537,-5.856657,-2.221342,-8.725645,-5.470478,6.234907,0.841051,2.830542,1.333498,-2.769890,8.328180,1
-9.334996,2.974691,-3.882593,-0.735365,3.822748,3.706200,-4.124136,-4.932041,-4.218390,3.638733,1.783554,2.251926,7.932508,-13.816176,-0.214293,0.993595,-7.219822,-5.434002,-4.388615,-1.826237,-1.799856,-0.606695,-4.000816,4.804094,7.624674,12.007483,1.750235,-7.193247,-4.894938,5.303404,-1.366779,-7.816431,0
-3.859720,-0.304512,-0.242502,7.355999,-2.280909,2.724615,3.671446,-3.989172,4.130209,-4.725618,0.063641,-7.991687,-2.462616,3.398159,-4.797985,8.806274,7.048450,3.765350,0.400887,7.119171,-2.898838,4.047094,-4.035561,1.849783,-5.804442,-0.798954,-3.722290,-3.225603,-6.970150,8.805920,4.947941,3.390156,1
-1.713602,-2.497019,-2.538221,3.199600,2.536282,3.984936,-1.219261,3.389914,-5.945351,2.096563,-2.431499,-9.949921,6.268429,-4.361513,-9.026071,-1.596495,0.845100,-2.692404,-5.508682,-2.937037,-0.796125,-1.096046,-5.056984,0.178400,-0.943069,0.626930,3.166639,-3.550039,-3.967089,-2.575039,-4.873148,2.834900,0
3.266516,0.022591,-0.694345,6.007587,-1.463999,-1.735531,-5.151471,1.490034,-1.280561,-4.441202,2.091410,-4.067589,3.618982,0.589104,-11.458086,0.572399,-3.233124,7.510109,0.899981,-5.064402,6.483559,5.518890,3.959528,-0.921438,3.157639,-1.293663,-2.176508,-1.990189,-4.047129,6.223495,5.995035,-9.703329,1
-7.006758,-3.660213,3.828117,6.020109,3.642452,-4.634510,-10.860794,-0.280157,0.014009,-6.951315,0.753145,-3.934628,6.197561,-7.640985,-5.857048,-3.748703,-5.667133,-2.691895,-3.983345,-9.323935,3.511469,5.981184,-1.820692,-5.024277,2.141619,-1.063478,1.537697,13.680830,1.116074,-1.526680,-0.959669,1.390486,0
2.029449,0.994078,5.051659,-0.244806,-4.063585,-0.621603,1.891697,-11.335573,-11.946178,5.476000,4.820728,4.975653,4.441196,-2.309124,-6.822058,1.099159,-7.247440,-2.305056,6.879915,-9.334467,0.794559,-5.324629,5.275728,0.639399,3.327372,-0.304623,8.598764,2.429787,-2.453959,4.703127,7.164785,1.712675,1
0.964327,-1.994446,-1.521469,0.494211,5.784708,-3.697435,-9.165317,-4.660652,1.138910,1.174988,-8.097768,6.015076,-8.433097,0.018263,-2.667778,2.019737,-5.810120,4.607285,3.853352,5.314732,-5.864908,-2.264845,6.949707,-5.887484,-0.086256,9.752478,-1.839239,8.379946,-4.305986,-6.018602,-1.094097,1.918795,0
-2.685656,5.235453,7.535488,5.375252,3.494492,1.023975,5.726088,-0.678535,2.341658,2.877089,3.385473,-0.210606,-1.824240,-6.557732,-7.867322,1.847946,10.508402,-3.609932,-0.140066,2.469604,1.618565,1.448647,4.145222,3.321583,11.202921,1.589914,3.490095,6.365782,3.747234,-4.780243,-3.205269,0.040522,1
-1.320511,-8.847479,-2.265533,-7.413830,-1.391247,-1.829449,-2.475481,9.167818,1.063019,-0.626116,-4.356300,-4.411467,-0.132877,10.467249,2.206646,-0.126671,2.531065,1.944590,5.756514,-3.047363,-3.444023,-3.396421,3.352102,5.669809,-1.151470,2.188766,-3.314812,-1.501476,5.393791,0.797066,-2.511467,-3.749159,0
-0.156183,5.863192,-0.263105,3.629026,-7.658450,8.167368,9.785622,6.801090,8.175791,6.198914,4.130224,0.877319,-4.155563,-4.785372,9.155197,0.140194,1.180470,1.775259,-0.842192,4.181141,-3.779837,-9.030962,6.699186,-3.130695,9.005589,0.809048,4.511377,1.164257,-2.005587,0.741228,1.952194,-0.833641,1
2.223665,0.854185,-5.581968,7.131128,-3.286472,2.847267,4.583042,-2.663649,-1.677092,5.837339,-2.007784,-0.300055,-1.526758,2.507729,-0.328203,0.871143,3.578579,-3.016449,-2.479290,-4.390871,2.434927,-2.196060,-3.878527,-4.394297,1.694830,0.470852,-7.318849,0.596264,1.873209,-1.278379,-6.744806,2.666348,0
4.494877,3.087439,-0.886816,-4.978323,8.532324,2.056168,0.170006,0.916798,-1.421749,-2.158058,5.626537,1.050327,9.645554,1.747499,-5.577837,-2.925695,2.789417,-1.033577,3.025476,4.498547,-0.528271,8.958796,2.525454,-9.152294,5.990198,-2.933098,-3.872484,-6.246758,2.482130,3.997698,-3.564890,1.266592,1
-1.175493,-0.579357,3.173273,0.939457,-1.819067,-2.747433,-0.842640,-2.287556,-9.117654,-5.968391,-1.472754,-5.785210,-5.509291,0.259106,0.412830,1.996426,-8.194001,-2.446724,-4.650196,-0.547373,-6.795023,-0.500494,2.485142,5.916321,4.209036,-2.224401,2.188282,1.360197,-3.343872,2.288223,-4.587439,-1.962341,0
-7.490699,5.092422,3.116217,-1.906693,-1.446400,-0.443361,-1.592106,2.760363,-5.311903,-0.436842,0.819057,4.184790,-4.899052,-0.800579,-4.169025,1.880289,-0.540915,-8.434897,6.130819,9.594288,-1.621201,-6.686357,-1.177986,-7.500576,2.822050,0.352203,4.190840,1.774157,1.639858,5.088900,0.147560,-0.217054,1
1.036318,3.914516,-2.803225,10.441248,6.232615,-6.077072,0.319653,0.712103,-4.988735,-0.511007,-5.058729,-2.334146,-5.940966,3.838179,-5.175354,-0.775377,2.660141,-5.055550,1.892534,-6.578930,3.491558,-2.564003,0.747829,5.440062,-1.203119,1.548307,-2.374685,0.184856,-6.659630,-4.692039,-8.877082,-0.361341,0
6.573759,-7.882675,3.582806,5.649353,1.602642,11.312696,5.044888,-1.836472,1.732979,9.175749,0.737841,-0.732306,1.884302,1.674963,-5.598251,-1.928791,-2.818304,1.974855,1.509624,1.495832,1.675501,1.911011,-0.630550,-2.122911,4.956266,-3.567616,-1.109213,3.433512,7.179459,0.969702,3.925871,-4.973665,1
5.102638,9.209780,3.393721,7.798275,1.381340,4.233358,-9.975330,8.222775,-7.771644,-8.451256,2.043036,-2.083233,3.960464,6.301580,2.267551,4.784822,-7.690744,1.665005,-7.816561,-7.767637,-1.455223,-0.424749,-0.532797,-3.207935,3.375933,-2.323074,-7.170320,1.452539,-7.297126,-0.868317,5.020557,3.700262,0
0.134274,1.079281,-3.766766,1.207426,2.787842,2.589256,2.839991,2.765375,0.446644,8.277660,-1.917080,-3.078867,-4.433163,2.403326,-1.695724,1.319975,-7.209567,3.949940,0.812340,4.405148,6.469187,1.588991,0.227932,-2.314631,4.516169,-3.082594,5.412701,7.223349,1.938368,1.147633,-0.151770,-1.514812,1
10.791624,-1.899338,-2.406458,3.874054,-2.573172,-6.738522,-3.732443,-4.385612,1.529144,-9.005314,1.721731,-5.613916,5.193796,-2.178204,-6.792587,-5.176701,0.980070,2.045605,3.187302,-3.022945,-4.586168,1.980438,3.561768,-1.582945,1.283070,-2.056070,-5.773149,-7.611918,-6.012529,-6.279589,1.004536,2.279211,0
-2.985689,-1.828932,4.429512,1.331581,10.515684,4.579512,1.434032,-1.662640,1.918409,-1.486250,-6.763493,3.524908,5.769613,1.797501,2.009903,4.187998,-1.501144,-1.788792,-0.185080,-5.393828,-2.352709,0.651625,0.060013,-0.862377,-1.854301,0.763153,0.724722,-1.117062,6.339476,4.784309,3.583025,-5.793863,1
-3.544790,-1.442863,-1.125010,-0.917730,-3.182297,-0.713308,-2.485228,2.282312,-2.198750,0.579103,-0.678185,4.384436,-0.739435,4.370281,4.857738,1.516668,-7.395134,-2.184917,-4.413080,-2.172180,-4.894876,-1.121929,6.865202,-4.603897,-2.414621,8.980349,0.392546,-2.796556,-2.338457,-2.669481,3.038404,2.822145,0
2.319969,2.770746,-10.785121,7.269810,9.396313,-7.824838,-4.420216,0.533968,-1.370996,-3.173319,8.935398,-3.706621,3.653507,-3.871817,-1.477386,3.342133,1.619947,-0.674551,-1.385399,-6.434848,-3.209457,3.167044,2.418205,-3.874193,-3.788073,1.752180,-2.424236,-5.154838,4.915688,6.394636,-7.165800,7.310354,1
-6.454096,3.896677,-4.610847,-3.782089,-7.800723,-6.184940,0.853453,0.350794,1.180925,-0.086691,5.731684,-7.185668,0.304741,-5.586046,-3.871742,-0.240210,-0.756866,-5.540457,0.456942,0.532354,-1.375311,-6.224279,3.438503,-3.920904,0.024160,-2.586180,-4.255499,-6.984634,8.265337,-10.029806,4.431952,-2.315285,0
0.949629,-3.382666,3.023294,-3.947672,-2.353672,1.916344,5.593369,3.878620,-7.581975,-5.743519,-4.416498,4.766760,5.449518,5.655010,4.641047,-2.781158,2.428011,4.274723,-0.151905,-0.678776,-0.310251,-4.939339,-8.989093,0.891960,-1.402653,6.336554,4.792749,-0.311815,7.281172,-4.903978,2.686071,6.723192,1
-3.762480,3.991394,4.103765,-3.583864,1.401327,0.241171,-4.780548,-3.911512,-3.132835,-3.106527,-7.488530,-3.352186,-5.673527,-1.474411,-4.684469,3.170628,4.758263,2.893427,-3.859835,-8.473950,-3.271498,2.963991,-1.062441,2.289557,-7.459399,-4.961258,3.879341,-1.924713,0.818628,7.435938,-1.155731,0.422153,0
-2.705189,0.734789,0.809479,13.531458,7.414408,-1.324617,1.447969,1.271767,5.506372,-2.857187,1.787226,-0.087475,0.596279,-5.195230,0.974201,2.480204,-2.531017,1.728680,2.075432,-3.116423,4.046202,-3.790031,-8.552218,7.367035,-0.340954,-0.278704,4.803373,-1.341185,-0.461954,-7.563193,0.422985,-0.575289,1
0.033133,-4.836937,-3.932880,4.941952,0.419310,4.641611,6.010517,-8.740154,0.191084,-2.710819,-0.721521,2.295313,-4.973009,-0.893183,-6.149055,0.000484,-0.738815,5.144249,4.011971,-8.882176,-0.145868,2.468161,10.306494,-7.560690,-11.783057,-5.393684,-12.181421,-4.715067,4.316774,-5.768728,1.179571,-13.551224,0
-4.797543,5.195583,-7.034831,1.663990,7.016518,-3.189692,6.642559,7.977407,-1.909719,4.606266,1.372458,-4.612284,-5.236617,1.782185,3.716986,2.411007,7.235058,2.100920,2.662197,-3.388769,3.293177,-3.628042,3.783438,2.342464,7.644793,9.190382,-4.157131,-0.854059,2.198370,5.012381,-0.719177,0.595503,1
-2.329041,-2.158667,9.899263,0.932650,-7.356650,6.157404,8.052120,-4.871340,-3.587814,-6.322447,0.393627,0.349295,5.008516,0.370628,-1.556591,-2.521441,-0.223000,6.582554,-3.367022,0.001171,-6.161293,-4.502993,0.389997,1.732649,-4.040178,3.163338,2.308338,-4.788998,-8.485359,-2.747427,-1.178654,-7.972068,0
2.557224,8.713717,0.852249,5.467571,-4.589808,3.317625,-1.211033,4.668253,4.827436,-1.953087,-0.880142,-0.999903,3.186108,1.223114,0.493464,-3.825401,2.039196,-0.350220,-5.719014,1.698164,0.823887,-2.275959,7.915247,5.030308,-2.677368,-5.363411,-1.916901,2.435808,-6.435770,0.762096,-0.292404,6.442808,1
7.291012,-5.521454,-4.159077,4.238249,-4.519274,-2.071533,-1.353109,1.170771,-9.835404,-0.697832,6.735249,1.531864,6.556675,-2.731974,0.485723,3.432417,-4.322565,-3.148264,-3.857967,-1.263142,-0.519022,0.079662,-1.432610,-6.147636,5.096127,0.779177,-3.560190,-6.148100,8.957788,-0.794943,-7.259645,-5.804443,0
5.137012,3.061565,-2.886171,-3.072594,-1.211096,8.192570,-1.874447,1.923948,-1.131845,-1.175831,-1.976194,-3.122299,1.574629,-0.152821,-4.059048,-4.230701,4.975082,-0.850044,-2.453491,2.063629,4.359188,7.465633,3.636129,0.347427,-7.185813,-5.015463,1.055416,0.058329,2.999207,2.103931,2.748959,-0.328493,1
1.910530,-8.770309,0.666050,-6.301498,-7.721673,3.694969,4.557671,-10.519303,-1.316643,-3.473204,-2.015387,2.659412,0.153957,-1.573620,-5.530396,-1.821383,2.211876,-3.211761,-2.793226,-6.045914,6.186470,-3.405802,-3.962723,5.409626,-5.035168,-9.171812,-5.890232,-6.255783,-2.601948,-0.152672,-4.825111,-0.628325,0
0.877665,-1.346859,-6.918032,-1.301691,-1.165510,-0.458328,-3.426079,1.601662,0.345325,1.623428,3.880838,2.441114,3.961245,-4.337307,2.661757,1.898426,-5.112971,0.756155,-0.410770,-4.270559,-1.225702,0.079878,-0.543587,-0.738676,1.546259,2.073257,5.402925,6.978949,-6.280013,-0.377899,1.829208,5.342499,1
-2.413647,-3.150930,0.380554,-5.650433,-4.979521,0.795950,2.597536,1.058884,5.140764,-7.308289,1.526390,-0.074621,-1.046400,-3.850552,-5.441906,-3.417807,1.236395,-1.393255,-0.300488,1.020433,10.870020,-3.035355,-3.060381,2.071821,-5.539000,-11.696458,0.870304,9.278593,-3.036844,-4.192461,0.879625,3.723793,0
8.393457,0.653845,-1.981434,-13.973323,-2.749760,-4.313843,-3.735847,1.266705,8.425419,-4.351383,7.241776,-1.139614,-5.321218,1.230404,-1.436275,-7.603488,4.338949,0.623360,6.530888,-1.031538,-10.539562,3.137766,5.075037,-4.724728,-1.548962,-2.427889,-4.785223,-0.014973,-4.697336,-3.850889,4.716169,-1.890501,1
1.035023,-4.482538,-7.239891,1.365402,-9.732014,-2.768433,-7.125905,7.394615,0.295053,-2.892778,4.989649,-3.905146,3.764524,8.187630,3.002466,-10.977329,2.781404,-5.275646,4.192858,-4.235197,-15.209045,-1.965818,-1.501619,-0.298208,-6.430824,-1.180801,-0.587645,-0.892826,-5.334381,-1.680035,0.248283,-4.503967,0
4.653416,2.262207,-3.812098,0.038805,-5.485663,5.211390,5.384594,-1.110552,-0.450264,-0.354910,1.968891,4.576727,-7.853234,-3.130098,2.909395,10.116083,2.759302,-1.564756,0.028637,10.184475,9.727154,7.131414,0.748636,7.243929,1.029037,-4.036469,0.945671,-5.039263,6.312513,4.370586,-2.451084,0.409334,1
-3.104488,1.714407,4.386595,8.599077,-11.346386,-0.400570,9.411337,-6.495161,-6.301754,2.618330,2.938137,-4.192047,-0.812359,3.428766,-6.554813,1.205862,-1.268600,-2.868172,-1.696344,-0.324869,4.385399,8.523516,-8.322154,1.075462,5.460115,1.694727,-0.314770,-7.085568,-2.055965,-1.211514,-2.162220,7.890072,0
1.180607,0.089825,3.239107,-1.051004,2.533146,2.823675,7.431944,6.390572,12.099005,2.718668,8.687796,-3.793360,2.960957,-1.879589,-4.880472,9.121264,0.933609,-4.210777,11.166891,4.748755,-4.552650,3.416819,-8.810419,-3.014778,-0.185472,-2.955360,-1.377420,-7.375385,2.230894,9.841038,-5.263409,-4.325483,1
3.201273,0.121132,-4.850813,-3.419600,-4.659185,6.720711,4.208195,3.613659,5.502195,-5.473751,-0.997395,-10.118892,-2.528641,-4.882721,2.732801,3.814493,-0.371975,-3.125610,7.149071,-7.508008,-6.650476,1.343958,-2.451027,-6.924749,-5.162573,-3.050606,-7.794609,-8.070972,-2.433802,2.863546,-3.606386,-2.636309,0
3.284788,-0.283352,-4.210085,-0.440279,0.016441,-4.719820,1.291548,2.095209,-7.645777,-5.154582,-2.142906,3.230473,3.317579,3.188560,4.231014,-6.539724,-2.742392,3.574986,5.843275,0.504688,2.399424,3.835459,1.998928,4.164175,1.349739,2.134806,5.475222,-3.991781,8.757423,0.035284,-10.132829,2.960623,1
-7.327977,1.491356,-0.892740,-7.620360,-5.540684,-4.682003,3.205805,-5.401306,-8.482149,-8.619556,-9.045013,-2.850430,0.044752,0.775194,-4.850586,2.398449,-4.343452,-5.996824,-2.340296,-4.120155,-5.706612,-4.588470,-4.026304,-6.490210,4.411127,1.110399,2.203291,0.987072,1.910524,0.667599,3.283560,1.314743,0
3.492188,-0.501455,-0.799574,6.322412,4.675848,-0.411745,1.520006,-4.568823,-6.727695,-0.111013,6.270927,-3.539431,3.845360,-1.639057,-8.129148,-3.266953,-6.555844,1.669085,3.823803,2.493242,-2.401894,9.033798,1.167494,5.106730,-0.287899,1.803738,1.600988,8.100569,2.169180,-7.901590,-1.918901,5.258245,1
4.114435,5.476719,-4.573778,-1.117027,-8.486353,5.619596,0.402031,-3.104031,-3.300426,0.351013,2.208347,-1.732401,3.927984,2.284046,-0.231022,-1.287207,-3.797358,-1.108273,-3.063354,-6.808119,-0.886642,-4.421743,-5.484770,-5.201351,-3.652245,-1.366158,-3.055784,-7.603488,2.899418,5.991753,-4.435148,-0.355389,0
-1.034508,1.122501,-0.938314,-1.547445,5.162611,7.887043,1.760771,-0.524527,-1.024700,2.792854,-2.097485,1.159145,0.856491,0.025040,7.057812,4.148079,-0.301702,-4.561195,-2.180883,-1.302816,2.647890,6.619242,8.065575,3.927179,0.816273,5.489773,5.608004,1.809464,-0.120745,5.228704,3.818336,-0.842396,1
9.693544,-1.661289,-2.124022,-9.000185,-5.807995,-4.739189,1.503662,4.096832,-0.650949,-1.650871,-1.174421,-3.141285,-3.008713,-2.471010,-5.212267,-6.652428,-2.076765,-5.326542,-3.051573,-0.180500,1.096069,4.302116,-1.556391,-2.868116,-9.550282,-5.516552,-4.017811,-2.846725,3.995012,-6.355577,-1.526005,-3.696697,0
7.808195,2.920916,-4.131102,-1.196886,0.760351,-1.995998,-3.806379,-1.539097,1.827333,-7.850147,2.496487,4.612015,-0.242191,1.922356,-7.959659,-6.455068,2.468258,2.269112,2.834646,-0.733458,6.434799,0.726942,-3.193378,4.459970,3.652346,-4.579067,4.677893,9.458212,0.504692,8.216330,-3.414162,2.074022,1
0.091814,-2.065094,0.758171,-8.714083,-3.460749,-0.669926,-2.945772,-3.919979,-1.166672,-3.131113,4.569519,-11.650468,-6.801863,-3.402838,-3.481407,-1.369902,-4.390467,1.227777,-6.277805,-2.833609,-8.210434,4.264122,3.139393,1.947680,-1.298571,-0.547138,-2.706495,-0.432243,-2.031277,-4.865984,6.559011,-4.631233,0
0.814554,7.989246,-2.318140,6.895578,8.262373,-6.713470,4.464622,-0.925816,3.331562,-2.530857,-4.910519,-5.960050,-1.827753,-6.843705,-0.309599,3.717171,-0.507462,5.690218,-3.302639,-5.009912,-2.303122,-0.911518,-5.250790,1.217688,1.180117,-0.490057,-1.315544,-2.103535,-1.796091,-2.989088,-0.475245,0.797968,1
-1.688131,2.897682,-9.386888,0.914034,-11.075889,-5.217733,2.866796,-5.911631,-1.305504,-2.029610,1.008787,5.584295,1.197464,0.355610,-4.778133,-3.465780,6.363087,2.072012,-1.439386,-1.092680,-2.763523,-6.401649,-3.427912,0.950792,4.081514,4.682478,6.816778,1.291418,-2.044659,-2.990400,-1.531988,1.830187,0
-2.509712,3.486044,7.367098,-1.768034,-0.972891,7.553530,2.701101,-3.118359,9.829969,9.720736,-1.349348,4.614971,3.989145,2.189119,0.369665,-4.369301,3.907553,-2.771038,-3.080999,-0.189341,-2.149220,3.206812,-2.033579,-0.252665,1.274576,2.471373,4.047289,3.849392,5.423483,1.938116,1.368019,0.579159,1
-11.802185,-9.615602,0.849905,-8.249105,9.833738,7.468399,-1.115294,-0.000486,-0.775537,1.359571,0.118973,-1.764866,-1.771317,4.932116,3.306143,-3.227131,2.052839,-2.424406,2.381086,6.651648,-1.181780,6.374050,3.775808,1.273333,-0.115360,-4.090670,5.616262,2.855968,-3.529606,2.334595,-2.645691,-1.621868,0
-2.502012,5.072081,6.547939,-2.483982,-4.569271,0.574297,2.045635,0.652002,-0.956923,2.878689,-5.999248,-6.087140,2.932539,5.440947,2.880329,-3.562815,2.571136,3.218819,4.927532,4.666086,4.371714,1.801195,2.769239,9.787548,-6.967608,-6.766766,-3.102564,1.170261,-3.281158,4.804119,5.040043,-0.172098,1
4.813683,-1.161057,-0.926361,-0.582342,2.712852,-5.110086,-5.861397,-4.126627,2.033684,1.356850,-0.555315,1.418533,-6.241259,-2.128736,-2.259188,-0.191971,-1.309086,-4.020315,-4.644058,-5.850801,-0.601503,-2.641716,0.740784,6.202364,4.493500,-0.043303,-8.840073,7.130867,-0.742823,0.698786,1.923592,2.244362,0
-9.048063,-1.029800,1.450144,8.260866,4.442015,-0.283661,-3.641668,-4.229515,-4.037209,2.600388,6.482327,0.287855,4.352518,4.749542,-4.186724,-1.675121,6.291786,-0.432135,-1.210407,1.335192,3.266136,-0.811308,4.605545,0.011934,-4.326084,5.714336,-0.260666,6.871199,-2.100945,3.429331,0.519655,4.539215,1
-2.105618,-1.063951,3.267588,-0.511791,-0.059057,1.501209,-0.571178,0.338152,-4.255945,8.481133,3.912491,-6.860945,12.548487,-1.828173,-1.143047,2.554886,6.589241,6.614935,5.289824,-3.673454,-0.269175,2.609409,2.470634,-3.019491,-6.210829,-8.050712,6.013885,7.142874,-8.274031,-1.860092,-4.297108,-6.131916,0
10.018166,-1.935673,-4.674057,9.434267,-0.911058,-3.141598,-0.375298,2.087204,8.190481,-3.998144,-7.843120,1.531839,1.097689,-5.788325,-2.245739,10.858820,-2.518751,-0.468676,-2.534021,-5.459993,-2.144653,1.443874,3.177534,3.400494,-4.140768,0.378216,-0.827230,-1.570593,6.190332,3.555590,-4.350512,7.082705,1
-0.139339,-0.659756,2.423927,-5.710199,4.093801,1.219006,-3.280159,0.592749,2.963675,-1.235838,2.859438,-6.101988,-2.991602,3.497461,0.826687,-8.943932,-1.072920,-0.251604,1.645206,-10.192504,-4.107014,0.125162,5.917730,-3.091133,-0.601757,1.397852,-0.062593,4.964165,-2.511808,-1.148695,-8.704809,-3.312141,0
-2.653957,3.192495,-0.586147,-1.093796,1.949501,-6.357780,5.859730,-0.460852,1.583303,0.789322,-2.836004,9.977715,-7.259075,-0.912947,4.463644,1.577894,-0.964716,-0.862761,2.060621,-4.615454,4.206429,-7.612181,-0.420118,12.927450,-0.734623,0.504204,0.253672,-5.498223,4.627993,-5.109326,5.528442,-2.260822,1
-3.978323,-2.717937,-3.072836,1.868078,4.890383,0.350760,-2.095909,4.649857,2.987381,-2.975130,-0.333067,-1.762486,-1.476238,7.886501,0.202440,-3.001953,6.252552,2.551870,-0.566044,2.600327,3.147198,1.895279,-0.962967,1.906042,-1.111334,-0.444908,-1.937260,-3.063354,-0.213194,1.918207,-3.055508,7.064516,0
5.357790,-1.900059,1.764685,6.794292,-6.356350,3.148596,0.174423,0.204248,-1.334185,3.495369,-1.841536,5.401783,5.689331,-2.306479,-2.259792,1.135599,-6.457336,-0.396639,-3.474005,6.184074,-5.516109,7.828142,5.899534,-2.787922,8.587887,-0.415367,5.390694,0.532967,-0.969488,0.544575,-0.488483,3.476938,1
-2.829519,-4.560356,1.594501,-3.462849,-3.737324,1.823238,-8.484764,-0.340996,-12.347878,-4.007986,-8.971807,3.027304,-5.791534,-3.695465,14.620474,1.389565,-9.312419,-7.309052,2.201895,-4.441814,-1.645731,-2.417883,-2.537333,0.636717,-2.167347,1.570812,-10.196582,-8.419764,-0.977886,4.860033,-5.016310,-2.772264,0
-1.234892,-2.417469,-5.978211,-0.173891,-5.623877,8.866617,2.247974,-1.807152,4.598862,4.819183,-5.563505,0.057764,6.747690,-0.541529,0.707968,4.509861,-0.450052,-0.940706,1.099508,1.921101,0.526308,2.853241,-4.892935,-1.398651,1.004135,6.960987,-5.607094,1.912779,-1.639891,-10.853930,4.308325,1.155308,1
1.421093,5.011751,-3.112471,0.597254,-2.728172,0.497883,1.038359,-2.383997,-5.807631,-3.738911,2.525452,0.513050,-4.051249,-0.299465,2.310156,4.533321,8.290873,-1.334660,5.189789,-0.181921,-2.078829,-4.902538,-4.528345,-3.177511,0.570955,-4.937675,-3.775118,2.736473,0.638044,-2.528370,0.703058,-2.052210,0
4.208954,-4.874989,-0.265814,0.437984,2.364553,-3.219000,-4.801193,-2.475979,2.913181,6.510992,3.267036,2.061672,3.296926,-1.207792,-8.175687,-9.261387,2.539097,2.510250,-0.027208,1.783247,-1.633911,-4.573538,-1.972910,1.303469,3.012066,3.072668,5.423426,-7.614817,4.871853,-2.497726,2.023914,3.571947,1
1.583876,-4.393116,-9.139138,5.544067,3.072803,-2.138765,-2.437464,-2.011324,-1.037371,-7.709614,-5.982491,-8.333885,-4.182980,-0.581890,-2.890852,4.722147,9.760519,-8.851991,-6.588596,-3.123203,-1.072073,0.303186,-6.633524,-3.073254,5.184065,-6.180475,-2.177601,-1.674074,-3.838957,-2.907454,0.051498,-0.366138,0
-1.213018,5.664997,-4.005451,-4.749098,-3.189129,5.062262,-0.603910,4.960865,2.880568,-1.831280,0.726215,0.189602,3.529163,-1.779158,2.834764,6.185295,-2.132673,6.058216,11.113859,1.203590,-1.905962,-2.738268,0.400297,-7.955370,7.210556,-3.579985,-5.094887,0.709288,2.116426,5.176443,0.884350,6.212269,1
5.828863,5.163609,-1.669428,2.241442,-4.960764,-2.578249,-4.583719,-4.049490,2.778627,-6.537277,-7.695741,6.897329,-2.124027,-12.192496,-6.468582,-1.915905,5.191639,-4.296700,-4.298370,-5.230125,5.326735,-4.930689,-6.112106,6.099827,-4.696548,-5.272921,3.297205,2.100588,-1.544888,-4.579561,-4.837524,-3.176140,0
8.254826,-1.778204,-0.353817,-2.809097,-6.293016,-6.364307,-1.284840,4.842934,-0.126894,-0.743610,1.677525,-4.095396,2.573044,4.301004,-0.485464,-2.759460,8.582396,2.297710,-2.394791,-0.841074,5.316288,4.271158,-0.564272,0.500473,2.114454,8.489895,2.749065,-3.456301,4.490379,-0.102171,3.465050,-0.591246,1
1.517546,0.172480,-2.367481,3.242319,3.431181,7.985054,-1.916653,-2.701809,1.916462,2.105465,2.826677,7.355940,1.838730,-7.439428,-8.169211,1.656082,-3.737200,6.897659,0.796535,-2.167116,0.732035,-2.768023,4.466030,-7.985000,-5.968573,-5.775570,-4.962790,-0.786619,-2.791882,-1.621012,-1.770161,-4.394312,0
-3.078314,10.495649,4.172525,3.287983,1.233446,8.498919,-4.734903,-0.689177,1.290255,-0.289352,-5.112178,3.343512,-7.176414,1.407352,-1.424017,-6.168417,-6.587848,6.157299,1.283689,-2.185207,-0.647787,-0.252102,0.172359,0.650032,-4.558483,4.992842,-1.325588,-2.119232,5.206717,1.453976,-2.064730,5.808983,1
0.467602,3.217873,-5.586052,-3.375998,-2.413528,3.596189,-4.607523,-0.362368,-4.686350,10.246084,-2.581221,-6.483994,-2.943413,-6.532637,-0.065489,-3.673594,-0.704447,-0.197100,-0.584572,-8.198348,-2.896887,0.305056,-14.255497,6.809792,-2.655113,-2.326681,3.963333,-0.800335,-3.052013,-1.233883,-3.526592,-5.010218,0
4.553690,0.631645,-5.158938,4.712711,5.851032,6.797134,1.245564,-8.401499,0.283678,-4.542805,6.062983,2.319967,1.770618,5.375309,-3.989714,-1.902678,3.766903,-5.154997,4.596457,5.728559,4.972551,1.201853,0.940289,1.995443,6.621996,0.189686,5.728277,10.166662,0.932816,-0.322176,3.782295,5.091341,1
1.131508,5.287645,2.434732,-4.859062,12.195482,1.163460,-4.089497,4.671516,1.474754,1.706995,-4.252472,-2.359674,0.833523,-4.297550,3.696005,0.995529,-1.225279,-11.306607,0.588459,-6.982239,-4.397125,-4.573814,-5.479971,-5.197256,6.739058,8.054691,7.764874,-6.465517,-0.134617,-5.630087,-2.133358,1.268818,0
4.299446,8.033493,6.648371,7.442633,-0.342869,6.798462,-0.340385,3.908783,-2.665688,2.272753,0.195671,0.567125,-0.164101,-0.348331,-4.142118,-5.664724,0.342733,1.805874,-4.095913,-0.925951,2.955288,0.477947,1.010633,0.458193,5.561502,-0.182703,4.143206,-10.107147,3.155079,2.233852,-6.269772,5.056292,1
-3.553162,-0.658482,5.025959,-4.108910,-11.928666,1.201683,-2.540384,-1.469122,-0.126104,2.430252,1.744108,1.410603,-1.350273,-1.669254,-3.871561,3.324877,2.699835,0.672352,-8.351526,-10.408222,-0.729059,-3.930353,-0.409849,-0.909149,-3.429758,-0.569012,0.989189,3.447926,-3.939243,-1.256092,-2.698042,-4.907959,0
-5.004993,3.226490,5.929287,2.470842,-4.439425,1.857700,2.301252,-10.570585,-9.486898,5.758287,8.353815,10.319391,-3.733772,-2.479828,3.245939,-1.948061,2.604883,4.081636,4.489719,3.338488,0.718782,5.168228,-3.056450,3.173784,3.647226,-2.137438,-0.860397,5.956882,-0.369667,-4.841305,2.528383,8.507654,1
-5.586735,0.352915,-5.345716,15.680368,-8.683836,-2.003359,11.412989,8.396763,11.450430,-1.693802,-0.399900,4.279428,3.327971,3.694376,-3.861090,-3.883995,-3.422575,9.965662,-2.971069,-3.041216,-9.882249,4.869902,-3.315649,-9.304689,0.138884,-3.573812,8.230869,-1.132797,-0.913761,-1.741962,-3.638966,-2.109259,0
-3.826624,4.728193,-10.423402,6.477579,1.096045,0.052778,5.247656,-2.356783,-5.513285,12.445456,5.402676,10.435427,1.265471,2.056604,5.444740,1.005156,4.302193,1.941170,7.866079,1.447649,0.818121,12.709291,-2.417246,0.650640,3.939713,7.418383,1.071957,-1.018826,5.666691,1.353983,-5.658975,-5.429013,1
-1.008636,-6.631735,-3.296576,4.558260,-7.560339,-4.609280,-7.475813,8.338799,-0.812426,-0.064531,5.229185,0.519598,-0.083292,5.985659,3.999834,-5.799871,-7.000898,2.024921,0.397820,1.825590,-1.156811,2.985720,-1.211212,-9.273305,1.597027,-7.658774,6.362846,-7.458945,7.214508,-1.180099,-11.582946,-2.687578,0
4.523880,-6.238729,-4.278383,-1.840790,0.682404,5.485825,4.578009,4.443798,4.230646,-0.047022,-0.172312,4.887171,11.533518,-5.273726,-0.421688,3.892159,1.329334,1.398462,3.964108,2.720428,-2.278141,2.093529,1.617800,2.549702,6.922613,7.085234,4.706675,0.143372,-0.694698,4.164162,3.388626,6.645674,1
9.689837,-3.740316,1.520910,2.670523,-2.338896,-2.072956,-1.362354,3.679493,-2.802114,-6.035757,5.071030,-5.423220,-0.534588,-1.468008,4.570250,2.347233,-1.499079,2.390781,-6.758884,1.448036,3.892380,-8.064512,-7.970098,-0.420862,-1.305708,-0.785336,2.935938,-6.409124,-3.024813,-1.737103,1.172298,0.280478,0
-4.448252,-5.779192,1.906487,4.650652,-2.429262,11.690538,1.287933,7.943018,0.404161,-1.765728,-4.991226,7.775522,3.559097,-1.755945,-1.589516,6.472176,7.142639,-6.104519,-7.354650,-2.593760,0.925283,-0.751137,-3.927240,-5.267694,2.646271,-7.175208,0.750784,4.279734,-0.036049,5.365482,2.040018,17.000708,1
-1.249926,-3.977060,5.611769,-4.940908,-0.948090,-8.755480,1.427902,-2.657448,-3.515545,-5.260742,-2.058372,-2.047142,-7.711781,9.048773,-3.529800,-1.045429,-3.135969,-0.533951,5.889778,-1.073748,1.244827,-6.156860,3.911783,2.597685,3.538105,-1.699963,-2.894842,2.848259,-4.529593,0.179251,9.705736,-8.797397,0
-2.909552,-0.809006,-0.019020,-3.482620,1.675856,-1.140280,1.472902,4.692144,-2.659431,3.639971,-9.835806,1.865625,1.626287,-2.389616,-2.247406,-4.171324,-2.036716,4.988993,-1.747263,7.110292,-1.406450,1.912405,0.656710,-4.126760,-1.094521,-3.316502,8.769386,5.895035,6.304085,-2.195255,-6.704847,-3.595949,1
3.966181,-9.337709,4.472136,0.738335,-2.653809,-1.895159,-1.422831,-0.214003,-2.654293,-4.987652,-3.801996,-0.052910,8.235096,4.905634,-1.268522,-7.478712,-1.422136,1.352804,-7.624242,-9.457105,-7.046364,-0.151249,1.688522,-2.984585,1.698801,-0.323456,-4.587362,-2.412359,12.707266,-2.546415,0.545170,-1.665274,0
-1.869984,3.890402,0.548553,-0.825743,8.609812,-3.910686,3.974407,-2.508438,3.271662,5.167711,0.486410,-8.268385,5.070248,2.152475,4.639078,5.298565,2.141428,-4.252142,3.116301,10.116285,7.268265,-0.895092,4.224630,7.823652,-0.461643,-11.338114,11.193918,-1.760483,2.520073,-4.284672,-0.084591,-3.507456,1
-2.630903,-2.539982,4.428352,3.833687,-4.533884,2.670355,-3.434282,3.423733,-1.833521,-0.239944,-0.001606,-3.962782,-6.061165,3.111433,3.280785,-2.789591,2.847898,-2.527918,-2.357975,2.033197,-5.179813,1.951431,-8.563208,4.497274,-10.080522,-0.095545,-4.807383,-0.472052,-0.751181,0.006235,-6.685369,-1.509693,0
-7.030422,-0.742498,3.456810,-5.637317,-3.802217,-1.425833,-1.701412,-3.860418,-8.513575,4.046070,0.667568,-2.940201,-0.211092,0.864103,-6.957148,5.317125,-0.955133,-6.320728,1.332155,-1.152357,2.835207,-1.094032,1.895578,8.128086,-1.842161,0.574207,7.506866,0.491657,1.086681,1.361418,-3.123472,-4.419155,1
-5.270214,7.475960,-1.304714,-0.796629,-1.453157,7.964014,-3.953093,-5.704163,-0.010923,-0.363556,2.855846,-5.009680,-2.217438,-2.530649,2.353636,-3.320286,-1.534306,-2.344286,3.441820,-5.850573,3.019741,1.072287,-5.278168,-0.228258,-2.870148,3.321777,1.317101,-0.516830,-4.195196,-8.367570,3.954329,-6.308168,0
5.043297,3.364243,7.417639,-0.838316,6.312565,1.018749,2.145840,-0.076893,-0.462065,0.628284,0.639277,0.866755,-2.204485,-0.138418,2.603060,2.799459,2.735584,3.935745,7.259987,5.575556,-2.642498,-2.152672,2.050846,10.697277,-5.026934,8.944679,5.643158,0.873119,-3.716850,3.999601,-8.199704,0.394316,1
-4.019012,0.933001,-3.831375,-3.849106,3.677544,-7.051716,-4.978354,-6.513445,5.013149,-5.162180,-1.680340,6.350710,6.622442,-1.806038,-2.920313,0.073740,-0.624710,2.991884,-4.606945,-9.404305,3.303680,5.847342,4.316231,1.762060,2.164070,-7.324235,2.610300,0.762623,-1.061474,-7.640636,-4.364481,-0.957087,0
1.768810,-5.449617,2.201777,-2.931868,7.942671,3.183805,2.204737,-0.823898,7.546938,1.282362,-2.326670,0.630072,-0.174995,5.512024,0.496536,-7.676373,5.182760,-3.300568,9.981621,3.781744,-0.009888,-0.941418,4.255516,4.263672,-6.992864,3.832937,3.251783,2.358013,-0.659437,2.753370,7.686922,7.641293,1
-0.794817,-6.501093,-2.450222,2.630800,9.343267,-1.310354,-1.396421,2.656260,-0.644438,-4.601831,3.008453,-1.113247,-2.392447,3.353645,-11.054926,-9.817255,-1.874794,8.057602,-9.014735,6.830879,5.021078,5.194347,-4.797407,-0.901300,2.136019,-2.297073,-8.423044,5.170734,-4.424614,0.959242,3.054049,3.389568,0
-1.530197,-0.922480,-3.941694,-5.049734,1.226723,5.140518,5.256470,0.559643,10.285156,-0.938684,7.494463,-3.361771,-1.762705,-1.625637,-4.376862,6.422585,-1.472198,5.078201,-6.274903,4.589672,8.056862,8.499901,6.108841,-0.896667,3.122719,-2.996300,-0.881577,5.947172,5.785059,1.495750,-4.788597,-2.427803,1
-0.756357,-8.321612,-11.278398,-0.871006,-0.425676,-0.792486,-1.503716,-0.467474,5.677181,-8.438504,-0.412310,-4.524817,1.219580,0.572245,-6.329399,5.429863,-6.976353,-5.974861,-7.273550,2.732084,0.292559,0.942314,-4.110298,3.091106,-4.782316,-5.674786,6.416059,4.435280,1.988312,-5.451321,0.364639,8.537443,0
-6.026156,2.538950,-5.260955,0.608753,-3.359179,-3.949800,-0.591433,-2.026894,-1.004618,2.670940,-6.521886,1.036970,2.020050,0.450382,5.535904,-7.545096,2.881746,-2.386168,2.304085,6.486198,2.457451,-1.642904,-1.660898,-5.778651,-0.500565,2.357479,0.531281,-2.591843,6.028461,7.044916,7.877827,-4.740158,1
1.548553,4.942184,4.762402,-4.214647,0.268034,0.267477,1.330978,-5.226538,-2.562895,1.738806,4.906813,-4.135452,3.998091,-7.066672,1.017801,-3.420040,-4.785480,-3.756098,-2.301603,-4.552628,-3.303734,0.888292,-6.785458,-2.015902,-1.244286,0.873663,1.388887,-3.588423,-7.330452,0.705742,1.157421,-1.501867,0
1.361736,-1.238239,-6.196756,6.527258,5.579382,8.572657,-7.950878,5.044065,-1.783236,-1.798571,-1.298820,-2.473934,5.207644,-1.311653,-4.024332,4.419867,4.310114,2.515362,-0.036589,0.931557,-4.970749,-1.853813,-4.876926,2.455643,10.460075,0.210667,7.541677,-0.873653,-1.767933,0.920980,4.577362,-2.517521,1
-7.395172,2.126469,2.809311,7.572351,-2.941059,-2.476471,3.035334,0.345064,1.035643,2.023773,2.048973,1.173271,-8.926227,4.678116,-0.448833,-2.998451,2.896975,2.155725,-1.039888,0.663887,2.729633,7.790983,0.191006,1.056734,-1.547808,0.158821,-7.057915,-4.319866,2.116621,9.305910,-1.335907,-6.165642,0
-1.318798,2.159481,8.219078,-2.874718,0.348310,4.456808,3.342451,-6.165465,5.142677,-2.608536,8.416405,-5.301812,3.710768,1.463987,8.419140,6.847385,-2.155495,4.116066,4.844526,-5.136166,0.709488,1.789158,5.591347,1.031601,-4.965595,-0.639431,6.349468,-9.685383,2.163410,2.617891,-6.291174,1.091438,1
-2.907679,3.691677,-1.001827,0.485676,-0.746647,-1.438896,-4.399376,1.659983,1.095869,2.199047,4.539831,-4.600449,-4.008602,1.411114,-1.404345,-4.500957,6.410921,0.071892,-2.635773,-5.770086,9.232710,-0.288504,-6.481190,-2.073641,6.946955,1.904865,5.212965,-3.074942,-1.207748,-3.644419,2.175827,-4.296078,0
4.870335,0.744602,-2.081329,5.663519,-0.338984,1.119093,1.651535,1.395901,4.920271,-1.652081,0.055454,-2.545935,2.731937,1.005135,3.100224,0.597998,8.781448,-1.360285,-0.693867,-8.927301,-2.710890,0.453470,1.733210,4.608963,-2.231239,3.958612,4.307810,-4.286758,3.479359,7.865448,-2.168879,3.214388,1
-7.785011,-0.005863,4.629786,-5.990681,4.827986,-5.182974,2.128803,5.760342,-0.977982,2.925274,2.510639,-1.362505,7.790180,1.858015,-2.416605,0.136374,4.368370,-0.268250,-4.270176,-9.376824,-0.868904,-0.382509,8.097916,-5.909195,-8.862638,4.129379,-6.391111,3.107077,-4.197601,-1.361059,-10.397173,-5.371302,0
-1.835539,3.776865,5.221123,-0.583738,5.220911,5.543081,-1.717258,0.187305,-2.040619,1.269300,1.941866,6.836735,2.412329,8.920204,-3.613255,-4.883081,9.944439,-4.698872,5.469215,1.078033,3.480406,-4.538111,6.727314,7.629869,-3.259409,7.801048,9.080948,2.644098,-1.401716,-3.080267,0.644732,-7.782714,1
1.393890,1.357933,1.842108,-2.648621,4.085432,1.540964,-1.865953,-6.818914,-2.593039,-1.681936,-0.001833,-9.165087,0.098297,2.599800,-3.227701,-9.539324,1.968145,-8.406808,2.244278,-6.038572,-5.536123,-0.139988,2.559599,-10.583587,0.773344,-3.824507,2.573532,-4.541307,2.938551,-5.872663,1.103432,-8.270567,0
-5.298173,-1.916086,-3.871866,4.158447,0.268896,2.256870,-5.155176,-1.895168,-1.105579,4.020916,-3.740276,5.690153,0.018795,5.259939,6.176134,-1.707619,-1.837784,11.766836,-2.982576,1.345203,2.395082,3.162304,-6.210340,1.414801,1.065144,-6.064793,2.341282,6.860697,-4.865404,3.777399,-6.847924,-6.630401,1
2.423834,-1.755463,4.991348,0.766003,-1.451128,9.097765,-9.556514,1.041821,-7.614791,6.980856,5.557917,-1.506262,-6.511133,2.294487,6.406694,-3.694635,-0.691959,-4.292427,1.946196,-2.815508,-4.554567,-1.020811,-4.412653,0.952148,-3.604824,-1.940525,-2.373241,0.270926,-0.614092,-5.603865,5.215128,2.503365,0
0.201242,-8.009243,-0.174080,-4.502226,9.438511,-12.214561,8.204355,-2.944336,-2.088531,3.546869,-1.891043,-0.072294,1.922426,-3.559399,1.454519,8.523487,-2.215662,-0.765490,2.820803,8.834070,4.619675,0.763138,10.668575,3.617548,-0.852335,-4.919928,-4.204994,-3.031401,3.773653,-2.469564,-2.526190,-4.871672,1
1.344893,1.633446,-9.231710,2.425394,2.172493,3.645775,-3.980114,4.459196,-1.528440,-7.960339,1.822466,-3.410530,-8.571690,1.081345,7.080204,-1.729544,-4.153084,-7.552094,-5.651026,-4.440437,-0.985325,-5.072849,-8.816102,-1.318419,0.652813,-4.239786,1.593489,4.227285,-5.055033,2.233318,-6.951300,-9.197605,0
-0.815182,6.689243,12.286573,-2.889502,-7.282093,4.551262,0.579224,1.722088,5.809277,3.118662,0.645456,5.434874,-7.220765,-4.471239,-1.139194,-0.496115,7.774609,5.690117,-0.338537,-0.530146,5.100504,-3.830996,1.059607,-0.289799,-3.591253,2.649496,2.909771,3.972193,-3.867983,-1.406904,3.545185,9.000662,1
-1.983362,-1.026142,-6.649170,0.218451,-1.424862,2.544710,0.895487,1.429516,-3.907143,4.461496,7.201056,3.143066,-2.483810,3.027527,-5.268454,-2.512972,-3.759022,-2.982489,0.393967,2.045267,1.235962,-0.524977,4.751719,-3.749689,-1.533005,0.003477,-2.512270,-1.713139,-1.767862,11.690012,-3.051159,2.836803,0
2.896095,4.702114,-0.248304,-1.296328,7.299999,-1.685848,7.259794,4.253202,5.155018,-1.326334,-4.046087,-1.060667,4.881094,-3.386110,-5.017778,-3.401974,9.593000,-1.718805,8.669125,5.513071,-0.099905,-0.970455,-3.738503,-4.260521,4.865265,-4.169720,-0.842981,1.322727,4.383343,1.197168,4.526108,0.632544,1
2.840227,2.376013,-3.007572,1.097099,3.634068,0.236534,4.131674,0.457392,-6.810272,-0.317749,4.286421,-1.834711,-3.828863,-7.713829,-1.985224,-3.602163,-2.967108,2.896378,-2.307421,1.945644,-1.383156,-0.630964,-2.160021,-0.475353,3.811289,-2.011572,0.822691,-3.358288,-3.914824,-2.748611,5.183662,-11.470352,0
-0.012980,0.649769,8.021130,-0.637438,0.149412,7.044506,-5.739169,4.229801,-1.790363,2.758392,4.806190,-4.490011,-4.573576,-0.206387,3.778984,5.330236,3.595959,5.600946,-2.082760,-2.150934,-3.065788,4.291103,-4.627623,-9.529210,2.212351,2.340706,8.138857,-2.331661,5.697189,-3.246042,-1.503756,-2.602751,1
4.033775,1.985252,-4.430111,-4.498297,1.495426,0.577251,-5.220860,-3.140329,2.746731,2.373201,-0.177423,-11.434601,0.929632,3.354504,2.785519,1.030062,0.500340,-3.219841,-3.000439,1.766565,-5.505079,-5.727528,10.368116,4.403288,-4.487358,-4.796682,-5.343508,4.630373,-7.448751,3.105112,-3.359474,0.914526,0
6.061346,-1.862551,-2.203718,-1.594038,-4.411509,4.075701,8.524134,5.764509,-0.540712,-0.471161,0.457560,6.741137,11.434500,-2.980719,5.656403,5.454525,-5.374285,6.327503,-1.508308,-1.771603,-3.102798,5.256178,-0.533850,-3.464930,6.365650,0.485825,3.399633,12.572714,0.467440,4.862404,8.329796,3.241076,1
5.085693,0.912657,0.270773,-2.089981,-6.476446,6.633804,10.009497,-6.047300,1.927692,5.300154,-2.347658,-1.317648,-4.072809,0.479559,-2.676966,0.646965,-2.203121,-5.421871,-3.818344,-8.276160,-5.848907,-5.441881,-2.082489,2.974379,5.513660,3.638983,-2.772970,0.138083,1.979834,3.812283,-4.357384,-5.784115,0
-2.561466,-3.643230,1.007650,-0.592051,6.641811,-0.782219,7.956230,-4.314047,-0.567801,-0.952425,-3.045464,2.597143,3.088972,4.585396,7.885115,-0.981363,6.245441,-7.093538,8.390774,7.581598,-3.403425,-5.220504,6.972471,-0.605722,0.093401,-1.056164,-8.078791,4.297945,-1.475985,1.525162,-5.867661,0.046864,1
0.205399,-9.962054,2.396406,1.157459,-0.148291,-1.648073,1.506760,2.083134,-4.621967,-1.189545,-1.862627,-7.097221,11.088339,-0.771906,-9.445782,1.562059,-1.195330,1.113367,4.415970,-2.342096,-0.324467,-10.803800,-1.539675,-6.597149,6.317909,-3.790277,-0.654257,0.350201,9.509008,-4.695345,-0.599281,8.216558,0
3.776182,-3.572577,-7.089910,-3.356598,-8.434686,1.743155,4.848490,-3.466282,10.039818,-2.288340,7.200684,1.304739,-3.144644,-6.492068,0.165648,-0.733971,-1.206938,2.721060,-5.404349,3.259573,2.334684,-1.034414,1.048893,-0.879604,7.994925,-1.008650,7.561768,-2.091951,10.139103,-0.035717,1.369080,1.196848,1
-0.380932,1.215652,-8.432685,-0.243093,0.684031,2.207228,-1.685812,1.579834,-3.659637,-2.057745,4.348106,-2.454979,5.534172,0.990334,2.247850,-7.024061,3.741499,-0.953999,-1.356504,3.686575,-1.545513,-3.752279,4.149570,0.995584,-4.128332,-0.198978,-5.173910,-3.266918,5.359440,-5.450712,3.821934,-9.494438,0
-13.278274,5.290478,-1.201979,-7.290858,-0.428383,1.929239,-6.567530,1.476849,7.345524,-3.797138,-6.009061,4.428501,-0.744249,2.464121,6.815586,1.843019,0.305710,4.977566,-3.770899,-2.329571,-4.936035,-1.242542,5.248301,-0.160826,0.832781,-0.192013,-0.484379,-7.410363,-1.300077,0.767624,-4.750395,-0.636108,1
-3.820528,-7.910244,-7.727342,1.672771,-4.184795,-4.991095,-2.455654,-3.848999,5.189646,-0.542810,0.933552,-4.809658,4.543503,-4.376150,-1.774813,2.902609,2.845882,-3.325342,3.948400,-7.681030,7.838732,-1.522148,-2.707396,-0.010248,10.736814,0.605556,-3.443899,2.324614,3.380430,-3.301693,-4.001253,-2.098637,0
5.046795,-1.481468,6.642042,-7.668696,-0.476397,-1.955658,4.337847,-0.330416,-5.249869,-6.627473,11.682238,-3.510780,3.374056,-0.707317,9.778477,1.208569,8.287746,1.883812,4.928205,5.047651,-2.807499,-0.664663,-5.403588,0.096584,6.066654,0.473267,8.364548,5.519598,1.964586,3.217863,-1.255875,2.641579,1
1.482685,5.907139,1.542599,-6.195433,-3.642292,-4.928209,1.541544,0.422852,-2.978394,-4.601862,4.599134,0.368040,4.367704,-0.007946,-3.808062,-1.175514,-2.471926,-5.650715,-3.456667,-0.390934,-5.624718,-6.614595,0.927351,-5.068544,2.593565,-9.321351,-4.359385,-0.809717,2.301065,-6.544704,-3.693075,8.245672,0
-3.048094,10.971979,2.476969,-7.640850,3.125347,2.147045,0.296741,-5.028517,2.691896,5.801144,3.808683,3.763998,-0.340176,4.255079,8.186777,-5.512032,-4.975929,5.485620,4.120726,7.168114,-4.121445,-3.257730,-5.930574,4.166958,-3.520010,-2.959099,3.401077,2.309549,-2.601210,2.349876,1.283241,-8.541139,1
4.628736,1.907684,-3.211414,2.397953,-1.078384,-1.620840,-1.610773,-5.015125,1.941650,3.308825,-5.177139,-4.479858,-0.574780,4.476295,-0.735472,-4.594278,2.877466,3.567827,0.880140,-2.040379,1.907936,-8.004254,-8.887312,-2.362625,-6.502356,-3.569912,-0.227472,-1.486429,6.377184,0.363207,-5.152494,-1.941816,0
7.307253,15.205580,8.268431,-3.941690,2.704767,-0.659103,-5.597703,2.941246,-4.014599,-0.494595,-7.263199,-2.112463,-3.583017,2.751209,-0.608130,-2.909691,7.309210,-1.421608,5.527004,1.050179,-1.812820,-0.691586,2.075485,-2.172817,6.359468,0.508867,3.193104,3.439713,4.856747,1.403748,0.268887,4.255617,1
3.440296,-1.181913,0.026760,-3.067482,-2.189659,-2.024332,-2.933153,1.355770,-10.288230,-0.349768,-12.253297,-0.498392,-2.974009,4.944305,-4.667643,5.971193,8.537510,0.368004,-2.614859,-2.503527,-0.337164,-2.822269,1.970171,3.928640,-2.115887,6.036062,6.392797,-2.486708,1.842268,-2.344893,5.495155,-0.055769,0
-1.881800,4.082035,-0.960161,2.913284,-9.786689,-3.544292,-5.716369,-0.485432,-5.180030,-1.695980,0.043648,-5.300680,1.018736,0.025291,2.786650,2.204931,6.344580,-4.630234,1.480255,-0.681759,10.669031,3.379448,5.694094,-3.059278,-4.756462,-0.169781,-0.916315,4.323414,2.459902,3.155308,-0.845867,-3.199787,1
5.365330,-3.096304,3.551376,-5.032373,-3.183598,-2.278444,-3.928263,-0.340767,2.782385,-1.268499,-1.375010,0.615913,1.994598,-3.271240,-1.955505,-0.488335,-5.212294,4.476740,1.941067,0.157196,-4.320971,-2.543945,3.790354,1.556278,-1.092270,-7.683410,-0.796291,2.498142,-1.071947,-0.135206,-2.653622,2.808893,0
4.967724,4.437325,4.639862,-3.026554,5.537567,-3.753870,-0.474842,-4.384790,-3.055216,8.961239,-3.290424,1.394272,0.714670,3.019594,-6.279102,-10.330768,-8.363909,7.702797,3.433689,3.302198,-2.733536,0.027611,4.229006,4.781551,-0.371313,-2.965364,-1.734474,-4.120190,3.455399,2.941570,5.712204,7.301498,1
-1.287176,7.539032,1.001133,-5.700541,-2.299248,-0.208538,0.985737,8.011339,-0.635393,-0.213072,2.847435,6.195488,-10.719599,4.160471,-5.009007,6.708424,-5.626181,2.834469,3.848869,0.999170,1.335670,1.826033,-6.072660,0.072910,-1.833969,3.287756,-5.211557,-1.106524,4.606377,1.721945,3.169733,0.218281,0
6.164764,-1.836973,-4.091196,-1.896128,-3.303974,-5.459659,4.179586,5.643972,4.428219,9.640522,-0.119452,-0.223692,-2.964344,2.565998,-1.255514,1.486898,-3.933441,4.057657,-1.351942,1.364256,0.103594,0.712620,-0.803274,2.765430,-7.555712,-1.105925,7.629076,2.148466,4.150749,2.281454,-1.633642,-4.296841,1
8.405464,-1.632154,-3.293339,-2.024078,-7.956469,-2.633081,1.198631,-2.632889,-0.901411,0.087238,-9.743802,-3.731943,2.545799,-1.108498,-8.742981,-9.398058,4.230156,6.128366,-8.580523,-4.264395,-5.438814,2.840401,-3.367434,-8.252984,-2.233530,1.671862,-2.288757,-1.687429,-5.857740,-6.403622,3.936377,-0.864176,0
3.092262,4.147921,-0.761938,3.776676,1.512688,-0.287098,-5.051073,0.723928,-0.410358,5.203606,-3.214510,-5.473315,-1.240631,3.271519,-3.000198,-0.078768,2.075945,5.019102,2.686394,-0.650637,-1.892036,8.676012,5.408791,-0.926012,3.992119,5.903118,-0.473396,3.260469,-0.436781,-1.492365,2.967089,-2.094143,1
-1.102037,0.925373,0.519331,0.039408,-3.270384,7.172201,-4.460232,0.913605,-0.237249,-2.056303,-1.840595,6.111725,5.045479,-2.285839,10.087317,-0.019474,-1.364717,4.925611,-2.195831,-3.131561,-1.069218,-9.225945,-1.226120,-6.180981,-5.288559,-6.824469,-6.462677,-6.323683,0.761217,2.317911,6.497692,-8.363082,0
-3.352640,1.553589,4.292854,8.746382,-3.742256,-2.670628,5.362539,2.627283,-2.622242,3.091307,-2.344778,0.052208,6.310074,-2.204912,-4.091805,4.218679,12.843573,2.080292,7.580997,-5.204127,1.774149,-5.688387,9.740950,11.528975,0.276892,2.057762,1.997972,-5.952177,0.717661,0.970699,1.988430,13.740728,1
3.026409,-6.860863,-0.395226,-6.132204,-3.491611,-4.151541,-8.152621,-1.926567,3.108906,0.611193,6.258644,-6.658813,-8.014989,-0.936136,0.879818,-0.970312,-5.933901,-3.335857,4.832163,-4.836493,0.475578,-2.408709,1.249477,-5.858213,6.779739,-0.645689,-4.606812,-5.106705,-5.838173,3.455622,-4.282022,-1.134472,0
0.640009,-0.141346,-5.209854,-4.267944,9.318951,3.669992,0.494907,2.835314,2.478624,0.760166,5.562153,4.423716,-3.173512,4.660507,0.294640,4.327871,7.261932,-2.842602,-6.673003,1.341919,1.711037,-3.536760,11.819441,2.825037,4.494280,0.441305,-3.648308,-3.070597,-0.994263,8.800531,5.716492,2.477463,1
-1.765387,2.987070,-2.280048,3.986328,-1.198502,0.938448,0.844017,-2.547689,1.497948,-5.882565,-7.169464,-0.113482,-4.266623,-1.014545,-1.512930,-2.904827,-3.268612,0.172985,9.824804,-1.359404,3.344006,0.979959,4.873657,-3.282980,5.047558,-1.484873,2.438250,3.753241,0.525135,0.993727,-3.532248,2.652739,0
-5.779572,3.112623,2.386850,5.061098,-0.823738,-4.367224,0.053759,8.325232,4.431376,-9.624479,-0.698736,5.978624,0.148363,4.112963,2.641453,11.025347,7.675173,-3.967541,-6.055653,-2.625832,9.120382,0.427866,2.688354,-4.142990,2.116528,7.233053,2.487091,-3.285313,2.478640,2.932590,-0.846142,1.096457,1
6.932613,-4.309383,-1.573273,2.557735,6.012102,-2.458788,-0.860336,1.271824,-2.394825,-5.403429,1.573713,0.592840,1.676533,-6.756754,-0.840824,-2.745893,4.744228,1.859793,2.120428,-1.374355,-2.623098,3.051165,-5.359024,7.766884,-5.027815,-0.365223,-1.413839,5.044741,3.710909,2.037735,-3.195187,0.860647,0
0.416231,-5.260489,7.004911,4.864122,0.655172,2.601379,-5.984373,3.891075,6.147747,-2.094742,2.527193,3.036207,0.951048,7.330696,4.176840,1.119074,-6.524414,2.511282,1.459404,1.799421,-8.107737,4.555965,-3.649908,5.273409,-2.149168,5.029467,-2.683922,-1.273827,8.059729,-0.995453,6.644278,11.510271,1
2.578144,-0.827908,-4.174650,-3.352640,-4.347822,-4.752653,1.154385,6.901548,11.901583,-8.422080,2.536476,-3.112593,0.549856,-9.895158,5.317459,4.126560,-1.302799,3.021702,3.824511,-2.030468,-7.023811,-3.697786,-1.615036,-1.309727,1.498152,3.111656,0.283754,-3.948294,-5.784359,1.652794,-4.220472,-6.819262,0
3.422487,4.549112,4.781723,-6.106697,-5.782611,10.325880,6.882635,2.091732,0.854410,-4.311029,7.033218,2.018564,0.517500,4.977787,-2.637066,-1.780542,0.161585,0.928051,1.993767,1.554016,-7.221694,-2.095297,2.018389,3.135590,-0.993462,8.621529,5.688250,-5.041393,-3.298290,5.163706,-3.343128,1.936966,1
-5.322779,1.746233,2.976206,0.302048,-6.341307,-7.795232,-3.338238,5.758310,-2.710012,-2.649172,5.793976,0.458422,-0.365156,2.473906,-0.340115,-1.748077,0.543085,-1.932264,-0.762360,-1.814018,10.554953,-6.742588,-6.878382,-8.506858,2.034842,1.153996,0.320379,0.711414,-1.788881,-6.780605,4.617130,4.242319,0
9.764551,2.131947,2.842443,0.523813,-0.959261,4.762329,5.223951,0.805737,2.305149,-1.934010,0.636482,-4.034748,-0.714838,3.861214,-0.632149,-5.228469,1.629084,-0.078665,1.142000,3.330318,1.102215,10.989489,3.089727,5.101076,3.385841,-8.036437,-1.578903,-4.970474,-6.747158,3.552900,-0.848396,-5.199814,1
-3.252337,6.065132,-0.726761,-7.599989,-7.867132,-4.290701,-7.199480,5.167765,1.289160,-1.192194,-3.663908,-3.135633,-2.869663,-5.182238,-3.768185,-0.332264,5.678289,-0.195778,-2.778400,-2.362400,5.216135,0.191488,6.729088,-7.790970,1.894047,1.486902,3.981937,-9.904672,0.412014,-1.119230,-6.299711,-0.168774,0
-2.843033,-3.070610,3.213459,-5.424410,-0.886784,-0.070715,1.219316,0.698540,5.346266,0.270285,8.163986,-0.459286,4.576910,-1.668072,-4.484325,0.782745,-4.218170,3.765808,-2.923952,-1.167923,-3.058420,0.197941,3.058149,2.368462,1.172075,-0.318840,5.599936,2.728354,-3.037733,2.135305,1.161900,2.581888,1
-1.028769,2.952181,-1.564960,4.393408,-6.433113,8.547964,-4.502865,7.141361,3.837774,-0.528690,2.545881,1.721970,-0.031067,3.085802,0.871588,-10.526771,-1.024363,5.703587,-4.628593,0.850328,1.233629,-2.865267,0.823925,-2.436581,1.725643,-6.166931,3.550802,0.591244,-5.652430,-6.329557,5.815617,-8.189404,0
12.232950,0.468622,1.001343,5.095877,5.374224,2.074951,-7.663951,-3.733397,-2.720896,6.082455,-8.030149,-2.250475,-5.447893,-2.075966,2.134373,-2.188953,-2.401880,3.043169,8.651375,4.599670,8.733051,-1.877058,-0.153322,4.600021,6.716515,-4.812357,-1.248320,3.420450,2.051157,1.620724,2.661285,-2.829905,1
-13.387160,4.788950,4.517483,-1.219315,5.058203,-4.917410,-4.595646,-4.893864,-8.133890,-6.972252,6.441429,-2.071564,-2.107302,-2.014858,3.327337,6.456388,0.602322,0.028749,0.054165,2.693329,-0.244009,4.467299,-1.387384,-4.799366,-9.436943,8.019341,-1.350843,-5.272709,-2.631430,1.071342,-2.195723,4.480015,0
1.849686,-0.926905,-0.622889,4.200289,3.582741,-2.439373,6.514647,5.784601,-7.050538,4.850985,8.133427,-1.193180,1.763006,12.571692,1.618399,2.617178,0.311531,0.926395,-1.012598,0.616970,-2.772644,-1.637339,9.048388,6.108587,0.693657,-0.420055,-2.607157,0.152946,0.588623,1.021040,2.942026,-0.414467,1
0.698730,6.523108,1.822853,-0.266615,-0.112120,-7.165950,-7.487196,-2.188715,-9.797210,-2.610266,0.986128,-4.416372,-0.073904,-2.295433,-6.810019,-1.581554,-2.269539,-0.247517,-2.746174,3.080347,2.632027,-0.524443,2.720493,-5.430000,0.988657,1.261154,-6.637585,-4.518642,2.290043,-0.736038,-1.899975,-0.468487,0
-3.112614,4.373903,-0.107853,-0.830133,3.327991,-1.569874,3.460342,4.082088,4.333511,1.425932,6.092505,-5.205905,2.506565,-5.763151,-1.585300,2.129055,-0.651649,-4.625002,2.804871,-4.112976,-1.668175,-2.916689,8.185184,-2.381760,0.771000,6.533415,8.089172,5.555750,6.485510,3.640900,2.608532,5.783268,1
5.053469,-5.821611,2.330425,1.233683,-1.844643,0.935230,2.386644,-8.275069,0.638248,-1.029579,3.258083,1.129808,-8.230897,-6.766321,-3.555695,4.417704,-11.602848,-2.976509,0.645372,-2.479258,-2.150055,-0.971827,2.986412,0.608700,0.996853,1.053667,-5.475771,8.418480,-4.060785,-5.327723,-0.895914,2.222708,0
1.111963,6.197073,2.241028,2.743500,3.012615,-6.043022,1.704384,4.656458,-6.847516,3.398897,-0.149302,1.226233,-2.744474,4.325077,-0.009678,5.846813,5.478369,5.069609,-4.416441,-2.156330,1.456638,-4.434341,8.462936,1.498672,-5.556513,1.398172,5.400263,0.361786,-2.295704,6.569603,-1.148260,-3.363680,1
-2.126467,0.106277,-6.064621,1.972893,-0.815397,-5.736183,-4.343670,-3.998932,0.649693,1.766405,2.855421,-0.881262,1.169872,-1.750454,3.930204,-0.100063,1.509481,1.107441,5.448570,0.588270,-1.309259,5.564127,-11.400512,-7.173322,2.029589,-8.731173,-7.968856,4.324448,-6.897211,4.484230,-0.385103,-0.469715,0
-1.941864,-3.923689,8.202524,1.221413,-5.296908,5.556341,1.300407,-9.672844,-3.212439,3.215372,1.236319,11.734205,3.184296,-1.048548,-2.674078,-0.905083,-8.923411,-4.885855,5.213999,-6.535412,4.197298,-9.318392,4.281782,1.831255,0.038141,-0.689796,4.508499,-5.932611,0.965157,-10.918224,-5.690274,-3.761711,1
-0.261293,-1.132380,-2.245483,-8.502452,4.252441,0.088501,-2.075857,-12.052799,3.489697,8.776669,-7.736135,3.773912,-2.501869,-8.855371,-5.097084,-6.967199,8.661350,2.971205,5.411793,3.158680,-5.784767,1.181038,-1.840267,-8.391440,-8.731943,-1.581942,7.053865,-0.145599,-3.505896,-2.699717,-3.777922,5.781044,0
5.146132,4.669918,13.434561,0.136829,-3.972738,0.417946,-4.552320,-2.527645,-8.101239,-2.621563,3.446926,10.387171,-6.196551,-2.458435,-0.653515,2.015528,-0.453674,-1.567736,0.687220,-4.979679,-3.740366,5.375320,2.684799,-3.255234,4.586868,-0.134506,-0.633381,1.582199,-0.102135,11.100355,-3.094950,3.253454,1
2.918238,3.386686,-3.544437,5.548788,4.734144,-2.636248,-6.001736,-1.737764,-4.124504,-3.170111,-2.000710,2.235666,4.980803,-2.515060,3.709841,3.050266,-0.964212,-8.675369,-5.067280,1.303646,-6.676756,3.667404,-0.902342,-3.040609,8.699039,-6.196960,-1.006187,-0.985348,-4.550367,-2.626499,-4.451998,-1.756250,0
-3.078381,11.407370,3.144365,-3.690197,-0.564215,2.564747,-1.041100,-4.292562,2.212980,0.789539,0.855524,3.673357,-4.200737,5.333170,5.091007,0.165356,4.240238,6.151627,9.410679,-3.414192,0.772720,7.379984,2.129961,-3.760592,5.630003,-0.402433,-0.134336,7.271284,4.139284,6.462729,0.744186,-6.164057,1
-10.102165,3.253504,4.119553,1.007689,4.703230,2.083210,-1.928694,-3.604771,-3.169430,3.926521,-2.849384,-0.569939,9.437376,-0.580555,-5.257620,-4.999983,-7.519007,0.228287,3.602201,9.379667,2.797825,-0.645615,-1.074469,5.054497,7.339048,-0.531803,0.829981,3.405073,4.076330,-0.125063,6.332863,0.216190,0
0.948013,1.406708,0.866854,-0.858431,-0.804531,11.782175,-0.290024,-0.883940,-0.198385,1.155872,2.127901,8.740324,2.463636,3.467133,-6.249068,-4.423073,0.009428,-1.879028,0.930975,2.350704,1.208008,-1.320696,-5.683766,-8.228749,2.491302,1.199669,-1.354158,1.934544,-5.457376,0.755697,3.072956,-3.935099,1
3.442747,-7.965183,-6.315372,-2.335310,-8.908160,-7.739907,3.616795,3.272715,0.187754,-5.562159,-4.446249,-0.921608,-0.370045,1.395472,-7.708572,-4.989632,1.207874,1.020649,-5.833431,-0.505871,-1.253521,2.447432,-1.818163,-0.312630,-6.112331,-0.835032,-0.433313,4.075384,-0.711021,-3.150280,-0.006464,4.897190,0
6.669022,7.150066,1.683456,5.884127,2.235962,5.562197,4.350662,-3.633430,-0.972109,-8.895488,6.955835,9.457586,6.777246,-1.816322,3.679184,-6.670500,-0.604300,-7.076236,-6.274994,-2.681812,-0.112322,-2.805511,5.694962,-2.060097,0.032999,1.007299,2.381931,-1.437378,-2.107321,1.503744,4.294722,-2.045540,1
-7.136755,-5.058041,3.674604,-2.428888,-3.027010,0.503057,2.982365,0.534302,-0.066191,-3.101765,1.228249,-2.639093,4.491100,-0.060175,-0.301640,-2.064732,-1.946827,-6.620180,-5.634111,-5.113298,-4.454000,3.653248,-9.894582,-3.003229,-4.503428,-5.833443,-5.919333,-1.331512,1.433575,-6.566778,-2.225584,-0.425730,0
-0.288733,3.132977,-2.380316,-2.947927,-0.914337,-5.497309,1.530643,1.639999,1.456341,2.595791,-5.675700,-1.762220,0.482862,8.220222,-2.637844,-1.189175,3.775381,6.176302,-2.151947,-1.996353,2.203304,-1.706442,-1.373571,-2.085924,-4.127312,2.117155,-2.288771,2.885872,-5.461127,-4.649103,-4.180716,4.078888,1
2.033724,-3.752537,-2.538183,1.164164,8.654348,-2.618870,-3.968956,0.584099,4.942902,2.870728,-2.110598,-1.601501,4.709579,-2.487440,-1.522261,0.568768,1.492693,1.082058,3.153112,7.717310,-10.105753,-0.849007,-3.147192,2.578516,-1.368439,-0.166353,4.563847,-8.592426,-1.186380,-0.838581,-3.245790,-0.809254,0
1.490435,-6.236585,3.322830,-4.745453,-5.106144,-0.666868,4.553568,-2.087114,-3.464426,-5.003012,3.606756,1.829041,1.489605,-1.082344,-2.750475,7.522903,-0.307852,6.519503,1.794413,0.943619,2.903151,3.039635,0.583784,-2.155025,-2.662090,-4.459061,-2.729515,2.494280,-7.401978,7.341810,-3.617447,13.120474,1
