-5.571803,4.783659,-4.270150,-0.309015,-0.595024,-4.144785,2.104198,-2.495725,3.769949,-2.118348,1.509912,-3.804396,1.487995,3.222252,-0.970664,-1.349932,0
3.544288,-3.610444,3.153701,-1.708700,2.450704,7.334287,3.740027,0.370225,6.931268,-1.394135,1.938609,-3.170580,-0.359051,2.542672,-0.004945,-3.632166,1
0.950092,-2.720607,4.944145,-1.336661,2.707041,-1.884484,0.291389,-1.503588,-2.592436,3.809364,-5.004357,4.845209,-2.790833,5.174889,-3.753963,-1.159923,0
-0.084116,3.708976,-0.881984,0.583842,6.692500,-5.200928,3.082980,2.988759,5.673564,-1.655320,0.630384,8.424630,1.191473,3.266885,2.832282,2.552596,1
1.291986,-6.465845,2.792006,-4.421116,-5.928188,1.313911,-3.807306,1.499464,2.413599,-4.224536,-5.404936,1.231916,-3.136252,-3.181997,-2.966670,1.943432,0
-2.098098,1.991813,3.097180,0.199585,1.828525,2.005673,2.786916,-0.609525,-4.125831,-1.898126,5.163739,1.602828,0.407401,-3.568743,2.553878,-0.017276,1
3.623953,3.687120,6.659033,-1.413148,-1.639774,0.054300,0.084402,5.151178,0.735899,-5.827093,1.453224,-0.758492,-1.893597,2.324249,3.314495,-5.643162,0
2.649699,0.862782,3.983216,-1.445938,3.099216,1.617427,6.096002,3.197082,1.818685,3.081298,-1.194567,0.519393,1.281211,-0.399140,6.956708,4.073773,1
0.509079,-0.252777,3.045296,-0.869214,2.081371,1.319725,-4.314001,-0.033106,0.927748,-5.295988,-4.184876,-0.495550,6.048773,-0.208296,-1.828154,-2.852396,0
-4.021986,0.304955,-2.611072,4.035098,4.380252,0.408802,4.481423,3.408818,-1.527566,8.579507,-1.395006,-0.741140,2.905316,-0.784139,5.499198,1.973668,1
-5.704644,0.257107,-0.487362,0.868189,-4.327147,0.612486,-9.062250,-3.507771,-2.991759,-1.443974,-2.632214,0.501463,4.176008,-3.120370,3.389542,1.194691,0
-0.549549,6.327239,0.836966,-1.342107,-2.243902,-2.834467,1.693114,1.795953,-6.983688,3.719508,2.934045,-6.443714,-4.363652,-0.637156,-0.052011,4.799146,1
-6.197886,-2.880047,-0.452522,-0.881239,-1.449634,2.715746,1.723923,1.896191,3.034351,-5.502184,-0.973441,-3.736129,-8.761278,1.023521,-2.882777,-5.303073,0
2.127233,-0.733798,0.448665,2.182569,0.575768,4.300817,-4.558248,-0.420582,1.026362,-1.102796,-0.566439,-2.980137,0.024695,-3.065145,2.426682,-0.956861,1
-4.243114,3.512152,1.783546,2.373978,-0.962651,-1.369653,-4.953102,4.539398,-3.492811,0.904877,-5.005062,-2.040930,5.980968,-2.484620,0.436760,-2.563481,0
-1.392484,1.174032,-0.084339,3.493073,2.409575,4.580079,4.501616,-3.149744,2.218467,-1.544069,-1.286378,-0.235710,0.689447,1.387985,-2.209833,-0.567573,1
-0.243618,4.835480,-1.107283,-0.311024,-1.890218,0.324615,-0.011774,1.503683,0.319988,-0.445158,-5.177126,-3.754683,-10.239939,0.651085,-0.975517,-0.831387,0
1.904130,3.016925,0.589785,3.745383,-5.049390,-1.949559,-0.956080,1.670896,-3.344634,-0.240429,2.328717,-0.641282,1.609687,-3.415488,0.675440,-1.014804,1
1.534090,4.834705,-6.044526,-1.612682,-1.530096,-0.327545,-2.455959,-6.433211,-0.752012,-6.604612,2.592297,-3.790782,-1.589128,1.793016,-5.404126,-2.782315,0
-2.349592,-4.259143,2.737075,-0.684469,1.317327,0.247459,3.072045,-0.007178,4.124948,1.085705,5.305627,3.264846,-2.783542,-2.565487,2.345876,-3.136200,1
-2.195662,2.189674,4.572250,0.860281,0.498817,-3.670473,0.914078,-3.098942,3.163912,-3.185315,-0.793382,1.510054,-2.383338,-0.888669,-0.965240,2.149691,0
-1.127207,0.996413,4.077968,2.414752,7.741630,-0.884645,3.515012,0.698929,11.715671,2.596309,0.409469,5.388738,-2.598749,2.150174,4.122167,3.946065,1
-4.841781,-6.241981,-2.113489,-5.487424,-10.659379,-2.885386,0.957701,-1.788914,-2.000669,1.864273,-0.941377,-4.489858,1.103384,-1.241487,-7.733397,3.752167,0
7.600532,-1.494708,2.886184,3.294211,-2.808564,-4.100135,2.904511,2.836740,3.481254,-1.436164,5.780389,1.009892,4.343461,2.569530,3.607635,0.552995,1
4.902758,-4.481927,0.438986,-4.830879,-0.262672,-4.701457,-3.724570,-0.602618,-2.635048,1.350084,0.520784,-7.384823,0.027037,0.210924,-2.926269,0.931858,0
1.310582,-3.463884,1.498361,0.800739,5.919053,0.137580,-3.106462,-3.805152,4.700671,2.820083,6.260884,-4.828410,-2.883189,-3.500065,2.251101,-3.522163,1
2.376738,2.032677,-0.499212,-0.284712,5.977266,-1.654705,-9.708158,-6.866629,-0.227264,2.228653,1.525703,-3.871691,-3.651486,6.446686,-2.326726,0.238657,0
2.703496,-4.800864,3.938901,1.209746,-3.985750,3.829070,1.313436,-0.184030,-0.891691,2.959924,-6.034703,2.278352,-0.989322,-0.613183,3.055020,1.805181,1
-0.724598,-2.280203,1.033602,1.850021,-4.939403,0.017866,-1.783092,0.311174,-0.758471,3.418222,1.400673,1.628984,-3.651902,-1.138124,0.271908,2.761108,0
-0.951104,0.078039,8.210309,-0.723952,0.716702,-5.526877,-5.063869,0.367589,-2.128652,-0.446445,-0.838250,-1.520762,-1.580577,3.143153,0.003496,0.444279,1
2.508905,-2.495464,3.647840,3.820751,-3.249167,-1.660036,0.617743,3.664980,4.556454,-0.317186,-2.422253,-0.909648,1.171190,1.377232,2.302034,-3.626204,0
-0.621006,-5.625434,0.783391,1.710460,-1.178697,4.513780,1.682063,2.656903,3.588387,-2.150211,1.683492,1.286179,2.876880,3.877666,-9.237861,4.588387,1
3.257719,-2.715866,-3.689609,-1.565828,-2.986225,-1.340705,2.889776,0.712610,-2.224913,-5.585004,-7.148474,-4.464273,2.443670,1.593855,3.401886,-4.063829,0
1.505488,-2.691491,4.236257,-0.171022,8.076402,4.183579,3.572633,-0.511726,3.174260,-1.551344,0.766070,2.146455,-1.697064,0.007771,4.327386,5.671559,1
-0.754047,-2.705812,1.030725,1.342508,0.612440,-0.894590,-0.468172,-1.706826,-8.719101,-6.894753,-1.531420,-0.567104,0.419741,-4.060808,-6.638539,-2.277364,0
0.070026,-1.592172,3.429898,-1.856116,5.861871,4.700320,-0.596985,0.586527,4.593705,-1.939222,0.042515,-0.976702,-0.791678,5.027669,4.319852,3.037299,1
-5.066208,-1.049011,-3.004128,-5.496575,3.895618,-1.359523,-4.901131,-0.509905,-6.246734,-4.765759,5.191069,-2.162556,0.613668,-4.982090,1.435896,2.210920,0
4.651784,0.800129,-1.375162,0.109010,3.080934,-5.603920,-5.021089,7.010861,-0.551951,-1.013180,-2.287404,0.037554,-3.224247,-5.912293,2.514958,0.418743,1
1.886362,-3.493005,-1.885952,-3.194630,2.049133,-2.588294,1.518831,-4.708113,-5.373758,1.242140,-2.735112,-2.968970,-3.426768,2.650867,-3.698910,3.627518,0
-1.774608,0.807758,2.454974,2.703929,1.234204,2.121633,-2.638494,2.269336,-2.136375,4.488078,-4.481280,3.659686,2.169518,1.441747,-2.959680,1.399581,1
-0.535910,-3.956314,0.587952,-2.393238,4.401888,-0.034103,-4.763485,-3.214765,-8.200089,-1.055276,-0.044624,0.363846,2.970060,-0.436800,-0.777642,2.059116,0
3.737599,2.163022,1.120900,5.738202,1.500300,1.984776,3.612235,-3.620051,3.310021,4.370193,3.708484,3.044852,1.429313,-2.491015,-1.660590,2.538842,1
2.400993,3.275612,-0.248850,3.787426,0.757086,-1.451090,0.069628,1.225672,-1.709993,0.889414,-2.462177,3.324064,-0.840607,-3.037169,1.474369,-0.032301,0
6.859498,2.853925,-0.698304,-6.345593,0.076791,-1.023031,0.603397,5.829518,1.590907,1.656196,-2.738626,-1.481891,4.122437,3.297513,-2.325047,7.576066,1
4.730989,4.011366,0.745445,0.710669,4.728857,2.256781,3.212111,-1.630421,-2.833102,0.159647,0.708689,0.455128,-1.709289,1.749918,0.532900,-0.520220,0
1.149395,2.967471,2.465165,1.914533,0.402197,-1.208070,-0.710799,3.118920,1.321173,-5.276541,-3.441669,-0.714646,0.550253,2.637410,-1.457433,-2.690036,1
-1.196675,-1.101937,0.625206,-0.257509,0.628723,-6.388183,0.277079,0.333342,-5.078067,-8.900549,-0.759908,1.749216,-2.019868,-1.773425,-2.459653,-4.965924,0
2.991628,-2.049094,0.260177,-4.881678,2.280820,-1.208923,0.105588,3.607827,-6.167130,3.882813,2.232860,2.123797,2.064801,-0.387156,-0.199942,4.323236,1
0.711178,2.370247,-3.848477,0.819668,1.536804,-6.626950,1.116507,-1.434752,-6.690931,1.785196,0.806316,-0.285959,-5.055415,3.905437,-4.299862,-4.445795,0
2.432185,4.922137,5.462443,2.353284,-0.911608,3.350738,1.971585,7.475749,7.529349,4.325377,1.682124,0.196728,-2.988990,3.700078,0.820657,-1.590229,1
2.585674,0.022539,2.834581,1.066290,-2.101983,-2.333958,0.211012,-5.173376,1.417343,-3.936634,3.444645,2.844511,-3.558200,-0.187586,-0.926835,-4.328926,0
-0.299150,4.763070,-1.062483,6.766261,-2.568078,-1.668491,1.554595,3.717277,0.375072,0.988696,4.313355,-1.424098,-1.599360,3.526896,2.461854,3.345492,1
0.060001,3.060163,-1.352725,-1.004733,-2.184524,-3.085911,-0.380468,2.750628,-3.164461,-1.137278,-2.442297,-2.310462,-3.656405,-5.410757,-1.462832,2.309877,0
6.891364,2.310977,1.459744,0.884879,2.613481,-0.447988,-1.669226,3.072185,0.979613,4.593421,-1.365696,2.307879,-4.374424,1.197133,-8.136127,-4.320007,1
3.563026,-4.398013,-1.301435,1.578882,-1.788074,-0.744720,-2.591676,-0.008753,-7.135478,-3.310637,2.183947,-0.114096,-2.271223,0.297640,-3.357674,-6.738607,0
7.479165,2.423873,4.056842,-1.087647,-7.234560,1.510955,8.054807,6.480447,4.185512,1.606454,-3.168556,-0.172981,0.432222,1.062290,2.877294,7.009423,1
-2.108239,0.691362,1.426552,-4.226460,-3.997933,-2.402797,-3.063172,-1.664194,-4.193788,2.628994,-3.885160,-0.658562,-4.759634,-2.846965,-0.507677,0.216539,0
0.369489,0.236020,1.252325,0.733794,3.744973,-0.999870,1.622794,8.691194,6.124892,4.966649,-1.568824,3.082479,6.052608,2.320273,2.736686,-0.521666,1
-2.494543,0.252867,-4.668863,-3.264834,0.641714,-0.843296,-2.026317,0.023405,2.492720,3.656700,2.348343,2.920246,-4.343639,-4.777483,-2.766817,1.728941,0
0.087690,3.605466,3.557132,-1.039053,2.117875,-0.145719,1.674361,-0.339899,3.431512,-0.446748,-0.819108,2.233178,-1.421982,-0.066699,6.559812,2.588641,1
-3.433732,-2.307031,-1.559200,-5.186138,-3.401542,-2.669508,-3.453335,-0.597784,1.139986,2.966261,-0.544992,-1.218202,6.999401,-0.230133,-1.580494,0.058826,0
-4.160808,4.476285,-1.797043,5.195422,-1.667511,-1.517086,1.275198,5.894158,-1.282000,1.076356,-1.313569,0.773293,2.129676,-1.474503,1.335258,2.196998,1
-2.199244,1.176912,0.017282,-5.015338,-0.897063,-9.896892,-0.017345,-0.229658,2.786444,-2.887065,-1.033625,2.091940,-2.456003,-0.200268,-0.019056,3.358374,0
0.745481,-1.584506,0.907436,3.976089,3.884551,-1.127885,-3.118611,-4.810348,1.758876,0.284597,2.861531,-1.169680,-1.617383,2.568774,-4.038091,7.694766,1
2.689711,2.081114,-8.097921,-2.468162,-6.169288,3.219479,-2.753602,3.440062,2.574583,2.582453,-0.098434,-2.420182,0.405649,1.613680,-3.994520,-4.366798,0
-0.596644,0.702861,1.346625,0.983816,-5.820883,1.020092,-1.005976,-2.724399,1.388386,5.647618,-3.274134,5.215089,0.266065,2.069205,-0.008974,7.248691,1
1.267033,-0.179516,1.929321,-5.156335,1.475409,-2.558321,2.866184,2.785015,7.216036,-2.236340,-1.740733,-5.034222,-0.784732,-5.795466,-4.279878,4.724360,0
3.247766,-0.347474,-3.618646,-0.009984,-0.302920,1.040673,0.865163,0.416806,-0.040443,3.968850,-2.008959,-2.866633,-0.392626,-0.933643,-2.589117,-4.781472,1
1.550062,3.285509,-3.032395,-0.751622,-5.416719,0.197716,1.281185,-2.137517,-10.618865,1.414478,-1.647448,-4.775138,3.387754,-4.710432,2.534533,1.771425,0
8.013108,-1.466753,3.395240,4.171376,-1.324661,1.196750,-7.731351,4.723062,-4.912536,-5.886276,2.729749,-4.975229,5.669734,-3.041504,1.535069,-3.219668,1
1.164303,-1.016633,-0.092510,0.923084,1.438707,0.550692,-4.410183,1.371052,-1.676956,-4.053184,-1.584139,1.812124,-1.845233,-1.542157,-2.979809,-4.255136,0
-8.668318,-1.262089,1.731250,2.054803,1.462876,-2.839621,1.859200,3.329003,-2.883636,1.848048,5.805043,1.411208,4.479589,0.799518,3.696321,-1.651443,1
1.682848,-1.427579,-0.177277,-2.143723,-2.288580,-2.624488,-0.729416,0.042990,2.908955,-2.781162,-0.677078,-2.414760,1.254286,-6.807189,-3.903813,-0.885787,0
-0.173038,5.478278,-0.556471,1.823710,1.421386,3.757318,2.453969,5.976052,-1.468250,-0.516950,2.397792,-1.695672,-2.902309,2.620143,7.275207,0.133741,1
-5.900180,-2.195046,-1.981405,-0.401728,0.679760,-0.864746,-4.385816,-1.444535,2.205318,5.897451,-2.883874,-1.212956,-6.695971,0.649242,-1.347396,2.102718,0
1.919312,4.872724,0.385643,0.153625,3.129840,2.756373,4.764550,-1.579961,3.045506,2.473340,1.230286,0.749904,-3.534214,2.096417,1.150542,2.902549,1
0.172462,0.272095,-3.159610,1.280994,-2.840916,-1.873110,0.025873,1.696758,-0.912239,-1.125851,2.501060,1.759211,-1.934063,-1.337791,-8.900604,1.286903,0
2.644509,1.947261,2.175389,-2.692424,0.885235,3.595559,4.002561,3.254338,0.022751,1.651444,0.658354,2.445697,1.543456,-4.723431,5.418725,-0.864089,1
-1.901023,-4.671802,0.239838,-3.711657,-3.934416,0.007387,-2.095551,0.572878,2.428970,-4.701669,2.445194,-0.810560,-3.774539,-1.361506,-0.965274,-1.894236,0
-3.118122,3.335210,-1.318814,-2.943295,1.096872,3.038260,-0.907586,2.558898,-0.249219,0.534074,-0.567767,2.716741,1.375759,7.019454,3.870399,4.146449,1
-0.588148,-4.411992,-1.200354,0.669100,1.565521,1.102268,4.315018,-6.971312,-1.493337,-2.771986,0.275686,-3.180077,2.567993,-5.398314,1.577059,0.720528,0
3.727674,4.776540,0.703343,3.278970,-1.043195,4.759402,-1.932865,3.430028,2.787742,-4.380300,4.199330,-4.199594,1.275942,1.544427,-2.305671,-2.411920,1
2.042479,-3.009971,1.049879,-0.111639,-4.206115,7.533335,1.695185,-4.514736,2.085817,-5.264856,-0.619653,6.318455,3.655378,-3.357718,-1.087236,1.526886,0
1.257092,3.256591,3.059810,5.253810,2.775371,2.172271,5.194137,0.047873,-1.477545,0.459763,-3.338548,1.702828,-2.970867,4.791814,4.484389,-2.969515,1
0.319929,-6.613521,-3.593114,-4.082963,-4.138167,2.608221,-0.565321,1.542686,-4.560436,-3.184590,4.448486,-3.667912,8.142502,-2.198035,0.914759,1.621399,0
-0.700866,-0.063321,-2.455441,3.126317,5.681619,2.899270,0.174712,4.139945,-0.788204,-1.836027,1.777511,0.619613,-4.422517,1.481488,3.226441,2.514216,1
-6.597266,0.854328,0.350767,0.367075,-2.153076,-3.094166,-4.428806,-2.352584,-6.918609,-0.067293,-0.791220,0.622826,-1.687602,3.858614,1.408236,1.193228,0
-2.774199,5.601384,1.893109,-0.153419,0.019497,1.431497,4.600278,6.145633,3.859586,0.834768,3.607987,-1.753165,-1.967650,-2.497882,0.960483,-3.348289,1
-3.460224,-5.755013,-3.107087,5.378832,0.020121,-1.238850,1.579958,1.036184,-2.723590,-2.641861,-5.878725,2.249191,2.520773,-2.557014,-0.209974,0.299269,0
-1.145891,5.339568,2.920485,7.383471,-2.623126,5.093690,0.317275,3.292817,-2.604352,-1.880335,-1.466930,-0.037250,-0.001592,0.229895,-1.903986,6.155078,1
-0.562876,-0.869230,1.571600,1.073158,-1.077971,-1.439773,-1.038768,3.105503,-0.128668,-2.076612,0.325422,-1.120949,0.793419,1.537706,-3.400135,-2.938594,0
1.528340,0.305542,4.884645,-1.597532,2.166354,1.033489,3.678132,2.513484,5.246835,6.294358,2.016540,-1.684243,0.606279,0.174877,-3.828107,0.938213,1
-0.350994,-4.992558,2.493397,-4.036845,5.089750,-4.345485,-0.366629,-2.991145,-1.867456,-0.214483,0.233526,-5.152432,-5.197195,-2.096951,1.014879,-1.380579,0
3.929740,7.175042,4.960603,1.546161,1.521564,-0.641318,0.043228,1.422843,-2.456054,1.567607,6.745351,6.712636,1.022896,1.565919,1.311942,-2.220356,1
-7.599663,0.136339,-1.474435,4.721092,1.007139,-2.067970,0.900309,-2.171493,0.827761,-5.664451,-2.907161,-0.217005,0.639252,1.072325,0.197239,-0.661201,0
5.528403,0.901975,6.224135,1.859332,5.973859,-3.196162,2.298701,0.328414,-1.293976,-3.757445,2.277093,-0.062108,2.289088,1.664453,2.187327,-4.885918,1
-7.109538,-0.511532,1.098284,-4.624010,-1.635388,-4.892968,1.092413,-4.499525,-6.435429,-4.457275,-2.640402,0.182428,-1.072027,-0.020470,-2.234570,3.128593,0
1.414771,4.113023,4.605689,-0.178483,2.948165,5.707330,8.958188,-2.422639,-1.594931,2.038497,5.499394,0.243622,5.122235,7.166833,1.572349,1.271535,1
0.782766,-0.306494,2.108171,-1.345834,-0.294737,-2.025714,-3.732186,0.469297,4.016632,-3.042374,-5.276475,-4.984349,-0.224094,-0.714214,0.806944,-1.305350,0
-1.253459,3.792457,3.300923,-4.075763,-0.985147,-3.465851,5.107621,-3.709954,-3.953027,-3.656138,1.435338,1.291759,2.221631,-4.417649,3.091094,-0.000741,1
1.887531,-3.437722,-0.090231,2.060926,3.709816,-1.557150,-3.816385,-1.639912,-3.432103,3.178444,-0.055180,3.123207,4.165903,-1.232330,-2.507847,-1.374175,0
4.422105,-0.008969,1.737393,-2.671868,1.057772,-0.606698,-1.109298,1.556783,4.794183,0.988305,2.328544,-5.871542,-1.479582,3.996396,-1.857845,-0.406225,1
0.659384,-1.238295,1.247267,4.715647,3.242947,-0.908195,-2.625202,-3.749214,-3.340417,2.882608,-2.595151,1.283871,0.187517,-0.742545,-3.887682,-2.035043,0
4.392650,0.348004,6.093797,3.371543,3.412366,-2.202657,0.379257,-3.173076,-2.108232,-6.061121,3.557187,-4.338670,-4.501268,3.100648,-6.683265,3.113544,1
-1.133177,1.126949,-3.258414,-6.477050,2.491276,1.591623,3.306396,1.121281,-1.196630,-0.620824,-3.630471,-0.101805,3.605938,1.799000,-0.009691,-1.308578,0
-2.405585,-2.732042,9.126533,2.746915,-2.327534,1.884025,2.161746,0.400361,4.761920,3.997092,6.843789,0.699767,2.218272,6.206277,-3.489449,-5.624060,1
-3.939213,3.962219,-5.248967,-3.109892,-0.771863,-3.191096,-0.284372,-0.207561,-2.282451,0.270443,1.857643,-2.702866,1.272259,5.999311,-2.569747,-3.271571,0
-0.002947,2.646789,1.731496,-1.901080,-4.204548,3.151551,4.462873,1.201174,0.000381,0.387990,-2.235289,-2.332392,3.452846,-1.228627,-4.373557,3.728175,1
-0.743809,-3.939176,1.967592,1.489738,-4.853050,-2.429569,4.244190,-1.088960,-1.127068,1.735580,1.875645,0.790665,-6.264813,-2.504367,1.248745,-3.126839,0
-2.957281,3.028079,1.940116,-1.132002,-6.387378,-1.194724,-1.943616,2.699571,-3.375783,1.081801,6.905044,-2.662971,0.712344,0.023067,6.419227,0.759171,1
-0.550920,-5.698383,-0.868147,3.545603,-1.943886,-1.287718,-0.516552,-3.685031,-6.264391,2.115377,-1.505576,-0.834074,0.718582,-5.010726,-3.188710,-3.486060,0
-2.989120,-2.363676,1.710702,-0.918056,-2.056463,4.559503,7.877881,4.902377,3.700992,3.707833,1.880980,0.655550,2.722037,-3.967062,-6.889523,0.823513,1
-0.226061,-0.027031,-1.100873,-1.937828,8.988031,0.432611,1.579788,5.383249,1.441742,-3.032735,2.484203,3.632498,2.421415,-3.474842,1.994207,0.769352,0
1.123797,3.666039,2.814654,2.287709,-0.590058,1.966836,-5.580465,3.324037,3.088841,-3.210415,0.693164,2.066257,3.889417,-4.661016,1.568374,3.589835,1
0.846052,1.759333,-1.768060,-6.140675,0.013580,-3.933164,7.370502,0.233980,-5.858429,-3.988686,-3.181691,2.028605,-5.103953,4.148844,2.911465,-1.819949,0
2.201287,2.213084,4.291451,0.767841,5.870038,4.206403,2.675132,3.377685,3.272176,0.140475,0.333908,-2.446809,2.629989,2.615285,5.802629,4.352319,1
4.648586,-1.333006,0.031296,-5.845762,-3.991361,2.738359,2.020130,-2.032409,-2.800062,2.783859,-4.406300,-0.962580,-2.956369,0.754446,-2.502610,-1.065085,0
4.016301,-3.463871,1.437556,1.696279,0.047054,1.658090,2.844245,3.448937,0.179083,-2.480283,0.533766,-0.264681,-0.889778,-2.847004,-2.153130,0.833481,1
-0.242020,-0.801623,0.708548,0.118481,-3.095917,-1.055673,-4.922166,-3.605748,1.013243,-0.759470,-8.678270,1.243200,-3.194605,-6.463498,-4.016644,-1.419114,0
-2.131680,-1.465576,5.744584,0.245600,-1.700880,-0.087233,3.948558,2.425195,3.139939,-2.970296,-0.868735,3.344621,2.700700,2.028848,3.870410,4.171361,1
-6.143780,-1.744346,-0.523113,-0.613972,-2.484918,5.504114,1.020741,-1.103529,-2.928547,-3.834380,4.118664,6.650774,-2.549012,-2.808590,-2.774219,-2.118656,0
4.283038,0.496467,2.319274,7.559636,2.213515,-2.546588,1.301048,6.351443,-3.308619,6.376697,3.863032,2.839770,1.182316,4.729943,0.271720,1.935756,1
-4.329551,1.240618,-2.904532,1.971565,-2.916368,-3.865037,-7.005664,-0.648440,-0.034342,3.268475,-3.369783,2.706837,-0.844576,-2.085379,-11.465064,-2.021656,0
-0.050733,-0.152940,0.133151,-6.017294,-2.935444,-0.956870,3.589799,5.338378,0.095866,-0.538060,-1.113145,4.065976,0.861240,-3.439687,0.879744,4.890553,1
-7.034423,-3.992884,-0.728384,-0.736897,-0.996080,1.348579,1.904375,-0.046499,2.741301,-8.004148,-0.776594,1.589188,-4.595794,-5.713150,-6.407447,-3.084436,0
2.967538,-1.458257,-1.839400,-1.271868,-1.361627,3.747611,-0.994993,-1.988267,2.773274,2.192723,5.744761,2.615436,1.370865,1.075500,4.047774,0.134087,1
-1.618988,0.035732,-0.262066,-3.134809,-2.132181,-3.688461,-3.962974,1.708702,-7.189843,-2.002430,3.526497,-2.259593,-1.207898,0.629377,-5.055137,1.471292,0
2.635335,1.536712,-3.423933,0.904118,-0.197784,0.103350,4.169255,5.046231,-3.087922,-2.193515,6.988694,-2.619930,2.165740,5.418452,-2.005322,5.994281,1
1.853716,-1.992051,-2.442193,5.967108,1.682491,-3.117817,-0.678965,0.199656,-0.302017,-3.202945,-0.764537,-2.334649,3.158228,-0.636139,-0.770960,-6.134005,0
2.702397,-0.682726,5.637162,1.240483,-1.611465,-6.822738,3.824838,-1.806758,-3.292442,1.908608,0.933857,4.266976,-1.833000,4.004285,0.975505,3.197982,1
-5.051324,-2.626874,-5.048285,-5.960005,-4.119951,-0.859722,-0.813300,4.661661,-5.660092,-4.633780,0.007940,4.380991,-1.836820,-2.249049,3.972509,-1.156125,0
-1.626663,4.037356,-4.196209,-4.038803,2.759942,-1.821692,-0.255406,-0.000617,6.319644,1.409423,-0.307722,0.757606,1.087254,1.729381,-2.327174,-3.874464,1
-0.218502,-4.442080,1.164911,3.213945,1.076931,-2.761205,-7.166081,-4.973813,-2.524689,0.753433,-7.929877,-3.072043,-1.782920,-2.529457,-2.653625,3.299946,0
-1.388318,-1.673829,-3.149957,3.142110,1.389916,1.312366,0.807070,-0.369274,3.057063,-4.412707,1.011291,6.342172,-2.595168,2.014020,-1.250226,-1.938125,1
-4.044704,1.315584,-3.168721,3.245483,-5.262873,-1.892882,-2.817676,-1.290761,-5.435713,-0.929350,2.867188,1.814878,-0.097044,0.134829,0.445326,-4.351617,0
6.779250,1.800944,2.951772,-2.372787,-2.792008,-0.909432,-0.072906,0.587356,-0.262417,-0.521118,2.652669,1.383530,8.071233,0.451871,-2.264365,-1.104309,1
-4.352733,-1.596181,0.773365,2.134773,-2.340132,0.443554,0.863264,4.551325,-0.472755,-1.820541,1.373650,2.517757,-2.655826,3.041986,1.621370,-3.649968,0
-2.008348,2.179175,-1.978743,0.591519,-2.478480,0.081864,-0.151425,0.873690,-0.201906,0.345636,4.165244,5.241055,4.450860,-3.818461,-3.692834,0.085940,1
1.859739,-1.293672,-2.452277,0.775585,-0.203365,3.496574,0.176493,-7.611323,0.554806,-6.076616,5.876717,-4.660441,-0.126715,-2.066238,-0.563009,0.833652,0
1.138231,-0.632778,8.308837,1.886748,6.650399,3.625550,-0.144188,-0.130465,4.825950,5.813163,-4.658914,6.109731,-0.098438,-4.835751,2.181287,6.963054,1
3.482874,-4.644825,0.741659,-0.515430,0.627417,0.066364,-3.994902,-1.882724,-1.404045,-1.791112,4.998894,-3.874228,0.504402,-0.916410,1.237717,3.482456,0
2.675393,4.732833,4.129830,-0.079753,-0.232596,5.208379,3.178939,8.388782,2.349959,0.653646,0.423364,1.689025,1.059947,7.073367,3.199008,2.628093,1
-1.634362,-5.198898,-3.424700,-1.646112,-1.510912,-3.547993,-0.611537,-3.221945,-7.346994,-0.447289,1.182430,1.532871,-2.716746,2.101915,-2.601901,-2.719149,0
1.356081,6.756408,4.200683,-1.189700,1.527692,2.456828,1.868842,1.831035,3.579337,-1.800196,2.859767,-0.467169,0.908255,4.034148,6.785945,3.039977,1
0.520252,-1.704303,0.253668,-4.177747,0.183603,-1.899450,0.914942,-0.738484,-1.897631,1.429846,-3.121548,-5.470438,0.105757,-3.986683,2.264112,2.735567,0
-0.950969,3.422072,1.893794,2.737279,3.467097,3.865045,1.438382,6.153249,1.885680,-3.740287,4.601745,3.025496,3.913335,2.588668,2.677560,-0.591098,1
1.939222,-3.021702,4.195515,-3.510210,-0.917260,3.084049,-3.357166,4.812622,-5.798173,-0.729527,-1.425130,-4.375684,-1.108297,2.925320,3.764946,-1.801982,0
-3.398612,0.494589,1.223446,6.602056,-0.692036,-3.977564,0.901124,0.348179,2.197068,-1.461774,2.853951,3.828860,-2.107494,0.698091,7.877236,-4.823460,1
-1.359281,-4.446591,3.527315,-4.311391,-6.175655,-2.765425,-1.998713,-4.329555,1.728697,-2.298791,-4.109803,-1.020129,0.413040,1.738853,1.429623,-2.464900,0
4.284286,3.588155,0.466080,0.267874,5.351430,0.807980,1.483478,0.798210,0.901258,3.452571,3.897738,3.912200,-1.452413,5.358506,2.775897,3.586623,1
3.923948,-2.818284,-0.130508,0.844044,1.885801,-3.056437,-3.173745,-3.732820,-4.407393,2.477709,0.394766,-1.262719,-6.422742,-2.217304,-0.578583,1.238461,0
-4.361773,5.876128,1.209962,4.149709,2.050143,0.575211,4.398990,1.171886,2.332288,-1.940276,2.962358,5.358254,2.704270,1.680734,1.136707,4.861405,1
3.475025,-2.685381,-0.002308,2.112776,-1.314652,2.397104,0.981535,-2.968701,0.612938,-3.153234,0.213110,0.654701,0.986078,2.269819,-0.117821,0.223423,0
-2.509050,1.078020,-0.245449,1.688848,5.061826,-1.999053,0.103204,2.325141,4.638822,-0.739297,4.419230,10.271886,0.392763,-4.530907,2.403337,0.884236,1
3.322018,0.688650,0.936005,-4.358322,0.962971,2.724476,0.750839,0.598717,-5.270981,4.487844,-0.447882,-1.138959,0.648537,0.251642,-1.680033,-0.381014,0
-3.573016,3.144652,3.682143,3.033401,4.807500,-0.348319,0.038986,0.588631,5.777125,4.929336,-0.232713,-2.063622,1.586671,-0.574621,-2.421137,2.068002,1
2.279825,3.362455,-0.028988,-1.444639,-1.608513,2.106882,-1.287096,-7.714535,0.514120,3.735802,-0.846614,-3.038453,-2.289132,0.877699,-2.847465,-4.234093,0
2.843204,2.738847,2.376595,0.702321,-0.425909,-0.752288,1.647691,-3.579279,5.279963,-5.663758,-0.812955,-2.119713,-1.884840,4.082532,0.298378,0.838233,1
-2.510644,0.738214,-7.793906,-4.380607,-0.060503,-4.009676,-3.070054,-2.929322,0.995354,-1.402056,0.448360,1.635971,-2.103533,-2.948654,0.027178,2.095442,0
-0.835931,2.109969,-1.603584,0.038306,-4.231583,5.705115,-2.082371,-6.051694,-3.431905,-0.814283,1.724860,-5.466850,2.005912,-1.743788,-5.072606,1.409715,1
-2.685212,-1.630421,-2.573377,3.197443,-0.614100,1.497398,-2.512165,-8.562350,-6.837079,-1.351086,-6.477697,-1.131681,-1.824265,-0.805240,0.925989,0.049013,0
2.217685,2.475228,4.950307,4.009397,-1.403436,4.209321,3.543281,-0.556394,2.678161,2.975850,-0.931137,0.848592,3.874310,0.312963,4.094699,2.762002,1
-5.295005,-3.292953,-1.101153,-0.940410,-1.909251,-0.129459,2.593046,-2.533919,-1.963244,-1.455258,-4.734509,3.026363,3.712542,-2.696864,-4.374488,-4.245143,0
-0.515601,1.620908,-1.149608,2.096749,-1.275812,-2.942325,-2.112644,-0.609169,2.008235,-2.339909,-3.496602,-1.564970,3.734548,5.542991,-2.892426,5.010034,1
-0.331553,0.278410,-8.450154,-3.042163,3.247105,-1.849452,0.154001,-0.044027,-4.930246,-0.369255,-7.427583,1.465919,-4.294534,-1.322492,-2.475264,-2.166501,0
-1.830550,-1.148489,1.120613,-2.276270,1.254069,0.116928,-0.622685,0.306138,0.004046,-0.436329,5.469777,-1.750142,0.027181,-0.405237,-3.619589,3.869693,1
-0.358360,2.205364,-0.883727,2.431620,-2.138000,-0.463516,-2.315627,-0.869013,-3.689059,0.483229,-0.146196,-3.458314,-1.764212,1.693546,-1.343623,1.424879,0
9.296836,-4.130067,1.365751,2.278300,3.097182,2.563241,3.326648,2.120395,-1.001369,1.548337,4.344989,0.989342,0.569928,0.046348,-1.312119,2.441792,1
-5.265258,-0.081631,-5.347028,-2.558925,-0.131989,-4.216636,-2.098660,-1.587827,-1.920297,-4.843353,1.417105,-8.149086,-0.282780,-1.875606,-1.189010,-7.684386,0
5.731257,1.349959,5.073560,-2.557734,0.527271,5.400109,5.192203,1.234657,0.784791,1.368028,2.841559,-0.767372,4.889483,0.813663,4.484313,-2.017747,1
1.381950,-3.112691,-0.022461,0.934237,-9.480144,-5.576324,1.718105,-0.177088,-1.026088,2.381453,-1.280046,0.129683,2.452335,-4.373755,1.634747,1.066069,0
-2.438447,-1.456665,-8.826195,0.646716,-1.271441,3.115808,2.512912,-7.479710,-0.062363,2.680217,6.097484,1.440724,-1.081709,2.147346,5.074588,-2.602724,1
-1.179276,1.159496,-1.176834,-5.338551,1.516312,-4.710072,0.881384,-4.968638,0.711048,1.246792,-3.246264,1.277519,-2.191586,0.187643,-4.680111,-6.246606,0
2.153943,-1.358461,1.127225,5.051539,-2.409579,-0.676363,-3.119403,-4.841346,-2.544532,-2.546966,-0.972496,1.987897,4.314200,-1.465443,1.943849,2.229915,1
-1.024172,-3.592366,-5.029712,-7.442636,-7.613046,4.888054,-6.740451,-4.271465,-1.872200,-6.469730,-2.811156,-2.074091,3.045662,-0.161861,1.656998,-3.739232,0
1.874896,2.006185,2.105899,2.497327,2.530990,2.051284,2.309785,2.220954,0.467323,0.659970,-1.917957,-0.968769,6.635737,-0.762553,-3.750795,-1.192604,1
-6.639278,-0.452209,-4.764356,1.719202,-2.949350,-4.454553,0.087519,-0.467854,-0.629150,-2.642240,0.446678,2.901867,-0.355974,-2.893821,-3.389153,-4.029969,0
-2.552935,-0.779452,2.675504,0.767449,2.105308,6.393863,2.147906,3.776027,3.659205,2.981517,-0.345164,0.606381,-1.935594,-0.755678,6.279248,-0.711246,1
-1.956084,-3.078382,-5.925352,2.274921,-0.920096,-3.087229,-0.479977,1.913395,-3.826837,-2.211451,-0.646666,-3.252964,4.759430,-3.037292,-5.162663,-5.045235,0
1.518489,0.578233,-6.324293,-3.660960,0.927467,-1.063843,4.513406,-2.154040,3.294211,2.212176,-1.576180,-1.943804,2.488507,5.604716,-4.801299,2.335061,1
1.716501,-5.653152,0.428873,-6.906869,-0.086853,-3.545594,-2.260709,-0.234390,1.247450,-4.429385,6.863417,1.005377,-0.329884,-2.720468,-2.528689,1.920431,0
9.687028,4.002526,3.903653,0.239307,-6.130224,4.233939,-1.487943,-3.131775,-0.255948,4.086127,2.999703,0.057343,-2.606683,2.838094,0.328505,4.869205,1
-3.436758,4.158562,0.454906,1.457855,-0.000362,-1.986925,1.367550,0.389154,-1.300564,-0.712251,-2.163828,0.257662,-1.240909,-7.237146,-0.206360,-2.354600,0
-10.408276,-0.009007,-3.899171,-0.966316,4.800969,3.043075,-0.805648,0.325502,2.279502,-0.162597,3.901299,1.690570,1.498357,-10.472416,-1.844419,2.484906,1
-1.950668,-0.413055,-3.613063,-0.518732,-3.518466,-0.676697,-3.869274,2.004328,-6.253142,-1.295356,-0.354416,-1.280841,-1.552317,-1.145795,7.543274,-0.457043,0
2.563411,7.682220,3.422114,0.128054,0.827019,1.968480,5.359097,-0.406892,-0.176870,-3.224890,-1.265304,1.575633,3.485032,0.552806,-2.037523,4.553365,1
-2.815245,-2.665946,3.325455,-3.288894,0.940788,-0.040134,-1.069941,3.773287,-4.200422,-0.827765,1.838648,-3.698394,4.248360,-8.496345,-0.214787,-5.639816,0
3.285514,-1.508124,1.038771,5.125224,-0.256211,-1.663439,-0.026852,3.155271,5.034791,3.348580,3.060681,4.844678,2.833962,1.745267,-0.906824,-4.670653,1
-0.904866,-2.700472,6.417974,3.633444,-1.838958,6.005751,5.494865,6.409559,-3.625485,-0.279291,0.384911,-1.595071,-4.884043,-0.127949,-1.341452,2.024458,0
-2.681361,1.146140,-0.280315,-1.763638,-1.755862,-5.469711,-7.126198,-1.637121,-0.440443,4.497575,5.549008,3.858186,1.616885,0.091559,-1.691395,-1.821388,1
-3.180645,-3.090173,-3.133224,-0.359917,-1.294930,0.201263,3.870180,0.638821,-1.126961,2.875605,-0.029272,5.642712,0.760389,-0.310570,-2.849473,-0.053654,0
5.969804,1.368202,0.032963,-1.425096,3.814235,2.167701,2.504321,1.344077,-1.548553,4.652003,-0.781956,-1.322156,1.001977,4.592303,9.347524,1.261094,1
-4.246688,0.427849,-9.082123,-0.904325,-2.174528,-2.027719,-4.360983,-1.341102,1.642773,2.838566,2.779072,3.556566,-0.351908,-2.205878,-0.049292,1.763754,0
-0.033998,-2.708402,5.339606,2.598907,4.273124,0.741825,0.555579,2.839238,3.720416,-0.275089,-1.694206,2.641170,2.442933,3.969344,1.718318,2.950147,1
-1.763533,4.422272,-3.599773,0.676220,3.427767,0.726469,-3.276668,6.256008,1.711636,0.323261,4.442289,-4.706903,-3.976231,-3.174912,0.049921,-2.830946,0
-0.367797,-2.846099,-2.361841,0.085058,0.750778,0.410715,1.874963,-1.259748,1.353945,4.800603,-2.367049,3.254516,1.605094,6.185025,2.067460,-1.124701,1
-2.109351,-3.383867,-3.751273,1.868334,-9.459379,1.510206,0.318613,-1.253354,0.734182,1.238739,-2.448129,-1.199996,-4.986140,2.925508,3.904593,-1.341258,0
0.036983,1.745786,4.382806,-2.113997,1.798162,3.738900,1.610875,0.254224,5.111136,0.905885,4.798192,3.600150,-0.845847,1.327194,3.088344,-3.128650,1
-0.363497,-1.090838,-1.032572,-0.257715,-1.113180,-6.070733,2.770746,-0.315256,-1.013853,-2.705214,0.025719,-5.597974,2.414549,3.484032,2.891619,-3.854497,0
0.178004,0.394063,4.522521,0.543964,0.283601,2.016400,2.429133,1.366699,3.202447,0.917867,6.230565,0.392339,10.163196,-0.573893,-1.232958,2.453334,1
0.763485,4.302711,2.540146,1.524553,-3.654367,3.491165,-0.050076,0.503769,-1.049431,1.304369,-6.937799,2.644537,-5.612686,-3.395695,-1.470179,-2.378523,0
1.836978,3.200809,-2.770246,-0.758473,1.837417,4.033940,0.874275,6.413114,1.138826,-2.479882,3.530650,-2.441994,3.296016,3.634217,-2.457828,-2.193901,1
-1.710369,0.052137,2.818342,-3.008533,-1.385956,2.201323,-1.043409,-0.120634,2.320631,2.185997,-1.307653,1.541481,-4.266536,0.852333,3.286594,-2.845329,0
-0.165139,-2.351223,4.485703,2.431628,-2.128046,-2.673078,-0.346433,0.755439,4.312135,3.043338,2.544982,-0.091297,-0.466537,2.386254,3.424548,-1.181985,1
6.825819,0.050432,1.069092,-3.930815,-0.402874,-4.423501,-3.358291,2.302700,2.923178,-3.628349,-3.525434,2.716455,0.786413,-4.162313,-6.471134,-0.635258,0
2.958465,5.891685,-0.617653,-0.227049,-1.898036,-0.702539,-0.781902,-0.216662,1.260764,-1.928191,-2.629540,0.723990,1.135267,-2.076632,1.757960,-4.091319,1
6.058622,-7.719456,-2.647705,3.109070,4.351736,-4.334434,-5.590534,-1.798779,-2.258243,-5.731352,1.552952,-1.008342,-6.462712,2.933424,0.474255,0.153337,0
0.610733,-1.363774,0.457522,-6.393731,0.961014,3.737041,1.881677,2.140706,1.481626,-1.353313,-0.253531,-2.420973,4.216151,0.871786,-4.808704,-1.489438,1
-4.709599,-1.856297,1.503630,-5.153651,-0.363056,-1.839133,-7.052594,3.665956,4.948788,-3.835573,-0.772800,-3.538394,-2.207917,3.725094,-2.238924,-0.115217,0
4.008925,1.530423,-5.838506,1.987691,3.205426,4.926320,2.534635,5.641597,1.018183,0.599752,-1.038955,1.407340,-6.443378,0.168236,1.286508,5.584973,1
0.876808,3.934458,0.738876,-0.559137,-0.897547,-1.337186,-4.370747,4.088085,-0.774512,0.435144,-5.121367,-3.247545,-1.253371,-3.657306,-3.964000,-1.311402,0
2.218587,2.421962,0.612597,-1.717938,0.698279,-2.354856,6.911420,-0.740306,2.806071,-0.399035,-0.407866,-0.140275,0.894429,-0.350327,-2.029034,-1.853664,1
3.989683,-2.805909,2.732607,-2.365246,0.778984,-2.119967,-4.029712,-1.088186,-1.058056,-5.091954,-2.444507,0.402256,0.643766,2.338112,-5.944918,-2.666703,0
-1.440088,-4.565031,-3.020618,2.544221,3.621545,4.324265,-0.082573,1.090231,2.716241,-0.007257,2.928884,-3.201688,1.414191,0.983138,2.238811,-1.503096,1
-0.282064,1.776005,-3.825870,-1.983534,1.315401,-4.761071,0.985500,3.779739,3.254436,1.814653,-2.849319,-4.425537,0.826448,0.808565,-0.211857,-2.760322,0
1.323645,-0.972446,4.015403,1.553458,-1.050535,3.327964,2.439006,-0.563713,2.421355,1.804872,-3.099965,4.529660,-1.614150,5.041789,0.259230,-2.688170,1
-3.516694,3.304632,-2.273485,1.496981,-4.484482,-4.990497,-3.209403,-2.576156,-0.488173,1.261591,0.948917,-3.679916,1.354532,-6.036387,1.529167,-2.001311,0
-0.472673,3.966258,0.935760,-2.613120,4.392701,1.560384,1.759645,3.945065,-6.548195,-1.944301,-2.779243,-0.277056,2.159328,-2.502756,3.047877,-2.017965,1
0.990957,-2.769279,-3.957053,-0.240614,2.848444,-2.509361,-2.356794,-7.844804,-0.001657,-2.894560,-4.477050,-3.738157,0.284779,-5.067916,-2.563816,0.629154,0
-3.390141,0.542751,-1.949655,4.072078,1.954658,-0.532822,1.181313,0.750625,-3.739141,-1.683709,-3.038707,-0.092396,3.823400,0.031445,0.568523,-0.798111,1
-7.322628,-0.133909,-5.516732,5.949820,5.788271,-5.316966,1.300310,0.633844,-0.627486,-2.525416,-4.012018,-2.508915,-9.423936,6.975101,5.194477,-1.689364,0
1.309382,3.479291,0.442586,4.202004,-3.086035,-0.534458,0.727950,3.077632,2.210660,-7.677770,5.256299,-1.890852,0.063391,1.688582,7.404449,-1.898243,1
3.110691,1.118139,-3.309299,0.181046,-2.116739,5.684143,-6.469431,2.361219,0.340082,-2.560792,-4.661023,-3.421280,-1.619191,-2.947042,0.408808,-0.349682,0
2.865291,-1.946721,2.208083,-1.576359,1.486709,2.082257,1.596402,0.168655,1.105854,6.512006,-1.751472,-0.158495,0.289557,3.243640,0.244877,3.060016,1
-0.765519,-5.208637,-4.655501,-0.933035,-4.250154,2.346540,-0.116699,3.688351,2.072582,-9.436941,0.752361,-1.950663,-4.186394,3.912937,-4.862950,-3.143690,0
0.928966,5.494199,3.193692,2.204305,-1.061483,-3.928728,-4.380149,-0.402169,-0.907656,2.797454,3.049357,1.180058,-0.949512,1.188323,3.468225,-1.625855,1
1.640995,-2.988939,-2.949636,-2.567781,-0.157757,-5.553378,3.350079,3.611839,-5.279920,-1.117936,-0.048649,-0.669446,-1.235563,2.258877,-1.466427,-6.233663,0
-0.852481,2.957397,-7.382297,2.626555,3.721511,0.935069,0.106623,-2.248299,6.831742,2.115546,-0.046844,-0.141128,1.058994,3.077794,-1.198454,-2.612594,1
-2.239122,-0.411825,4.586645,-4.480596,-4.138966,-5.906101,-1.102047,-4.281731,-0.713096,-0.035257,1.947041,-6.143989,0.030735,-5.842322,3.538826,-0.809101,0
-0.858828,-2.957438,-4.007461,3.676726,6.674287,0.226418,0.541856,-1.292180,2.937926,-1.115050,-0.935893,-2.018116,-1.005524,-2.526592,5.010280,-1.087883,1
-2.202482,-6.661401,-5.402187,-7.021713,2.029894,0.556297,-1.165676,-2.309706,0.157003,-4.225945,4.629042,-0.197571,-2.737370,2.418528,0.319334,2.930836,0
2.909801,3.467298,2.405944,6.193538,0.624772,3.411969,0.969236,-2.482761,4.722522,-1.037981,-2.456689,0.311283,3.221934,-1.956513,2.807836,1.539678,1
0.389406,4.531359,-3.549983,-4.657518,-5.379343,-2.602656,-2.903095,-1.776393,-2.439066,-8.449121,0.289421,-4.536059,-9.173344,-3.607554,-5.195675,-3.635928,0
6.268725,5.342454,-0.467344,-0.116913,-0.757017,-0.214906,-2.348683,2.507848,1.665998,1.967320,0.311621,0.315693,-1.273193,3.173598,0.223922,1.917298,1
1.678600,4.216778,0.398951,3.890459,-2.345756,-3.331406,5.131958,1.916084,-2.295129,-0.792107,-1.745826,3.970837,-1.705707,4.895147,-0.186014,-1.614032,0
0.849083,4.237601,-8.543803,3.038476,0.208285,3.576917,3.700694,1.637025,1.483035,-0.717216,-2.949054,1.576585,3.906903,3.465285,4.626769,5.825973,1
-3.704800,-1.992496,-0.927709,-4.011642,-3.653266,1.440342,-0.743923,0.757399,-1.335150,-7.749990,-2.687621,-2.124373,-1.355519,-0.053711,-0.852265,-2.092331,0
3.447528,7.572097,3.687402,-0.700395,-3.180707,2.862098,-2.459431,0.486512,5.900805,1.189335,2.470191,3.171788,-2.411298,4.407889,-2.536222,0.137239,1
-0.420483,-5.954235,-0.492128,-0.536180,-3.692435,3.541727,0.512251,-2.380413,-4.701397,-1.721073,3.685270,-4.530581,1.610449,3.782200,-3.466027,-0.992518,0
5.973228,2.878888,0.850539,-3.317309,4.375062,-2.630279,2.340625,5.299003,-0.079376,-0.968309,-1.195528,3.598645,2.410016,4.643252,-0.751475,4.504737,1
-4.460990,-1.742953,0.206585,2.089352,-5.466021,-3.736331,-2.212727,-2.929050,1.205696,4.386633,0.520374,0.153065,-5.555903,-1.633653,-4.991635,-0.498430,0
3.275275,1.868005,5.527890,-1.427419,-0.153901,2.401341,3.503154,-4.462947,1.939317,2.946645,0.908645,3.109773,6.399661,-1.645022,-4.266779,3.831914,1
-3.319530,-2.879940,7.104132,2.821795,-3.102478,1.083521,-0.407091,-4.670624,-0.220610,1.225723,-0.448902,-0.036970,-0.200174,3.843357,-2.766614,-0.404015,0
-2.163707,4.553136,4.522443,6.372798,4.600799,2.496764,-0.593291,-3.726126,-1.184401,-2.701212,2.938359,4.151990,1.833901,3.128766,3.522601,5.825480,1
1.551008,-5.860768,-1.096691,0.202534,-1.032033,-3.768854,7.489059,6.701267,1.903168,0.195572,2.364101,2.611898,-1.231299,2.134602,0.335882,-4.928850,0
2.862107,4.543189,1.484345,0.623453,2.494706,2.397290,1.267374,3.284345,6.846982,1.208522,-0.539453,0.623123,2.087346,5.713983,1.970136,3.979972,1
2.307356,-0.707785,-3.902335,-2.824437,-0.723878,-1.172076,-6.844036,-6.814692,-8.425736,-3.317157,0.644995,2.398899,2.940315,-3.636489,5.816166,1.892138,0
0.170534,-0.203289,1.641320,0.068013,1.698993,-1.290727,-6.514458,-2.321522,0.820591,-4.272604,4.744262,-2.061965,2.266498,-1.649622,1.822907,-1.535482,1
-3.152628,-1.764140,-4.240575,-3.678693,-6.181232,-0.936687,-4.721666,-3.526984,1.716431,-1.622011,-8.788589,-0.314636,-0.711802,1.172421,0.137098,1.150164,0
0.339580,-0.139344,-3.647474,0.648954,-0.316715,6.349891,-3.161971,1.210527,0.451276,-0.221686,3.982829,-0.693453,-3.246918,1.021073,2.287995,-1.741259,1
