-0.398224,-0.586836,2.192104,-3.581276,1.864977,-1.894631,-3.701652,-0.362167,-3.986629,-1.998981,-6.836427,-0.034826,1.645445,-0.341600,0.172968,7.570837,0
3.344584,-2.093365,0.034420,-3.459364,0.414907,3.205400,2.584128,1.153252,3.660407,-4.985994,0.304807,1.459229,4.613456,-1.368308,-2.267416,3.416627,1
1.502514,2.175653,1.468092,1.617928,2.570889,-4.342768,-1.198946,-3.886965,-4.991930,1.882341,1.212252,2.586584,7.333529,1.039875,-3.306894,0.395247,0
2.442952,1.980456,1.775739,4.465835,1.475667,-2.535907,0.688508,-3.808428,4.048621,1.477866,1.121298,-1.948284,2.388507,1.032477,1.680699,4.326812,1
4.039461,-3.008068,4.752060,0.342293,-0.982101,1.137907,-5.084861,-10.714621,-1.728797,-5.898170,2.269556,1.262367,-4.695974,1.049231,1.154087,1.857061,0
-0.411230,2.213153,-3.299240,4.221255,-0.323257,3.583798,5.180196,-0.635300,5.505113,2.382804,1.719499,-1.756913,0.288460,-0.338970,1.936988,3.671035,1
-0.804448,-4.233398,1.717600,-2.993929,-0.608839,1.984688,-0.696707,4.042488,-1.574441,-1.948216,0.358023,0.279274,0.533270,-2.692762,4.130293,4.127691,0
-1.140868,-0.150152,-0.836751,-0.303341,1.287739,-1.856133,-1.405670,-1.768518,-1.549437,-2.587241,-3.025536,3.513539,2.677951,5.348598,4.013566,3.614167,1
3.479788,-4.601285,2.268528,2.872540,2.701591,0.758770,-2.124635,-3.723810,-3.931950,-2.648407,-5.401112,-1.654824,-0.393517,2.805416,-1.410958,-0.856476,0
-0.902844,-0.821372,-1.828766,2.007878,1.860354,-0.213623,6.098548,2.354434,-2.032657,0.398501,0.458518,1.728726,0.144613,0.440982,6.090943,1.297483,1
-5.282383,5.003948,0.637501,1.543999,-2.760430,1.630404,-2.543875,3.421301,2.281990,-1.933325,-3.723763,0.001724,1.215761,-6.607860,-2.138618,-4.359845,0
-6.339320,-2.437200,-0.854035,-0.847803,2.996663,4.460031,0.260324,-5.379318,1.581716,0.503196,-1.338993,0.300137,4.202823,-0.307447,1.638206,-2.414043,1
0.657038,-3.573523,-1.014618,6.107456,-2.260279,1.072296,2.629719,2.856155,-2.310673,2.522341,1.594604,0.147467,3.057688,-0.459782,-1.763522,-3.484374,0
-0.856836,-2.605975,8.211736,-1.029327,6.175483,0.989711,-0.864129,2.767806,3.407767,-1.480253,-3.603701,6.703830,0.879400,-1.005144,-2.179270,-0.048986,1
-2.490705,1.256680,-0.188681,0.619345,-2.052601,-1.863497,4.822733,-2.043026,-5.271342,1.097176,-0.149672,-2.333241,4.984003,-0.016684,1.792507,6.171728,0
1.511476,4.239596,2.389985,-0.102932,-1.548952,1.015175,-2.062781,-1.089375,-0.110367,0.975272,-2.118977,-2.447610,4.056289,0.471239,2.539964,3.547397,1
2.931826,0.121586,1.359509,-5.115408,-6.830562,4.650013,0.214508,-1.492600,-2.534346,-1.053262,-2.428344,-0.610189,2.019955,0.515776,4.691141,0.474703,0
3.400851,4.052766,2.081410,-0.028524,1.708404,-2.319345,-2.770679,4.558391,-1.101249,1.371522,4.139955,3.803504,-1.033688,1.680587,-8.159995,3.729615,1
-3.562078,-0.346231,-2.632184,-4.672243,-1.091322,-1.440663,0.058409,-0.417120,-6.118250,-4.541174,-0.624450,-4.854081,3.177301,0.066376,-1.765636,0.022623,0
4.978032,-3.586490,0.105434,0.767330,2.218621,4.256776,2.764060,1.030036,1.019126,3.376676,-0.915505,-8.837955,2.523198,2.181117,-4.029902,-2.191382,1
4.300301,-1.469110,-5.663685,1.768358,2.279726,-3.907917,-2.558427,-0.541317,-1.708242,-3.754340,5.190365,-0.752201,3.903082,1.754478,-1.866055,5.340271,0
0.647442,3.721856,0.412523,-2.833464,-0.441050,-0.827373,1.504924,2.209668,3.141488,4.814265,0.863791,5.438293,0.251903,0.345061,-1.148229,-1.172089,1
3.064308,3.046873,-2.514292,-0.167080,0.000790,-5.497968,-0.546808,-3.593821,0.215986,2.228943,1.532463,0.460075,-2.809099,-1.489085,-1.820016,0.764622,0
2.368880,-0.443113,8.963414,2.026469,-0.622584,4.653159,5.964452,4.224139,-1.139738,-0.759341,-4.634699,0.324081,7.753022,-2.079019,3.273805,3.980878,1
-2.706475,-1.405113,-0.302593,-6.256624,-3.854028,0.964342,-2.923281,-0.917161,0.717352,-0.864371,-2.544494,-6.680387,-3.550375,0.269218,-3.457270,-2.461901,0
-0.241440,-2.224941,3.041276,2.233739,2.989476,-0.280357,-0.829738,7.669560,5.354983,4.363151,1.177321,0.698956,1.737647,0.329092,0.432621,-0.571935,1
2.227116,-0.582571,-2.888385,-4.046148,2.932777,-1.121855,-7.201233,-4.800801,-4.359023,-2.837055,-4.107103,-0.595392,0.748255,-2.071926,6.387890,-0.868002,0
-0.328428,-2.645441,3.780068,-1.642362,2.525321,4.865493,4.586833,0.108603,3.843474,8.320945,-1.005088,-3.193508,-4.218707,-7.648249,2.215291,0.044260,1
3.372787,-3.989848,-4.031549,-4.890351,-1.244176,4.720535,-0.148205,-1.662940,1.060659,0.638561,-5.551534,2.685343,-0.112740,3.757378,2.061785,-6.097579,0
2.869128,-1.416632,0.234179,6.701835,5.204850,1.260717,-0.380038,4.661222,4.084067,-0.455613,2.963901,3.372554,2.637731,2.423535,-4.495777,0.993204,1
-7.154273,2.385811,1.344994,2.862978,-2.131137,-4.532190,-5.546277,2.046007,3.105707,0.110451,1.522840,-0.717890,-0.775986,-2.071990,-3.408206,-0.556358,0
-1.963431,-4.735559,5.483472,0.347895,1.039978,3.298295,-5.319412,0.417789,2.453942,3.336318,6.919578,-1.929846,3.810174,1.200612,-3.552555,4.596391,1
-2.758899,0.044699,-2.684418,-4.932287,0.938751,0.797958,-2.886326,0.077375,-0.575586,-1.772825,0.814333,-2.694686,-2.189290,-0.853686,-3.519109,3.484350,0
1.850564,8.422071,-3.295123,5.634599,1.816688,-1.790010,5.368688,4.403720,3.657327,4.079768,-2.456127,1.608840,0.080860,-6.392699,0.598092,0.696901,1
-2.158442,-1.808294,2.408245,-2.436369,3.530436,-3.132426,-3.519532,-1.788224,-0.712134,3.835522,-7.412995,0.277166,0.678507,-4.774181,-3.779287,0.455418,0
4.405894,2.375529,-6.879193,4.518939,-0.319328,3.565669,2.327125,7.082091,0.324102,3.815593,1.319477,-5.244926,-2.129681,0.739782,-6.586258,3.746522,1
-0.157883,-1.532887,3.254967,1.362461,2.326677,1.813229,3.748974,-0.189787,-0.649595,0.547573,-8.428988,6.249880,2.867197,1.775753,0.220039,-4.932461,0
0.568120,4.620158,0.531894,2.504218,-0.780605,-0.590816,6.005933,0.108493,2.839862,1.395006,5.742074,1.198493,-0.263499,3.693112,2.032172,-3.566128,1
-6.802960,-2.303815,6.169115,1.011452,-4.193402,0.541477,3.475794,-1.417691,-2.298746,-2.147742,0.488234,4.644745,-0.505598,1.701431,-2.074177,-4.815626,0
4.894925,5.346221,-3.154044,1.225182,-1.772271,4.656405,-2.150387,2.776584,0.290142,-0.571201,1.062243,0.432507,4.842277,-1.135921,4.554357,3.339684,1
-5.480604,-2.784204,-4.882292,-0.839614,0.505571,-3.458125,-5.690606,-3.032141,-9.105527,-1.306660,2.077461,4.948898,-1.113826,1.221563,-3.107643,-1.403533,0
-3.426949,2.351550,-0.431463,4.168845,-0.931003,1.284698,-1.170766,1.738406,10.002084,-4.791202,-1.974348,0.251662,3.456183,-0.300453,1.847135,1.023746,1
0.292131,-0.497547,0.364481,2.125828,-0.356482,-5.051270,-0.946063,-3.972565,1.602533,-1.643435,-4.785749,3.713284,-4.421801,-0.480145,-1.831447,-2.269367,0
4.397580,0.093546,-5.449426,-0.267604,0.036154,-3.396543,-4.574200,-1.737786,-0.542586,3.348125,2.896392,-4.117568,2.645965,-1.332593,2.174191,3.290992,1
1.457041,-1.518734,-6.831689,5.847525,-1.227675,-3.782025,0.418627,1.396179,2.731104,0.126757,0.626909,-2.088415,-4.694691,9.910378,-1.716411,-3.350589,0
-1.417156,3.538394,-4.956319,4.716989,3.995122,-0.580973,0.674846,4.552289,0.758822,0.918667,-0.103817,-4.564862,2.582324,-0.246197,-2.582461,7.861051,1
1.523878,1.332586,0.165834,0.488304,5.024462,1.580006,-0.287138,2.058592,2.028250,-3.730107,5.303371,-1.415640,3.103821,-2.916546,-0.492964,3.068151,0
2.210324,-1.686446,2.895612,-1.468500,-0.642712,1.180105,-2.529418,3.150281,2.769523,0.078914,-6.208537,1.011286,2.204509,-3.101133,1.630567,4.212424,1
0.714016,-2.443054,-6.722488,-6.280525,-2.783907,0.651356,6.862024,-3.064910,-5.327152,-0.412331,2.571070,0.598972,-1.297421,-1.635668,-6.478886,2.511553,0
5.043143,1.891545,3.026948,0.729325,-0.365186,-4.421353,0.846655,-5.837357,1.704926,1.426408,-0.195826,0.583456,2.366780,-3.048298,7.167439,-1.643990,1
-2.400555,1.146801,3.207651,2.760088,1.819321,2.129997,-3.252483,-4.249731,2.988165,-6.016788,-2.087247,-5.001688,-0.251886,-3.133066,-0.714758,-2.390555,0
1.587031,-0.069044,-5.298497,-1.475607,0.982787,4.752887,-3.445413,3.421224,4.913478,7.993070,1.723046,0.221781,-2.990942,7.442161,1.549947,2.569303,1
-2.774566,-4.690617,-0.933801,-2.694069,2.109003,-2.454966,2.066311,-2.888253,0.088173,-5.146741,-2.009264,-6.104587,-1.791804,0.209068,4.625807,-4.171144,0
0.814963,-2.187757,4.731481,3.118211,1.412070,-0.181807,-1.701993,-2.100524,-3.589213,5.861989,0.123412,6.107816,4.961085,-7.358895,-3.819020,5.492810,1
-0.346981,-1.845918,-2.891565,0.345245,-0.569897,-2.512547,-2.798351,-3.357475,-5.311854,-2.330855,-3.118608,-4.686621,2.314587,-0.022255,-4.727256,-1.183184,0
2.594790,1.142097,4.799863,3.560630,4.091702,-1.684004,5.555943,2.704709,4.690902,5.083335,-0.079696,0.670069,2.117354,1.387863,1.501140,3.901366,1
-5.564461,0.845716,-1.583827,3.190994,-3.184369,2.753571,1.014122,2.125881,-1.401197,-4.549762,-5.789577,-0.421055,3.947409,0.508516,0.607517,-4.483550,0
-1.382366,6.996200,0.269234,2.399760,-1.798010,-2.961507,5.598836,1.274305,0.634825,1.811639,-2.774332,0.837481,-0.676363,1.726153,2.061564,4.498942,1
-0.039019,-2.141872,-4.128285,2.006809,-1.206401,-0.357639,3.029732,2.659798,0.792242,-4.859942,-2.420571,-4.601545,0.369421,-0.760750,-6.363308,4.330009,0
2.455373,2.582622,4.492696,1.702016,1.038965,-1.413563,4.271800,-2.588431,6.357064,-3.544482,-0.623520,5.724721,1.874934,2.610341,0.147699,8.454631,1
-0.650842,4.905331,1.173113,2.523531,1.839462,1.428522,-5.396268,-0.687102,-2.709751,1.122440,0.728275,-2.121409,-8.041651,0.255724,-2.531470,2.966148,0
-2.525803,7.175807,0.805022,-4.336642,0.782733,-3.131942,0.569751,4.992295,-0.305398,2.979486,3.147368,1.057309,-6.883529,-0.156844,2.758246,-3.692179,1
-1.292445,3.413336,0.935112,-0.177177,-3.944194,1.513889,-2.838349,-1.258585,-4.490381,0.351648,2.182123,2.671190,2.255697,1.113369,0.238890,-4.071084,0
3.083980,1.916757,-0.357418,2.417163,4.321259,-2.504163,3.995027,-1.866022,2.267358,1.407372,-1.881210,6.336436,-1.220448,-4.315870,-1.865662,-0.991298,1
-0.807430,2.863337,2.003109,-4.301804,-8.079576,-3.266942,5.685110,-0.464209,2.387091,-3.244445,0.057587,1.115671,-0.395481,4.155554,-0.907722,1.946133,0
-4.950170,-2.580464,2.074357,5.567695,-3.763379,-6.704751,1.869969,3.478236,8.766850,3.605769,-2.508986,2.728549,0.642057,4.651490,4.122975,6.529401,1
-4.054307,-4.468310,-0.589939,-2.552087,5.186117,-2.435456,2.914949,3.552193,-2.175522,-0.918294,-5.763837,-2.806509,-6.164945,-0.938845,2.754477,-1.917627,0
4.725564,2.938693,0.074287,-0.483582,-1.020547,-1.264498,2.289330,-5.421174,-3.341224,-0.035842,1.991715,-3.236138,2.652589,3.395511,-5.234934,2.160419,1
-0.704199,-5.423185,3.384630,-1.658772,-3.948054,-0.893053,-2.023520,-3.465458,-7.500124,-1.438128,2.181475,-0.676654,-6.587304,-1.523314,-3.347157,1.129427,0
5.583011,0.786901,8.926116,5.925752,1.686580,-7.948382,-1.985944,-1.037840,-5.025402,0.314118,3.333835,1.779260,1.449609,5.470563,-1.185433,0.705626,1
4.002195,-5.631580,1.097805,-1.682934,-1.957872,-1.329508,-7.956455,-0.884745,2.482973,0.221962,2.072971,3.019608,0.281099,1.460897,-0.559452,-2.784863,0
2.850009,-1.101044,0.103512,1.312527,-6.023840,-3.065705,-4.690583,-1.714409,-0.159401,-3.882657,2.298808,-2.008067,0.540817,6.076581,-1.069324,2.909219,1
-3.126480,-0.689456,-0.674228,-2.977614,5.592892,0.700401,-2.331320,2.713575,-3.943985,-6.834651,-2.066160,-2.134657,-7.870948,-1.893390,0.892910,-6.370717,0
2.812903,0.937335,-0.305358,2.581851,5.274179,-2.297346,1.301723,-0.193727,1.932483,2.835258,0.852682,8.687837,0.440503,-1.554305,3.762609,0.713219,1
1.774889,3.373539,-4.503228,4.501949,-0.305641,-5.025846,-1.087340,-0.771422,-2.499166,-6.031950,-9.830614,-1.860538,-0.187691,-1.347870,-2.127678,-1.156397,0
3.057817,2.620238,2.853980,-2.519270,-2.867218,1.824962,2.160542,0.632017,1.068303,0.385583,-3.514331,1.233274,-2.555288,5.895486,-0.297967,0.896820,1
2.781630,5.198050,0.087318,-4.302796,-2.763128,-0.252527,-0.176479,-5.095382,0.134272,3.121338,-3.271498,-4.521621,0.597128,-2.542910,-0.301327,2.749062,0
4.696948,-1.067833,4.253652,-2.237620,6.145150,3.860202,1.745166,1.337761,-0.910523,3.593223,2.572143,1.820466,-4.860948,-0.403627,2.627677,3.880517,1
-3.325462,2.703695,0.155767,-4.507576,0.418715,-0.487881,-0.320717,-0.923396,2.732868,-0.584702,-1.712046,4.297277,-0.343739,-3.937869,-1.607294,-0.022829,0
-2.718612,-0.025190,7.144214,3.187016,7.510648,-2.687307,7.081552,6.088834,2.842856,2.833480,2.216264,3.549321,0.772183,-0.119713,3.947988,-1.266807,1
5.320305,-4.181643,-4.308394,2.187460,-5.306281,-0.775686,-0.541704,-3.791146,-9.745171,-1.845668,4.577919,-2.007152,2.913074,-5.338332,-0.874187,-1.627610,0
-2.649633,4.257970,2.753142,6.944419,-7.544502,-1.615623,2.864655,2.517972,0.892083,-1.849166,-2.630412,7.178210,2.080810,2.814227,5.474807,0.463431,1
-2.511503,-5.113393,-3.294401,1.324934,-6.376846,-5.203692,-0.883653,3.092602,-5.341487,-0.488493,-5.578357,-0.932777,-5.703731,-0.265913,2.788540,-4.803962,0
3.752290,2.617724,7.584287,3.849114,6.284686,1.270279,-5.822789,-0.914235,4.369622,-3.914426,3.580897,-1.663873,-0.001706,0.127387,1.595551,4.829972,1
2.351164,-0.210979,-3.085592,1.880337,1.311060,-0.724538,0.516142,3.826002,-1.297013,-0.340527,-1.893245,-1.313433,-0.986394,-5.404210,1.255634,-3.473577,0
6.817822,-2.850801,-1.510619,2.333259,4.694806,0.787262,5.240516,-2.518308,0.080122,-1.044473,3.212392,3.887904,0.027892,4.982598,3.347871,1.767920,1
-2.682000,-6.182735,2.924400,1.777731,-2.414327,1.917574,-2.537995,1.340857,-1.751615,-0.131140,0.893795,-2.396320,0.183260,-6.340291,-6.779539,-0.387918,0
-3.228549,0.287125,-0.169657,-0.099689,0.215705,-0.215196,3.370240,-0.651116,-0.206954,2.419356,3.251117,3.991189,0.027339,-1.432760,-3.239812,4.165122,1
-0.382137,3.100941,0.594803,-0.291117,-0.636027,5.381653,-4.941766,-1.582953,-1.991647,-2.850629,3.735003,2.511045,-2.428581,-4.851919,1.285624,0.947266,0
3.925160,4.031091,5.087230,-2.177111,-4.069325,-2.645194,-0.623038,6.014386,-1.673590,5.629855,-1.720566,-0.638062,0.551116,-1.551771,-0.044327,2.223414,1
-0.596413,-1.245815,-1.214156,1.583231,-4.732307,-1.145739,-3.581119,0.590624,-4.326977,4.299706,-1.734736,2.212460,-2.941843,-2.844825,0.516125,0.662081,0
3.108670,-2.917189,1.722203,-3.644217,-2.338397,1.874545,-1.305641,-0.188448,-2.611175,-1.513279,-2.056681,-2.666805,2.310395,-0.266230,6.371617,-1.081933,1
-0.023615,-3.238762,-0.361605,1.423796,-0.665273,-1.156904,-1.885736,0.556459,0.653898,-4.391023,-0.536068,-6.645293,-0.738097,4.252604,-0.202026,-0.266729,0
3.161305,3.782140,2.213893,3.864142,2.814553,-2.652432,-0.578598,2.124139,-3.936640,1.297227,4.532544,5.317048,1.581111,2.772655,6.040977,3.485185,1
-0.835249,6.300205,-6.923439,-2.175629,-0.855052,0.817015,-6.541119,1.409458,-1.558879,0.656933,-6.326622,-1.999917,-4.514080,-6.203058,-0.373859,1.881189,0
-0.709898,2.544971,-1.326225,3.484065,-1.338582,-0.873462,2.365275,2.310470,-2.368788,-1.731805,1.867593,1.154573,1.731835,1.674361,4.625381,0.777052,1
0.421627,1.390694,-1.737420,-1.887675,-0.480150,1.174976,-1.308709,-1.754148,-3.462326,3.615980,6.252806,-1.794198,-0.657746,-1.025097,3.474577,-5.210542,0
-1.621922,-3.896564,-0.911935,1.305500,0.297618,0.092879,5.036149,4.052325,-1.834433,0.448459,-0.550581,-1.319791,3.509582,-0.236646,1.793092,0.830050,1
-1.759075,-0.776603,1.949699,-0.047302,-0.347189,-0.121748,-7.310576,-6.320055,0.006437,-2.532756,-0.880006,-3.204791,0.396353,-2.610758,-1.412731,0.863264,0
-0.304799,8.733621,2.728131,-1.471449,2.199487,4.005597,-0.589974,-6.555251,-1.884766,0.088416,0.995275,3.877509,1.661710,1.100571,3.309096,1.457952,1
4.739729,0.579824,1.165373,8.615124,-6.470522,-1.900752,-3.986541,3.876741,-0.794293,-2.320781,-1.465745,-6.628942,1.922338,-1.672391,-1.634979,-1.710189,0
-1.301396,3.041823,7.629779,1.804126,-0.011693,3.623330,-3.473395,1.901971,2.221450,8.437575,3.631503,1.452769,6.027602,0.570230,4.351972,6.250453,1
-3.771091,2.311125,-4.738104,1.119459,-0.339022,-4.482909,3.561331,-0.285091,0.638657,3.816957,-1.510365,2.466747,-4.976420,-6.666949,-1.128290,-3.748756,0
2.531651,1.133911,-2.737967,2.636849,-0.275730,1.040807,-0.107603,-2.605008,-1.033589,-3.403624,-1.482515,-2.305725,-0.991707,-0.224219,4.672324,-2.327940,1
-1.251397,-0.542336,0.851997,-3.639759,-5.040641,-1.861189,-5.297597,-1.462756,-2.723117,-1.244641,3.166847,4.716158,0.281057,2.836758,4.879898,0.511372,0
1.950721,2.953746,-3.041388,0.987660,0.569195,5.028771,7.165675,-1.832856,7.341573,3.811090,-1.233753,4.894807,1.123569,1.872926,-1.051045,0.234657,1
1.548748,-0.355074,4.197317,-3.021564,1.613539,-0.496172,4.293770,0.296337,2.338694,5.258299,2.717634,-4.136729,-1.853246,4.200821,1.264391,-2.674142,0
-0.804863,-0.237179,-2.388422,-3.384439,3.159404,3.690511,-5.525445,1.248466,4.733409,-2.302570,-2.940700,-2.361449,2.154706,-3.662269,-1.872893,-0.836881,1
-1.914600,-6.723310,-2.418684,3.267944,-5.376607,-5.149954,-3.963243,-3.332288,1.177830,0.076242,-0.946789,-6.606325,-0.818365,-2.463144,2.725592,-2.111564,0
1.189117,-2.805504,6.064168,2.966660,2.118861,-2.887824,1.050054,4.737094,0.428416,6.961255,3.356645,1.483466,-2.212481,3.849349,1.403977,-2.634792,1
3.130850,1.276981,-2.886461,-0.195585,-0.875152,-0.791968,-3.102460,-0.672707,-2.193357,-5.210964,-6.414052,-1.306599,3.380062,2.980356,-0.704720,-7.659029,0
6.010903,-0.664863,6.771163,4.199117,3.453084,3.791196,5.235551,-2.544109,-0.107712,-1.665522,2.429463,-1.288239,-3.717971,5.997149,2.166905,0.467966,1
-4.080412,-0.207371,-0.563917,-0.146873,-3.238546,4.647930,-1.060308,2.284878,3.739365,-6.988490,0.314974,-1.071976,-3.849620,1.304693,-1.244699,1.291035,0
-4.259653,-0.229646,-1.363966,5.152509,-1.183201,-0.348613,1.644032,7.281264,0.387477,2.234096,3.377500,6.322911,2.668984,4.516925,-1.056627,3.902417,1
-3.028606,-2.288116,-4.026553,-5.166345,-4.257971,1.457624,0.741453,-3.077392,-2.119138,-5.787728,3.949068,-1.520933,-0.408113,1.447115,1.783415,-0.793467,0
4.082097,2.794368,3.095180,0.787390,-0.048396,3.154763,2.631886,-2.560836,4.426707,1.887805,-1.020908,5.552808,0.772736,1.522042,4.143556,2.255643,1
-1.722567,-2.444239,1.867538,-2.833667,-2.449146,-1.045488,-1.989221,2.941381,-1.047230,-3.817811,-3.983605,0.697653,4.221436,1.036470,-1.070873,-0.167648,0
6.485354,0.621678,3.763371,0.930122,-2.636038,0.639588,1.425052,-0.523100,1.884345,0.879092,1.709537,-3.994328,-1.137145,0.071451,-3.595868,4.799783,1
-0.242479,-5.070129,-5.651590,-0.210878,-4.915678,5.723276,0.634048,-1.959573,-0.615702,-4.320442,-0.717702,3.230345,-3.478901,-1.509372,2.096554,-2.196744,0
0.947845,4.261666,1.329570,-1.705919,6.987674,-0.925204,0.994434,-1.277033,-0.493215,0.576092,-5.018502,1.667295,3.088216,-1.496165,-2.058312,6.274245,1
-1.511892,0.120073,1.038542,3.267553,2.236170,-1.213881,0.981379,-4.816998,-1.644651,1.531677,1.096222,-3.636510,-2.978425,-3.027334,-2.083549,-3.696989,0
2.178746,-1.573659,3.060325,-0.718625,7.063170,2.579793,1.140123,-5.091448,-0.670174,4.143044,-5.467326,-1.300694,-3.683624,2.077697,-2.626179,0.619331,1
1.387753,5.215813,-0.910982,-5.456808,3.564058,2.536509,-2.967759,-3.042235,-2.656218,1.626144,-5.715823,0.053110,-1.149696,2.732468,2.707724,0.046173,0
-1.392007,2.535108,-1.921446,1.293348,-5.610973,-6.075597,4.269513,0.985033,-2.336606,4.676511,-2.410258,-2.877839,8.655951,5.977422,1.947097,0.018390,1
-1.519979,-1.857100,-3.023238,-4.046991,-1.314912,0.469095,1.482004,-0.748394,0.478605,2.224146,0.105085,0.410986,5.425116,1.460133,-2.068375,-2.534494,0
3.055280,-3.420007,-2.727000,2.112475,-5.763267,6.152766,2.075839,2.480187,-0.036967,7.553367,2.589242,-0.938143,-1.656099,-2.556192,1.477429,-2.282306,1
-7.904733,-0.863038,1.684124,-0.370739,-2.881640,-0.129995,1.010530,3.767721,0.601017,-10.748306,-3.133925,1.632158,-3.803138,2.625576,-0.093956,-2.579104,0
0.300351,1.314514,3.428338,4.025514,0.338223,-2.535309,4.033893,2.686313,-3.566922,-4.783342,-1.527564,-2.549085,5.515115,3.439391,0.069614,1.939578,1
5.307024,-4.543797,2.621836,-1.018557,2.605742,-3.441551,-1.825672,0.403013,-0.159414,3.339394,8.033054,-5.329016,1.469166,1.969902,1.077511,1.126249,0
-1.496507,0.269113,3.872664,-3.102194,4.183394,3.623479,-4.351081,1.179215,2.046882,2.954602,2.113812,1.859717,-3.927087,2.740096,-2.190447,5.525620,1
-5.282393,-1.687325,-2.336582,0.505777,0.498148,3.072926,-3.160674,3.348082,-5.816705,-0.609972,0.076138,-5.963004,-4.676842,3.979061,-1.523739,3.585575,0
3.875821,1.163023,-0.548620,-4.345367,3.981116,4.986749,-3.783830,-5.393089,0.198833,1.738280,6.820352,-0.608143,2.130939,1.762729,-1.813828,5.269759,1
-7.157265,-1.856401,3.070936,-1.918468,2.305531,2.744951,-0.679496,-0.216946,-4.381325,0.111366,-5.043083,-3.454683,-2.988500,-3.921544,-2.967563,1.065113,0
2.141223,-0.505308,-4.012190,1.804646,3.980489,-1.668458,2.027400,-0.225806,-2.910484,-2.965138,-0.755997,3.667655,-5.790505,1.881022,-3.509930,6.494206,1
-0.853346,-5.054184,-4.993578,-0.495173,1.106588,-2.750746,1.839279,-0.354361,-2.791505,-3.149769,-6.503134,-2.830550,-2.500688,-3.568641,-4.537633,-1.430182,0
1.091171,3.552121,2.959193,3.306140,0.971468,-1.638806,3.235066,0.402312,1.000156,0.597985,-3.611655,0.336906,1.592326,-2.600437,2.312276,-3.846322,1
2.979559,-4.066704,-4.074079,-2.075151,-0.015650,-3.745207,-2.123811,-1.791765,-0.610368,0.668034,-0.116268,-1.630226,2.042622,4.680349,-2.691715,-0.898250,0
3.316163,-0.710295,4.236527,4.579970,1.639010,4.134004,3.573392,-1.184246,-8.083607,1.685348,1.744630,-4.177215,2.835952,6.057490,-2.633265,-1.469800,1
1.227253,1.174734,-0.937214,-2.973922,-1.793683,-2.632185,-6.854834,3.932190,-2.260854,4.374325,0.489220,-4.299107,1.707617,-2.556095,-1.956451,-0.733451,0
5.656289,-2.505212,-3.205953,0.468335,1.295477,-7.743865,-2.192072,3.503341,1.310734,6.934075,6.484525,0.071575,3.078130,-2.747187,4.431565,1.415120,1
-5.975603,-2.036719,-5.192486,-3.407707,2.291983,0.200123,-4.329373,-7.538639,4.460821,3.252275,-4.014391,0.805632,-5.016974,-2.698442,-2.510193,-8.184875,0
1.730237,3.716868,-3.003149,5.362420,-1.249680,4.225577,2.824447,0.437422,-0.780802,0.398177,-1.062349,0.483529,3.931785,1.330428,-2.122768,-4.489829,1
0.790371,2.487488,-0.589590,0.286419,1.439899,-3.533612,-0.262896,-1.547041,0.410845,-3.611572,-0.339251,-1.160937,1.800516,1.868019,-8.420410,-0.751215,0
-1.446630,3.306045,-5.578621,1.843844,1.848067,-4.167733,5.243985,-4.615829,-2.892402,1.641131,-1.750288,3.250981,4.449584,2.014619,-1.487565,-3.635647,1
-0.961592,0.878315,2.167185,1.781620,-4.232036,-4.302656,-1.994620,-4.005774,-3.180435,-1.577846,-2.092918,1.160143,-1.459722,-8.225714,-2.003892,-0.764656,0
1.476726,0.699667,1.530343,1.924550,-6.591886,2.843083,1.599797,2.766259,-5.707892,-0.891247,1.370475,0.007292,-1.855000,0.089107,3.696277,-2.372438,1
5.536013,-2.749221,-6.215817,1.065359,-4.843444,2.501926,-6.700431,-0.540751,2.104187,-0.163729,1.872702,-1.066501,-5.295668,1.142443,-6.985847,1.863249,0
5.684760,-5.113782,0.481236,1.747565,5.159780,6.408616,-3.803294,-3.730008,3.455829,1.452920,5.012826,1.858628,-2.734766,1.711768,-1.364341,-0.694201,1
-2.952608,-4.356465,-0.266443,-4.987155,-3.994997,-1.363830,-0.913429,-4.869638,2.121042,1.049572,-7.104762,-3.243865,-3.231198,-1.638309,-2.236336,-4.400422,0
5.672305,3.963510,4.268285,3.755635,2.210416,3.607614,-1.849127,3.450089,5.980691,0.423501,3.427129,-5.668847,0.935738,-2.721636,-4.117345,2.032702,1
-4.120614,-0.614138,3.427565,-3.567881,2.429884,-1.531940,1.677053,-2.316640,-2.753687,-3.372732,-1.214933,4.152212,-4.216794,1.850498,1.964516,-2.704340,0
-1.450005,-0.263581,-2.579488,0.017108,-3.800981,-1.945483,0.803110,4.791041,-2.512725,-1.193440,5.750907,3.748389,-0.569639,2.663108,0.872141,-1.770035,1
-3.795416,-1.484954,-3.057885,-6.056419,-1.365173,0.107225,-2.766158,0.532303,-0.680108,1.043184,-1.205851,-3.735632,0.391638,0.702053,0.128704,-0.029758,0
2.610940,8.157537,-1.367237,-0.841982,1.834128,2.670543,2.299912,-3.661757,2.181069,2.298522,0.746854,0.822989,3.006934,-1.303517,0.600953,2.122554,1
-1.607607,2.332855,-2.750918,-1.485647,2.749010,0.282122,1.106100,0.972584,-1.388745,-4.243634,-0.067745,-4.462054,-6.109644,1.938583,-1.896308,-0.738323,0
-2.270739,4.282516,-3.104049,4.461051,-0.048615,-0.805212,2.639487,5.662032,5.278922,-0.424039,1.634982,0.331615,-7.504406,2.514024,6.687779,7.261504,1
-2.012889,-6.265686,-1.834706,-2.423431,-3.497932,-1.921618,-2.372359,-2.898739,3.385387,-3.984695,1.042938,-3.999657,-2.326530,1.223280,-5.337704,8.085735,0
2.119296,0.417069,-0.824560,-0.429719,-0.231449,-1.553613,0.405951,-0.308671,3.993762,2.096570,-0.589145,-5.027966,-0.703738,-2.866639,6.578771,-1.367431,1
-7.786515,1.907270,-5.410037,-1.138645,-2.321905,-3.635857,0.646732,-3.548243,-1.274467,-4.694316,1.895985,1.900673,-6.848742,-6.638688,2.340467,-3.734344,0
-0.284749,3.763404,-0.914879,-1.064777,2.011369,0.304756,-0.163022,-0.268416,3.041532,2.299123,2.873822,1.210992,-1.079185,1.284611,-1.269516,1.619664,1
-1.241865,1.567993,1.951580,-2.029374,1.742792,-2.377264,2.316351,-9.092098,-7.171397,-3.285777,2.862816,0.589478,-0.598782,0.559851,0.826233,-3.143529,0
-1.925171,1.921905,2.185298,-5.329766,-0.505174,2.956895,2.294400,-1.946488,-1.734276,-3.395449,7.009248,-5.409485,0.700115,3.481055,2.477237,4.110158,1
-0.997458,-6.078691,-2.136629,1.474016,-0.192919,-4.064671,1.256926,-3.493723,0.637009,3.426128,1.738882,-7.610914,5.071104,-5.340891,-3.118947,-0.424450,0
2.956820,3.732604,-4.779227,-1.747432,-2.651118,-1.924619,2.615796,-0.344163,8.219382,7.689168,-1.207451,2.328973,3.235703,-5.324617,-7.955750,0.304729,1
-1.414346,-0.931941,-3.510420,-2.822676,-2.629983,-3.864088,0.366446,-1.362399,2.398102,-3.027761,2.520229,-6.882670,0.950985,-2.670631,-3.844952,2.431400,0
0.454943,0.717237,3.922614,-2.067397,-2.998692,2.427547,3.003062,-4.601892,-3.665088,-0.335093,0.971746,-2.669896,-2.745654,-0.173816,9.192611,-0.114481,1
2.296003,0.707151,-3.153191,-2.014790,0.454494,0.324041,2.903286,5.130590,-7.043368,4.729700,-1.918163,0.223217,2.224323,0.090536,-2.919763,4.415401,0
0.923390,3.545831,1.341918,-3.165887,3.292403,-0.841533,1.209731,4.734321,-1.654712,-5.146623,2.118791,6.555049,-0.041466,-1.102019,1.017701,-1.258551,1
1.291370,-4.527392,-4.975324,-3.031710,5.446430,-2.214437,-2.098150,3.551878,0.903107,6.741243,0.684200,1.161343,1.061064,-4.382655,-10.300150,-2.582194,0
-1.410448,4.615161,4.050811,2.003007,1.179994,-0.979603,-3.170465,-0.437444,-2.238022,-3.885468,0.250738,6.183228,-6.183908,1.946137,1.274994,2.542945,1
-1.293016,-1.752276,-3.726265,0.842556,-0.569361,-0.892005,0.640888,-2.332725,0.638830,-1.603654,-5.840184,-3.341418,-1.997288,-3.271367,-3.268717,-3.326329,0
5.538823,6.723716,6.590411,-3.505929,6.661311,-1.505174,5.501502,1.084475,3.635116,-0.635799,-4.632747,2.754184,4.005624,3.775634,3.529284,-2.984033,1
1.694098,-4.032342,-0.490900,-3.171301,5.069876,-1.886493,-2.790807,2.536678,-2.257919,-2.977396,-0.770390,-2.303130,-7.324965,-5.021770,-3.927954,-2.542998,0
-0.932774,2.055438,-7.319646,5.132657,-1.721642,3.687844,8.795257,-2.890224,5.885829,4.205548,1.247970,3.577270,-1.180091,3.491685,2.795770,1.527968,1
-2.582426,-7.314299,-2.503456,-2.287354,-0.212322,-2.539294,-3.255223,-7.100927,-6.344899,-0.191355,-7.312062,-0.295902,-1.948098,1.982071,1.245028,-5.495866,0
2.211492,2.353263,0.547860,0.792673,3.284884,-2.386024,-1.483832,-0.186606,1.906112,-2.904527,4.740479,-0.580877,2.740342,1.201341,3.554433,-1.020816,1
-0.911784,-2.296699,-0.580742,-5.516140,0.960432,3.798302,1.251184,1.446201,0.484629,-0.978143,-1.932565,-0.560123,-2.472670,2.610435,1.665689,3.070911,0
5.110106,-0.851390,-4.386672,4.082479,-1.068456,6.187119,-0.970965,3.097983,2.584451,2.244788,2.096719,1.091088,4.255010,2.885856,3.139358,1.692895,1
-4.186621,1.077194,-2.825666,-2.958075,-2.961202,1.912262,-0.558620,3.314260,-0.439022,1.173563,-1.485376,1.342730,0.293051,2.385246,-1.681040,-1.565571,0
-0.096400,5.704465,1.263373,0.975197,-1.508503,-1.755452,3.631515,0.724498,-1.232878,3.180327,-0.815610,6.917199,2.244203,0.589999,4.337846,-0.863042,1
-2.681014,-4.289968,-2.931813,1.432535,-0.074873,-0.987389,-1.688827,-3.429184,-1.264125,0.636282,-2.769661,-0.172062,-4.861249,0.377018,-3.363631,5.416491,0
-1.733232,-3.889305,1.311364,-1.787564,-4.075871,-0.306680,7.307534,3.992892,-3.077263,0.908930,7.113999,3.828895,-1.005927,-4.343174,-2.085611,-0.002436,1
5.053358,-3.141885,-4.889033,3.021826,-2.709384,-1.372758,-4.076584,-1.787668,-0.608511,6.631321,-3.328273,1.605480,2.212154,0.203455,-6.646078,1.658905,0
3.412599,-0.211936,8.354795,1.755084,5.850486,-0.079589,0.070031,1.685342,-0.692536,-0.506044,0.626359,0.964390,-1.406917,9.258943,-1.821009,-2.311468,1
-4.484948,-0.708321,-6.969048,-1.609223,2.887148,-0.005995,2.468218,-6.012610,-5.403491,-3.634570,0.313541,-0.234734,-3.689149,1.827452,-0.505058,2.606262,0
-0.364117,-1.935329,-0.361120,1.099264,4.717856,3.695481,-2.283349,-1.469058,2.944751,0.800060,-0.276669,0.002241,0.811192,1.845798,0.710174,-2.097459,1
0.706453,5.836468,-6.910143,0.050100,-4.814812,-6.348610,3.007017,-4.067817,-2.526961,0.360231,-0.802174,-1.439369,-3.337532,1.590183,-0.248617,0.755522,0
1.686917,5.408818,0.452369,-2.572989,3.191600,0.508355,4.440040,-3.256044,-0.752060,-2.106833,0.312525,2.322154,4.010945,0.813501,3.298894,3.669997,1
-0.333096,-4.159443,0.358433,5.434320,-2.564097,0.063543,-3.465962,1.839706,2.202772,-2.984044,-0.138496,-0.789158,1.781694,-5.449242,2.543633,-2.449052,0
-0.802164,5.916722,0.050144,1.355150,3.600478,-1.211681,7.261701,-0.879291,2.411241,-1.093514,2.768405,-3.897202,-0.827642,2.574479,3.608825,-0.908880,1
-2.936669,4.002832,-1.005204,0.728441,-1.747944,-0.585329,-2.827774,-2.975808,0.465143,-4.822293,5.316153,2.505974,-11.503870,-4.029100,-2.168293,1.430582,0
3.883132,-0.496757,2.654098,-0.302743,2.897704,0.258328,2.789773,-0.197758,4.497834,1.297420,5.057096,2.548335,3.587758,4.820333,0.564422,3.472884,1
0.913256,-2.527485,-8.554792,-1.997638,-0.898639,-0.751160,0.219423,0.693890,5.151123,0.180845,-5.707309,-1.305823,-2.951067,-3.043516,-1.518984,-6.925570,0
-0.090225,6.564145,1.010273,-0.304074,4.236075,1.543408,-3.886168,-1.183023,-1.853755,2.135674,1.992866,-2.154936,0.996031,1.211787,6.924146,3.146388,1
0.798656,3.364275,0.903111,2.572113,-1.624607,-4.802934,-1.522478,0.173273,4.114786,0.510033,5.954433,-7.547139,-1.297094,2.774445,-2.660367,-2.542399,0
0.118056,1.187115,8.679021,-0.434331,-1.378026,0.600154,5.463943,2.773870,-2.380568,0.248342,4.514520,1.142777,3.596183,3.666657,4.918954,3.241300,1
2.917334,-5.583124,1.785498,-3.017135,-2.209479,-7.331625,0.239550,-3.249931,0.879059,-2.931272,2.901997,-5.457799,-0.490463,-0.760626,1.019594,-0.388102,0
5.232165,-1.528892,2.481580,0.812778,-0.446179,0.471850,-0.442701,2.330985,-3.563373,-0.543301,1.620465,1.886428,-2.488225,3.689610,-3.210604,-0.946992,1
-1.085062,-3.254703,-0.760739,-5.421947,-1.188011,-5.636476,-3.167802,-1.599604,-3.208104,-1.304746,-3.611229,-4.836502,0.537178,-1.869241,0.734297,0.371817,0
-0.902876,-2.741292,1.088955,1.643519,-0.714907,4.499530,-3.621338,3.054826,1.642728,0.481534,3.283364,1.264391,-3.475501,4.498458,2.971063,-1.293633,1
7.363411,-3.122231,2.603146,-3.217514,-1.515087,-1.746676,-0.836654,-2.335939,3.175245,-5.598825,0.164186,-2.308743,-4.489573,-4.512653,0.433310,-2.331000,0
2.529307,2.289161,3.663218,1.536586,-4.072545,-1.568756,4.465249,-3.241611,-1.572291,-0.758664,2.626885,4.364661,1.058896,0.177431,4.364821,1.899779,1
4.867485,-0.866761,4.438396,1.519367,1.302151,-2.354231,0.979757,2.789997,-0.378633,-1.634109,-1.049626,0.857353,-2.043996,-1.549094,-1.835774,-2.872802,0
-2.544465,0.957929,1.470551,-2.465573,4.851428,1.302706,-6.041189,1.988524,-1.609537,2.108508,5.597657,-0.395839,-2.419494,-3.881575,-3.500264,-6.869045,1
3.871727,3.569101,-6.449144,1.525648,-1.322212,-2.591508,4.680830,2.132231,-4.145841,1.220034,1.804375,-3.827585,-4.300003,0.833340,-8.456503,1.946587,0
3.608453,1.754140,-7.128012,0.034116,-1.740152,1.510955,1.289129,-0.393465,0.460016,0.752795,3.175998,5.188783,-4.397585,2.561820,2.285769,-0.625252,1
-6.712464,-2.227078,4.330080,0.493109,-4.289346,1.481226,0.874422,-1.267825,-1.192584,0.223726,4.665197,-5.737607,-4.330717,-1.264516,-2.118991,-0.283175,0
-0.190870,-3.938177,-2.498991,-6.845813,2.389466,2.538888,4.547936,0.358575,-3.347599,5.764943,7.710055,1.876788,-0.081866,-4.343966,2.025458,2.347289,1
-2.424027,4.257490,-1.978664,0.399378,0.208073,-2.483619,-1.753865,-3.451266,3.484539,3.694136,-0.725669,-0.270741,1.746077,-2.884037,-1.554862,-0.832088,0
2.345031,1.096214,3.207957,1.595176,6.551059,-0.391940,-0.916044,3.380280,2.543481,-0.864516,2.489131,4.392867,-5.226174,-2.002318,4.981318,1.564595,1
5.023922,2.403431,-4.195025,-2.432393,1.542717,5.627922,-1.277929,-1.231078,1.069233,-1.299392,-3.299932,-1.387593,-0.436604,0.736506,-0.078016,0.181406,0
0.435740,2.481706,-0.114455,-5.306192,-3.389180,0.559166,4.589061,0.055933,0.148202,-0.134451,0.154869,0.844385,0.553255,-1.575746,5.828248,2.044642,1
1.028492,-1.871082,2.942577,0.542921,2.481913,-1.930418,-6.904101,-2.264265,-0.877784,2.235247,-0.212385,0.006681,1.490501,3.541758,-3.044685,0.458458,0
-1.796910,6.604678,-1.539978,2.669259,2.266820,-2.144069,-1.098903,-1.465647,-2.200224,-2.339932,1.382325,-3.436827,-0.317928,3.713778,0.863536,1.502244,1
2.203489,1.340057,-2.972541,1.197882,2.098949,-1.499470,-3.454319,-0.681000,-2.048430,2.976816,-2.628130,-0.768032,-1.073892,1.485111,-8.862871,-1.906075,0
-3.767247,3.743543,3.274798,-6.967888,4.303342,-1.325441,-1.076776,-0.995078,3.843833,-0.413982,1.397910,1.920424,0.025243,1.548682,-3.818220,2.148597,1
-2.231504,-3.236230,-3.158112,0.975323,-1.856559,-1.413996,-0.941103,-2.060941,-1.575141,-0.263819,-2.977091,0.975256,-3.065550,-2.926435,-7.651278,-1.958536,0
-0.456097,1.870599,4.085101,6.990090,5.547154,0.699595,2.352319,2.257922,-0.062655,-2.627556,-1.512474,5.318805,-1.862039,0.854045,-3.119507,-4.280259,1
1.365967,1.992235,-3.991714,-0.533806,-5.372489,-5.944736,-2.107214,-5.139906,-2.244991,-5.251319,-2.063120,-0.626267,0.979462,-1.723005,6.658581,1.342094,0
-3.934592,1.687453,1.345484,-2.438427,-0.314350,-3.474288,14.639342,0.634296,-0.371081,-2.471188,0.968803,-0.068874,3.694638,0.947614,4.432508,-1.964853,1
1.286320,-0.778035,0.390804,-2.636992,-5.057182,-5.217520,-1.122602,-2.370983,2.843206,2.529631,-3.385851,-5.571414,-3.185286,-5.263624,-3.422965,1.245213,0
-1.887218,2.515031,0.254292,-4.033028,0.745465,-6.466748,-1.943335,3.304255,2.327123,1.156730,1.090993,2.423007,3.474116,-1.038695,-3.981277,2.234998,1
-4.142570,1.940065,-4.760441,-2.640516,0.529234,-1.426930,-6.629078,3.799337,-2.771091,-2.029493,0.101316,-2.869414,2.802643,-0.527306,-2.494250,0.560001,0
0.863023,-3.425500,3.044858,-4.716885,3.308688,-1.149850,-1.289051,1.485089,3.694156,-0.250030,-2.824071,-1.161494,1.257221,2.046037,3.977077,-0.213791,1
-0.907754,0.901567,0.769888,-2.097683,-2.313728,-2.094768,-1.768740,-5.052009,-3.475567,2.350540,-0.024477,-1.376441,-3.161753,0.081337,0.810909,-1.529578,0
-5.888544,1.037714,6.157130,1.865867,-1.562552,1.923184,-0.377865,6.050004,-2.012746,3.098386,-4.284081,0.731199,2.881528,3.179584,5.132903,3.335265,1
0.364204,-8.403392,-1.198654,4.280455,-1.898765,7.301188,2.197012,-1.460837,0.035841,-2.422614,2.015959,-3.470113,-0.136303,-7.006910,-3.411242,-1.131567,0
-0.184358,0.517115,-0.383366,-0.538331,-1.826015,3.501702,5.776464,-1.475188,2.687934,0.985138,1.104927,2.507899,1.643239,-1.404672,1.687705,0.659589,1
-1.086359,-4.119861,-0.671575,1.464075,-1.435473,-0.649625,1.946434,0.244907,-2.692618,2.764624,-3.491570,-1.887500,-2.435262,-0.736682,2.827250,4.923742,0
1.250900,0.094638,2.640506,-4.854797,4.848130,-3.885962,0.089742,3.926377,-5.624543,3.780402,0.250329,2.082994,-1.762483,7.204543,2.174722,-4.116291,1
0.714705,-3.062280,1.104939,-1.527144,-2.321459,-3.775824,-1.662109,2.947681,-1.618390,-5.069063,1.380323,-3.469398,0.522114,-2.236050,6.278919,3.067707,0
-0.747182,-0.613496,-1.102866,5.246118,-0.409134,-2.890301,8.795192,1.584447,0.421240,-0.627521,4.366500,-3.116592,-0.925503,-3.616007,7.073577,0.314755,1
-1.727997,1.767647,-0.023258,-1.486657,-2.818925,-0.172840,-1.805087,-0.268093,2.955997,0.642225,-3.944978,3.485060,0.201481,-0.144867,-2.237587,-3.455544,0
0.037164,0.104110,2.737107,-3.546848,0.185797,1.366190,6.667714,-0.407531,-0.239740,1.742459,-1.820168,-0.142017,-4.447973,1.285811,1.105721,-2.056401,1
-3.656175,-2.639718,-4.640511,0.953035,-3.361425,-3.302917,2.034000,-2.444140,-3.415310,-1.412860,-6.164546,-2.149840,3.219357,3.875751,1.417387,-3.824785,0
2.115880,-0.282452,0.560154,-3.795935,2.494412,-2.877997,-2.142030,1.458611,2.258922,-1.313375,-3.411487,0.677860,0.197557,3.039262,7.281642,-1.754820,1
-1.956924,-2.893880,-0.885777,3.136673,0.678812,-1.053281,-0.394117,-4.005692,0.162447,-2.164289,0.776337,0.521938,0.223846,-0.007032,3.876644,0.697798,0
3.371369,-1.583616,5.517043,3.736634,4.794713,1.558711,-2.312943,5.512372,-0.312732,-4.955425,0.973965,-3.940400,2.979949,-1.384277,-1.610815,-1.879608,1
-2.353969,-2.378096,3.554893,2.673332,-6.632180,-0.410175,-8.274798,1.595644,4.347363,2.430534,-2.098039,0.402979,-3.145664,-1.395473,-3.095624,2.956448,0
3.724128,1.301649,-2.601047,-0.129757,3.956824,2.741147,-0.371593,4.023467,-0.516054,1.917640,0.300541,7.857642,-7.082120,-4.804133,2.740491,-0.855491,1
-5.539763,-3.058704,-1.799108,0.285652,-1.445293,0.446404,-3.502192,-3.946336,2.748091,-2.940028,2.063049,-1.194597,-2.117368,-8.878479,-6.930023,-3.646109,0
0.404635,-4.439006,-0.480514,-3.265902,-1.889498,-0.524253,2.269979,-0.420470,1.515111,-1.283507,-6.346968,0.016819,2.464093,1.416728,3.349185,0.002683,1
-2.511724,-1.950861,0.870607,2.342142,2.380800,-0.330799,1.722731,-6.530702,0.512224,-2.161226,1.734705,-2.833647,3.818653,3.179295,-3.374887,-2.677225,0
4.808417,0.939522,-1.535055,-7.547753,-0.123610,3.446740,-2.295176,5.165095,1.186322,-2.751610,-3.023751,-5.081663,-1.284630,3.416291,-0.935784,-2.859310,1
0.377342,-4.717813,-5.775466,5.584038,0.714165,3.318060,1.359140,-5.642660,-4.944255,0.474380,-4.042645,0.607327,-5.584232,-1.207947,-2.398589,-0.494869,0
1.674747,1.053672,3.907483,0.378691,-3.185451,-2.806875,1.213650,-2.538149,-1.303988,2.751046,1.186739,-6.092790,-0.260682,3.645164,3.376504,3.298150,1
2.009357,-1.014725,1.601789,0.832291,-0.969938,0.846647,-0.703399,0.620983,-4.179549,-1.426911,-1.474301,-4.673662,-2.310407,-2.340219,-5.064239,3.539709,0
3.684173,-4.657574,-0.502243,-1.995884,2.760228,0.531506,0.315706,7.588111,3.014689,-3.650153,2.501868,6.252646,-4.916689,-1.312227,-4.198273,-4.246057,1
1.798731,-1.913289,-0.633929,-2.513923,0.868317,-1.565125,-0.359240,-2.190565,-1.831312,1.801146,-5.176689,-1.090487,-0.642920,-4.282958,-0.607259,2.128267,0
3.744338,1.720634,1.266912,-5.767771,0.091269,-2.688396,4.411481,-2.072679,-1.900260,-3.794875,0.031952,-2.226339,-1.283340,5.133746,1.804841,3.011434,1
