4.187322,-0.587132,0
-0.567961,0.855337,1
0.189076,0.488399,0
0.628174,0.440699,1
1.496360,0.016847,0
-0.300168,-0.448833,1
0.053389,-0.185643,0
-1.521961,-0.322396,1
1.280213,1.399750,0
-2.521190,0.005548,1
0.977643,0.388384,0
-1.423920,-0.308202,1
0.918667,0.766476,0
-0.955775,-2.050114,1
1.720631,0.340208,0
-0.702562,-0.879742,1
0.261260,0.476543,0
0.349674,-0.818472,1
-0.422723,-1.047607,0
-1.067173,0.322744,1
1.977983,0.161527,0
-2.205165,1.213580,1
-0.322391,0.062459,0
-2.475181,-0.556905,1
0.952482,0.937471,0
-0.357619,-0.264351,1
0.922947,0.011932,0
-0.728858,-0.129967,1
1.028607,-0.731936,0
-1.323545,-0.747271,1
1.193923,0.689410,0
-0.363045,0.460024,1
0.179718,0.727329,0
-0.124352,1.089140,1
0.255084,0.368271,0
-1.102707,1.148449,1
1.092691,-0.307488,0
0.875433,-1.393800,1
1.333225,0.430561,0
-0.128926,-1.220069,1
0.259058,0.020802,0
-0.661478,1.700783,1
1.033083,0.671704,0
-1.294699,0.729615,1
-0.561567,0.927653,0
-0.452590,0.280432,1
1.398547,0.388668,0
-1.594219,-1.335449,1
1.614080,1.532407,0
-1.419953,-0.677891,1
1.058416,-1.005388,0
-0.575823,-0.352090,1
1.404753,0.983567,0
-0.602514,0.283303,1
1.900632,0.207669,0
-1.274711,0.523651,1
0.517088,0.035313,0
-2.121864,-0.815132,1
1.284604,-0.129827,0
-0.679742,0.538261,1
1.231608,0.061994,0
-0.697691,-0.515438,1
1.827941,-0.489925,0
-0.664736,0.946230,1
0.084077,-0.816382,0
0.928144,-0.265632,1
-0.177799,-0.433627,0
-0.793926,-0.833586,1
1.181551,-0.921880,0
-0.704536,0.258955,1
1.064483,-0.145023,0
-2.308492,-0.562477,1
1.762303,-0.598539,0
-0.667938,-0.548519,1
0.757473,0.381337,0
-1.721696,-1.258649,1
1.263864,0.230281,0
-2.369528,0.267479,1
0.082826,-0.126197,0
-0.551202,-1.049353,1
0.888006,0.662260,0
-1.057906,0.361896,1
1.373860,-0.247486,0
-1.657295,-2.429491,1
1.518924,1.464184,0
-0.830830,0.607151,1
-0.083992,0.281807,0
-0.957339,-1.201269,1
0.253106,0.995654,0
-0.356704,0.107267,1
1.329228,0.639372,0
-0.193962,-1.292111,1
1.131407,-0.854939,0
-0.182626,-1.205844,1
1.762212,0.515979,0
-0.478674,0.074831,1
-0.021311,-1.054983,0
-1.780107,0.165153,1
1.506366,0.323991,0
-1.749861,-0.254099,1
0.498969,-0.395768,0
-0.856145,-0.466051,1
0.412962,1.026621,0
-0.537389,0.492759,1
0.419286,-0.395298,0
-1.529877,0.869190,1
0.319577,-1.040537,0
-0.588251,-0.161572,1
-0.297019,1.403177,0
-0.596226,0.599728,1
0.426435,0.531955,0
-0.222542,-0.622820,1
0.770185,-1.334760,0
-2.127854,-0.700718,1
1.446212,-0.070740,0
-2.210133,-0.031243,1
-0.557181,-0.566340,0
-0.567297,-0.770883,1
0.917997,0.139739,0
-0.843321,-0.622433,1
1.265753,-0.297137,0
-0.062551,-0.480717,1
1.526468,-0.502827,0
-0.523490,0.712265,1
0.211807,-0.297086,0
-0.461638,0.919688,1
0.991680,-0.738098,0
-1.352279,-0.676882,1
2.520174,-0.440480,0
-0.962885,0.620511,1
1.304874,0.113825,0
-0.283644,-1.122304,1
1.814956,0.894865,0
-1.953150,0.105803,1
1.358264,1.218704,0
-0.350983,-1.123779,1
0.764105,-0.918113,0
-1.242694,-0.807312,1
1.234038,0.555690,0
-1.978533,1.161855,1
0.350963,1.413856,0
-0.340830,0.357388,1
3.225911,-0.267306,0
-1.938470,-0.501730,1
1.796636,0.843821,0
-1.245509,-0.017631,1
-0.009340,-0.616148,0
-0.391373,-0.781934,1
0.412349,0.238506,0
-1.227940,1.377826,1
0.966471,0.538567,0
-1.133932,-0.116096,1
0.699717,0.586934,0
-0.142943,-0.374337,1
0.786489,0.755871,0
-1.721128,-0.209049,1
0.903386,0.303818,0
-0.439806,0.521302,1
0.256244,0.441355,0
-1.717320,0.747255,1
0.252567,1.207707,0
-0.115337,-0.043420,1
1.583209,-0.433153,0
0.562551,-0.592582,1
1.078197,-0.551393,0
-1.338555,0.139826,1
1.111383,0.173081,0
-1.475956,0.450441,1
0.094319,-1.368729,0
-1.178518,-0.176061,1
2.289077,-1.743286,0
-1.562192,0.315930,1
1.356307,0.035035,0
-1.578308,0.339737,1
0.573062,-1.029862,0
-0.705764,-0.718154,1
0.489128,0.612596,0
-0.055202,0.868776,1
1.088430,0.244437,0
-0.853330,0.083474,1
2.073116,-0.383199,0
-1.758741,-1.003784,1
0.022450,-0.357283,0
-1.618747,0.870836,1
0.114181,0.084993,0
-1.377453,0.331726,1
1.622528,-1.193547,0
-0.469638,-1.087700,1
0.496164,0.097806,0
-0.770691,-0.169501,1
1.849349,0.278967,0
-0.972341,0.146258,1
2.660976,0.008189,0
-1.074610,0.145433,1
0.449594,0.893068,0
-0.682021,-0.479820,1
0.990930,0.144504,0
-0.367021,-0.625008,1
0.778000,-0.891272,0
-1.309224,0.545583,1
0.137592,0.066184,0
-0.548030,-0.900692,1
1.900387,-0.526792,0
-1.039573,-0.356207,1
0.165129,0.106288,0
0.890246,0.367779,1
2.590782,0.478813,0
-2.314194,-0.445109,1
1.021781,-0.079651,0
-0.455441,0.054598,1
1.184961,0.910570,0
-2.631806,-0.076919,1
0.669021,0.659156,0
-0.506071,1.210097,1
1.505868,0.770706,0
-0.481723,-0.900411,1
1.445140,-0.317929,0
0.392228,-0.988005,1
1.401713,-0.099812,0
-2.142600,-0.773422,1
1.340668,-0.191278,0
0.225579,-0.784456,1
1.931628,0.344101,0
-1.442298,0.569627,1
2.116054,0.836349,0
-0.681122,0.465496,1
1.565598,1.033960,0
-1.896856,-0.113832,1
0.308855,-0.610471,0
-1.622758,0.340174,1
0.332253,0.731109,0
0.017715,0.273684,1
1.482698,-0.027016,0
-1.677982,0.158801,1
0.964328,1.093608,0
1.061958,0.040800,1
0.207626,-0.314613,0
-0.274689,-0.151311,1
1.464531,-0.839694,0
-1.382321,1.247271,1
0.180565,1.098304,0
-0.716629,1.184114,1
1.098367,-1.013071,0
-0.640057,-0.575248,1
1.732488,0.610088,0
-3.412381,-0.813520,1
-0.788045,1.753680,0
-1.310067,0.499717,1
0.887768,-0.229976,0
-0.415195,-1.191330,1
0.371686,-2.077993,0
-0.212108,0.547891,1
0.926333,0.883975,0
-0.885225,-0.571221,1
2.742350,-0.087163,0
-0.596292,-0.397170,1
2.108559,-1.063637,0
-1.752631,-1.050668,1
0.191644,-0.198986,0
-1.603357,0.599720,1
1.651482,-0.036077,0
-1.667195,-0.521261,1
2.796993,0.614631,0
-0.230532,-0.144564,1
0.889898,0.369794,0
-1.419854,-0.860047,1
2.331844,0.357716,0
-1.595035,-0.621862,1
1.944416,-0.438208,0
-3.468564,-0.020461,1
1.376326,-0.043900,0
-1.180245,0.002744,1
-0.156988,-0.233056,0
-1.387764,-0.077296,1
2.162630,2.370744,0
0.354985,-0.539865,1
1.068566,0.419375,0
-1.811733,0.048713,1
1.181595,-0.258182,0
-1.812508,-0.390324,1
0.667831,-0.243402,0
-0.189510,0.825777,1
1.640983,0.019801,0
-0.803218,-0.110926,1
1.803920,1.909957,0
-1.178911,-1.654158,1
0.275393,0.262499,0
-0.279562,-0.704806,1
1.638070,1.561949,0
-1.432181,1.280514,1
1.723594,1.018753,0
-0.630928,0.851626,1
1.871054,1.102708,0
-0.511332,0.217466,1
0.357732,0.016544,0
-1.675173,-0.706424,1
2.131130,-0.929158,0
-2.477481,0.738374,1
0.855341,-1.347504,0
-1.700219,-0.170013,1
0.263126,-0.275168,0
-0.888876,-0.123395,1
2.639337,-0.779979,0
-1.760725,0.798284,1
0.036593,0.349720,0
-0.679193,-0.006993,1
0.159234,-0.553313,0
-1.261762,-0.108764,1
0.169657,0.882445,0
-0.170654,-1.645273,1
0.287212,0.615328,0
0.805932,0.268951,1
-1.316460,1.752981,0
-1.737483,-0.456902,1
1.803440,-0.071226,0
-0.024349,-0.998793,1
1.252901,0.866895,0
-0.520988,1.443521,1
1.177033,-0.685000,0
-1.425134,0.298277,1
2.264839,0.264608,0
-2.064641,-0.540922,1
-0.218497,-1.429502,0
-1.766388,1.728657,1
0.722554,0.101143,0
-1.256404,0.248352,1
1.527953,0.659268,0
-1.080512,-0.563348,1
0.625303,-0.243630,0
-1.446733,-0.229627,1
2.938557,0.484076,0
-0.430635,0.963827,1
0.348793,0.226319,0
-0.093216,0.455979,1
0.475926,-0.592017,0
0.213662,-1.377158,1
0.872791,1.432340,0
-0.689568,-0.602935,1
2.562703,-0.086934,0
-0.459827,0.592594,1
0.686955,0.451791,0
-1.340473,1.035326,1
0.618958,-0.503278,0
0.105591,-0.154205,1
0.222956,-1.088034,0
-1.392643,1.045525,1
0.654891,-1.186346,0
-1.261308,0.208313,1
2.001413,1.276746,0
-1.660353,0.349340,1
0.574604,1.107792,0
-0.258792,-1.672339,1
2.239798,-0.286343,0
-1.718939,-0.348655,1
2.578318,-0.565337,0
-1.276139,-1.305846,1
0.465391,0.459992,0
-0.991999,0.984657,1
0.214627,0.513482,0
-1.844818,-0.348705,1
-0.059025,-0.533959,0
-1.188669,-0.157868,1
-0.289454,-0.917372,0
-1.230461,0.741926,1
0.701896,0.314383,0
-1.351799,0.098161,1
0.941136,1.471556,0
-1.931120,-0.650773,1
-0.031989,0.239417,0
-1.186216,1.255481,1
-0.777967,0.248567,0
-1.864911,-0.198687,1
1.756744,0.016789,0
-2.554532,-0.015839,1
1.022859,1.446295,0
0.597126,-1.509433,1
1.709968,0.146868,0
-2.309863,0.309902,1
1.383054,0.050904,0
-0.025280,1.318459,1
1.878363,0.313870,0
-1.020559,0.889139,1
0.772926,0.570008,0
0.031616,-2.643187,1
0.539030,0.191877,0
-1.579391,-1.759301,1
1.400115,-1.061356,0
-0.649199,0.924076,1
0.770152,0.832097,0
-1.056144,-0.250855,1
1.998876,-0.860476,0
-0.392642,0.332746,1
1.499748,1.204917,0
-1.108296,-0.502690,1
0.772649,-1.604334,0
-1.272160,0.007686,1
1.527670,-0.290717,0
-1.462100,0.560389,1
-0.286789,-0.647002,0
-1.531666,1.259907,1
0.162674,-0.570994,0
-0.529053,0.875274,1
0.052199,0.324432,0
-2.057033,1.647571,1
0.110030,-0.381764,0
-0.831607,1.292672,1
0.441616,-1.004398,0
-0.032059,0.694542,1
0.837063,0.714872,0
-0.215868,-0.204181,1
0.720756,-0.383400,0
-0.849725,1.563837,1
2.774365,0.468265,0
-0.984758,0.137745,1
-0.259518,-0.718801,0
-1.250787,-0.211364,1
0.718361,1.033896,0
-0.372445,0.270855,1
0.559049,1.590148,0
-1.900277,0.208433,1
1.273946,-0.039852,0
-1.997882,-1.032894,1
0.539275,0.605954,0
-0.383154,-1.150824,1
-0.225632,-1.193750,0
-0.951946,0.613952,1
0.710924,-0.240155,0
-0.947576,-0.141324,1
1.706977,-0.083052,0
-1.947207,-0.104615,1
1.242355,0.610142,0
-1.155370,0.652195,1
0.339798,-0.881255,0
-0.736185,0.811280,1
1.246462,0.177071,0
-2.119209,-0.311133,1
0.312203,0.729736,0
-0.030713,0.463833,1
2.120611,-0.640039,0
-1.915251,0.983306,1
0.319809,1.048410,0
-2.503747,-0.446145,1
2.477271,-0.226090,0
-2.376995,-0.207149,1
0.926938,-0.581921,0
-0.142632,0.893845,1
-0.355604,0.588728,0
-0.736543,-0.440483,1
0.062902,1.015385,0
-0.060913,0.008247,1
-0.191456,-0.393153,0
-0.605388,-0.486328,1
1.557772,0.302672,0
0.028027,-0.226618,1
0.957983,1.066994,0
-0.972826,0.280593,1
1.922796,0.578830,0
-1.912985,0.264581,1
0.602282,0.083187,0
-0.489185,-0.036977,1
2.181256,0.889177,0
-1.126968,0.074185,1
1.872536,0.179604,0
-1.066103,0.011456,1
1.936035,0.872058,0
-2.280500,0.782323,1
0.763417,-0.851329,0
0.007200,-0.392118,1
0.222891,0.185320,0
-0.564896,0.124777,1
0.050402,-1.032786,0
-0.734686,0.465800,1
0.406251,-0.468309,0
-1.162466,1.120561,1
-0.489791,0.440805,0
-0.852193,-0.734480,1
2.077995,-0.282371,0
0.388352,0.275907,1
2.062238,-0.331929,0
-1.863483,-1.515766,1
1.542060,0.000893,0
-0.363842,-0.355470,1
0.898149,0.940928,0
-1.145990,-1.880519,1
0.113232,0.371130,0
-0.107640,0.231818,1
-0.039424,0.658561,0
-1.428846,0.600204,1
1.682589,0.010283,0
0.190742,0.673226,1
0.469070,0.762064,0
-2.512184,-0.276839,1
1.814721,1.313829,0
-1.333129,0.807438,1
1.410208,-0.007551,0
-2.392569,1.673037,1
1.809101,-0.881380,0
-0.757040,0.831512,1
1.838476,-1.099676,0
0.393137,0.708253,1
1.069082,-0.146137,0
-0.059170,0.617291,1
0.439737,-0.011685,0
-0.352138,-0.468070,1
0.721344,-0.261467,0
-1.486555,-0.315582,1
1.027949,-0.713640,0
-0.530274,-0.376344,1
0.731390,0.037839,0
-0.603971,-0.316110,1
0.007288,-0.212087,0
-0.634840,0.702559,1
2.076675,2.369322,0
-1.579145,-1.141862,1
1.887934,-0.743751,0
-1.708789,-1.273513,1
0.811046,-0.790240,0
0.356471,-0.178793,1
0.241424,-1.510052,0
-1.803639,0.934201,1
-1.405388,0.620519,0
-0.083163,0.282079,1
-0.137475,0.854599,0
-0.742864,0.213582,1
1.686215,0.281627,0
-1.090743,0.304279,1
1.205395,0.329843,0
-0.082147,0.105555,1
-0.301961,-1.430421,0
-0.469743,-0.853538,1
-0.665225,-0.813825,0
-1.576064,0.302623,1
0.697749,0.405223,0
-0.507675,-0.388056,1
0.911807,-1.218067,0
-1.610456,0.856498,1
1.913429,-0.749814,0
-0.920702,-0.586819,1
0.450186,0.966848,0
-0.995394,1.285594,1
2.227590,-0.134387,0
-1.001495,-0.034165,1
0.762935,-1.841522,0
0.490884,0.275111,1
2.049274,0.377534,0
-1.486903,0.496058,1
1.229785,0.199213,0
-0.757905,-1.079717,1
1.577640,-0.092625,0
0.877303,-0.481937,1
0.700258,-0.328269,0
-2.368183,-0.364507,1
1.483254,-0.342236,0
-1.093329,-0.099038,1
2.236039,-0.330633,0
-1.258617,0.152658,1
0.692671,0.516853,0
-1.427814,-0.830419,1
1.051255,-0.965006,0
-1.268250,0.251958,1
-0.513091,0.138891,0
0.608552,0.120871,1
1.821908,1.045943,0
-1.520309,-0.635779,1
0.460828,-0.450390,0
-1.412273,-0.154419,1
1.959793,-0.217671,0
-0.161395,-0.528163,1
1.290904,0.278207,0
-0.795897,-0.572299,1
1.148233,0.874310,0
-1.798869,-0.120075,1
1.385344,1.032159,0
-2.072415,-0.645236,1
1.688843,-0.481113,0
-1.052314,0.808447,1
1.869151,-0.194893,0
-1.516999,0.987976,1
1.190876,0.015688,0
-0.956272,0.315016,1
-0.199065,-0.751471,0
-1.011220,0.386459,1
1.177240,-0.859221,0
-1.887323,0.561146,1
1.371106,0.178673,0
-1.279872,0.612633,1
-0.278164,2.222277,0
-1.363000,-0.663567,1
1.677945,0.811509,0
-0.792618,0.327364,1
1.104567,0.802021,0
-0.446160,0.869693,1
0.824923,-1.120271,0
-1.847227,-0.143380,1
1.331403,1.333450,0
-2.766122,0.327905,1
2.402995,-0.742110,0
-0.429566,-0.151478,1
1.348309,-0.220515,0
-1.289612,-0.601501,1
0.589013,-0.433679,0
-2.121100,0.006784,1
0.670421,0.106903,0
-0.259960,-1.004523,1
1.348973,-0.402860,0
0.311114,0.093500,1
0.935871,-0.647593,0
-0.609010,-0.326379,1
2.210618,0.066334,0
-1.249909,-0.712804,1
0.073564,-0.908053,0
-0.745883,0.150923,1
1.410387,-1.740453,0
0.618375,-1.236056,1
0.578073,-0.063469,0
-0.602011,-0.099675,1
2.161779,-0.608136,0
-0.555723,1.235523,1
1.391231,0.643029,0
-1.286741,0.202893,1
-0.028904,-1.148388,0
-1.189973,0.527834,1
0.978377,-0.525563,0
-1.770369,0.080074,1
2.189357,0.592550,0
-0.222953,-0.161315,1
0.080645,-1.172293,0
-1.711336,1.467731,1
1.509706,-0.101791,0
-1.935332,0.302890,1
1.836914,1.235828,0
-0.588902,-0.083022,1
1.544468,0.164316,0
-0.735520,1.014008,1
0.582252,0.139360,0
-0.071082,-0.137411,1
0.869896,0.154032,0
-0.727099,0.590935,1
0.540344,0.480693,0
-0.397034,-0.199775,1
0.861862,0.197581,0
-1.086071,-1.554517,1
1.237653,0.454312,0
-1.763895,0.201296,1
-0.470690,0.281417,0
-1.160022,1.516766,1
1.648984,0.657498,0
-1.386309,0.024414,1
1.635476,-0.062322,0
-1.705178,0.501408,1
2.143454,0.416029,0
-0.525105,0.192343,1
0.072562,-0.184049,0
-1.935398,0.570447,1
0.540492,0.961368,0
-1.070802,-0.062445,1
2.611155,-0.287498,0
-1.608188,-0.644114,1
-0.115198,0.655450,0
-2.189116,-1.377148,1
1.011661,-0.718585,0
-0.035351,0.231566,1
0.744394,-1.424009,0
-0.779771,-0.121789,1
1.438186,-1.045316,0
-2.189834,0.107048,1
0.464956,-0.028921,0
-0.140245,-0.395734,1
0.692057,0.516799,0
-0.659724,-0.273324,1
0.798631,0.037053,0
-2.326701,-1.579724,1
-0.019899,0.669620,0
-1.593170,0.317055,1
0.595253,0.174146,0
-0.673596,0.112259,1
2.023502,0.909998,0
-1.136396,-0.598188,1
-0.250128,-0.096406,0
-0.345310,0.531074,1
1.272657,-0.771617,0
-0.655847,1.297189,1
1.642257,1.060706,0
-1.450839,-0.031829,1
0.704865,0.437554,0
-1.019015,1.730283,1
0.813146,-0.044375,0
-0.959258,-0.394490,1
3.144048,-1.258406,0
-0.667543,1.088272,1
-0.502073,0.325351,0
-1.828528,1.107854,1
1.035522,0.856146,0
-0.787519,0.083828,1
0.734216,-0.383539,0
-1.728600,-0.359562,1
-1.138901,1.265211,0
-1.612624,1.572750,1
1.551163,-0.825109,0
-0.191288,0.504042,1
0.233573,1.053474,0
-0.917824,0.290969,1
-0.541206,0.489876,0
-0.901862,-0.303766,1
0.791159,-0.187179,0
-1.808327,-0.191566,1
0.805496,0.122751,0
0.356094,0.635753,1
0.298466,-1.885092,0
-2.016135,-1.030821,1
1.127732,0.501086,0
-1.645192,-0.792653,1
1.143563,0.030989,0
-1.372037,-0.083647,1
0.464783,-1.829892,0
-1.607521,1.076357,1
0.967564,1.336681,0
-1.990351,0.386215,1
1.514509,0.720559,0
-0.027298,-0.561418,1
0.286860,-0.426862,0
-1.306891,1.025218,1
0.713738,0.134729,0
-0.150840,-0.200293,1
3.128672,-0.093481,0
-0.021513,-1.076550,1
0.378039,-0.216853,0
-0.913230,-1.863297,1
1.266454,-1.336863,0
0.615205,-0.110723,1
1.322852,2.264135,0
-0.895735,-1.053685,1
1.197799,0.568474,0
-2.562914,-0.259548,1
-0.470403,0.918991,0
-1.980691,-0.431696,1
0.509948,-1.544610,0
-0.208544,-0.198626,1
0.537646,0.229973,0
-1.272128,-0.091664,1
-0.471423,0.340839,0
-0.418530,0.067848,1
0.976655,0.946676,0
-1.189575,-0.752976,1
0.741715,-0.413131,0
-0.919002,0.366542,1
0.832426,-0.248059,0
-1.111240,-0.710705,1
0.244247,0.042120,0
-2.094347,-0.120988,1
0.518119,-1.095781,0
-0.086517,-0.959296,1
1.623881,-0.038655,0
-0.675957,1.209668,1
1.590618,0.494007,0
-0.143063,0.646958,1
1.667174,-1.354045,0
-1.362079,0.845868,1
0.569062,-0.098659,0
-1.552716,-0.476301,1
0.753616,0.718877,0
-1.851177,0.440590,1
2.132182,-1.375761,0
-0.954312,-0.434345,1
1.512384,0.584726,0
-1.209329,-0.193661,1
1.102934,0.153395,0
-1.426173,2.083562,1
1.387650,0.924785,0
-1.331595,-0.216842,1
0.560493,0.681872,0
-0.098760,-0.077164,1
0.859881,-1.259373,0
-0.874063,-0.697432,1
0.711570,0.310903,0
-1.127655,0.806942,1
0.998045,-0.420466,0
-0.457563,0.977350,1
1.760720,0.252149,0
-0.105001,-0.377052,1
1.135504,-0.517668,0
-0.773624,-0.268836,1
2.079144,-1.063813,0
0.069328,-1.172691,1
1.731533,-0.924389,0
0.176247,1.159175,1
0.675688,1.745318,0
-0.658928,-0.041692,1
2.038592,-1.621628,0
-0.238030,-0.820086,1
0.824080,0.852169,0
-0.761226,-0.452491,1
1.221631,0.898263,0
-0.231370,-0.216274,1
1.468883,-0.506984,0
-0.660931,0.504962,1
0.426032,-0.393751,0
-2.387469,0.511411,1
1.321383,0.328162,0
-0.956272,-0.659121,1
1.362185,1.107908,0
-1.174181,0.563864,1
1.896204,0.851304,0
-0.118926,0.062253,1
1.107585,-1.570770,0
-1.239134,-0.250571,1
1.416857,0.069757,0
-1.241215,-0.327816,1
1.359116,-0.462374,0
-0.674029,1.371769,1
1.016472,0.425304,0
-0.612018,-0.072196,1
-0.823367,1.297718,0
-1.176878,1.335641,1
0.699522,-0.977325,0
-0.333889,-0.370142,1
1.043609,0.622839,0
-1.567070,-1.194672,1
2.083851,0.209861,0
-0.155884,-0.295258,1
0.298163,-1.082384,0
0.005432,0.129412,1
1.310936,-1.300578,0
-2.411835,-0.354044,1
0.049852,-0.352161,0
-1.773526,0.129234,1
2.347394,0.962991,0
-0.393917,-1.091242,1
0.793863,0.491480,0
-2.206038,-0.150708,1
2.761385,1.724926,0
0.200038,0.203931,1
0.333416,1.215317,0
-0.675518,0.150824,1
0.619757,0.411050,0
-0.335515,0.387801,1
-1.084112,0.713628,0
-1.608989,-0.692468,1
-0.455764,0.941268,0
-0.727987,-0.883984,1
1.151092,0.696085,0
-0.965252,-0.537342,1
0.565667,0.507272,0
0.210270,1.495635,1
-0.204939,-0.353997,0
-0.330080,0.538919,1
1.124675,1.138154,0
-1.318093,0.829496,1
0.374510,-0.182539,0
0.076079,-1.577713,1
0.040809,-0.031949,0
-0.490853,0.281754,1
2.261344,-0.277842,0
-1.385200,0.004972,1
1.228737,0.262806,0
-1.043332,-0.358771,1
2.569579,1.034722,0
-1.320720,0.474520,1
0.695729,1.142096,0
-0.719731,0.284550,1
0.649403,-0.190340,0
-0.390115,1.145643,1
0.922125,0.470361,0
0.283758,-1.222414,1
1.816294,-1.050288,0
0.640834,0.569444,1
0.178513,-0.298954,0
0.152883,0.186799,1
1.420069,0.168437,0
-0.858710,0.389871,1
1.430127,-0.488624,0
0.582501,-0.570096,1
1.005015,-1.533441,0
-1.356919,-0.776716,1
0.625004,-0.973996,0
-1.462218,0.882314,1
0.986005,-0.764829,0
-0.838146,-1.240529,1
1.808688,-0.347882,0
-0.939344,-0.802658,1
1.637578,-0.467106,0
-1.815854,-0.094432,1
0.434334,-0.210850,0
-2.073623,1.369651,1
1.474601,0.886647,0
-0.683813,-0.830517,1
0.445102,-1.514894,0
-0.469099,0.638539,1
1.543617,0.566309,0
-1.039814,-0.456130,1
1.760119,0.562333,0
-1.381139,0.281169,1
-0.773857,-0.222464,0
-2.094867,-0.380025,1
2.141909,-0.088182,0
-1.240126,-0.282022,1
0.654386,-0.462669,0
-0.666300,-0.517015,1
1.773907,-1.621082,0
-2.414341,0.905906,1
0.236748,0.213159,0
-0.639034,0.912861,1
1.093224,-0.899203,0
-1.259915,-0.571795,1
2.215642,0.265300,0
-1.569494,0.839772,1
0.090154,-0.175040,0
-1.072229,-0.874381,1
2.162300,0.890982,0
-0.530369,-2.055584,1
1.780902,-0.732432,0
-1.324916,-0.306249,1
0.735383,-1.044670,0
-0.423533,-0.149618,1
2.580336,-0.620707,0
-1.038055,0.033956,1
2.176709,0.735738,0
-1.599862,0.778842,1
0.731386,-0.912728,0
-0.363934,0.342108,1
1.633311,-0.987492,0
-0.307168,0.560624,1
0.536808,0.780939,0
-0.901942,-1.142092,1
1.179395,0.531045,0
0.087755,1.496281,1
0.791470,-0.159028,0
-1.955889,-0.617699,1
0.756571,0.267853,0
-0.495831,-0.595582,1
0.718863,0.098868,0
-0.810008,-0.028232,1
1.693626,-0.451806,0
-1.420309,-1.856496,1
0.908707,0.863882,0
-1.851750,-0.414270,1
2.471155,-1.395591,0
-1.486044,0.810448,1
1.452571,-0.819433,0
-0.229907,1.316615,1
1.132124,1.122545,0
-0.620990,-1.248497,1
1.107441,0.776811,0
0.608715,0.355262,1
0.464216,-1.035472,0
-0.710958,-0.718185,1
-0.205453,-0.234298,0
-0.684824,-0.722272,1
0.514141,-1.580168,0
-1.526415,1.177545,1
0.607876,-0.139639,0
0.550906,0.718632,1
1.073771,0.002291,0
-0.294451,-1.194522,1
-0.386918,0.573813,0
-2.178720,0.972521,1
0.570930,-2.412436,0
-1.206829,-0.553513,1
0.618746,0.290212,0
-1.817809,0.044134,1
0.619329,-0.747154,0
-1.347092,0.215940,1
0.888892,-1.576396,0
-0.975463,-0.369811,1
0.641394,0.592400,0
-1.971719,0.680595,1
-0.065080,0.896079,0
-0.406757,-1.340603,1
1.129487,0.752457,0
0.004467,-0.126524,1
0.633198,-0.089534,0
-1.723101,0.233974,1
1.454143,-0.850495,0
-2.202428,-0.272511,1
1.247595,0.501962,0
-0.801222,0.872258,1
1.140981,1.142263,0
-1.645642,-0.073034,1
0.140162,0.040439,0
-1.548356,-0.051852,1
1.392623,0.148420,0
-0.716434,0.268336,1
0.795993,-0.320915,0
-0.780452,0.364910,1
0.420767,0.893572,0
-2.172509,0.199948,1
-0.232880,0.911729,0
0.073629,-0.611903,1
1.447319,-0.042372,0
-0.766251,-1.128618,1
0.893078,-1.244297,0
-0.794218,0.676714,1
1.009965,0.020757,0
-1.774940,-0.239259,1
0.878505,0.207739,0
-0.056859,0.695688,1
2.115038,-0.230748,0
-0.693107,1.186743,1
1.168315,0.651501,0
-1.263922,-0.415756,1
