2.040770,0.449787,0
-0.388016,-0.084212,1
-0.479992,-0.466492,0
-1.299603,1.203480,1
1.706409,-0.173053,0
-1.057293,-0.502356,1
1.601547,-0.744370,0
-1.038457,0.621719,1
1.078458,0.328602,0
-2.697574,-0.513990,1
0.873434,-0.237500,0
-0.640540,-0.341122,1
0.543894,-0.161502,0
-1.041439,-1.349239,1
1.871811,0.859852,0
-1.025554,-0.439270,1
1.759922,-0.007963,0
-1.331125,0.247667,1
1.798082,0.543218,0
-1.137941,0.020802,1
1.396245,0.351081,0
-0.559036,-1.384914,1
1.658654,0.148275,0
-1.509539,-0.269151,1
0.657518,0.468818,0
-0.148808,-1.701421,1
0.244267,-1.130625,0
-1.870421,1.779395,1
0.443977,-0.917520,0
-1.099468,0.979682,1
0.361328,-1.531814,0
-0.475585,-0.639340,1
0.682806,-0.461577,0
-1.486673,0.058187,1
1.236471,1.180516,0
-1.401860,0.025210,1
2.630171,-0.639423,0
-1.822104,0.801288,1
2.323594,-0.077606,0
-1.101233,-1.324087,1
0.874827,-0.919620,0
-0.947842,-0.193468,1
0.620918,-0.601610,0
-0.769123,0.843525,1
1.210801,1.020463,0
-1.592534,0.643193,1
0.892421,0.634409,0
-0.929674,0.368504,1
0.533489,-0.161936,0
-1.409971,1.473762,1
1.487185,-0.583709,0
-0.832875,1.129675,1
1.491288,-1.733076,0
-0.543697,0.414009,1
1.450469,-1.407252,0
-0.924605,0.863079,1
-1.043273,-0.192040,0
-1.418745,-1.138696,1
0.354930,-0.018013,0
-0.945452,0.034837,1
0.990843,0.779763,0
-0.404914,-0.207842,1
1.279878,2.122102,0
-0.611647,-0.627496,1
-0.189225,-0.455799,0
-0.754530,-1.111376,1
-0.135740,1.145712,0
-0.948135,-0.674474,1
1.820681,0.113784,0
-1.295700,-0.390210,1
1.641922,-0.906733,0
-2.560129,1.135353,1
1.552760,-0.428406,0
-1.110248,-0.636223,1
1.442515,-0.992691,0
-0.395197,0.587017,1
1.841442,0.058913,0
-0.304928,-0.902765,1
1.697762,0.110616,0
-0.239480,0.829200,1
2.745491,1.563841,0
-1.003517,0.568163,1
0.575636,0.615657,0
-1.404559,0.642062,1
-0.419627,0.120533,0
-0.593280,-0.786124,1
0.837289,-0.932684,0
-0.934493,-0.223259,1
-0.200604,-0.586537,0
-2.103906,0.643774,1
2.218522,0.954506,0
0.186065,2.445603,1
0.680368,-0.806854,0
-0.896323,-0.327412,1
0.210928,-1.081725,0
-0.030620,0.496876,1
-0.460819,-0.201951,0
-1.331028,-1.234235,1
0.822543,-0.141328,0
0.016534,-1.916205,1
1.207442,1.032207,0
-1.297772,-0.372130,1
2.468380,0.066087,0
-0.867546,-1.301303,1
1.926842,-0.717635,0
-0.192589,-0.528654,1
0.501264,-0.606526,0
-1.015216,-0.580774,1
1.463688,0.527121,0
-1.529072,-1.387208,1
1.673569,0.290612,0
-1.985591,0.741294,1
1.743338,-0.724877,0
-1.577891,1.994677,1
0.868016,0.006020,0
0.376462,-0.478791,1
0.576055,0.351856,0
-0.834825,-0.469545,1
1.819157,0.782702,0
-0.128579,-0.942267,1
-0.390325,0.039101,0
-1.040493,0.406076,1
0.464863,-1.078057,0
-1.978319,-0.145205,1
1.344796,0.042526,0
-1.355220,-0.632988,1
-0.138873,1.193488,0
0.174159,0.313335,1
0.773527,-0.167906,0
-0.976724,0.283171,1
1.413948,0.197340,0
-1.128582,0.433811,1
1.033912,0.648876,0
-0.932479,-0.223750,1
1.225873,0.499670,0
-2.454460,-0.224519,1
1.004925,-0.779658,0
-0.505550,-1.431896,1
-0.671109,1.046975,0
-1.648122,0.485302,1
1.724748,-0.523973,0
-1.047821,-0.025979,1
1.079246,-0.548244,0
-1.123385,1.069134,1
1.928241,0.918241,0
-1.668259,-0.061243,1
1.977059,-0.494410,0
-1.248800,0.154265,1
0.754039,-0.477271,0
-1.445303,-0.899278,1
1.201318,0.667953,0
-0.880371,-1.074194,1
1.055131,0.195274,0
-0.565469,0.740214,1
-0.642493,0.068147,0
-1.267023,-0.696890,1
2.898689,1.066223,0
-1.011307,0.467621,1
1.117364,-0.475459,0
-1.332484,0.589412,1
1.134107,0.788234,0
-2.455340,-0.923441,1
0.330244,1.403591,0
-0.911531,0.874688,1
1.447253,-0.678038,0
-1.498528,0.451061,1
1.741123,-0.877698,0
-0.038743,0.683397,1
1.433389,1.038164,0
0.208281,-1.193127,1
1.693188,0.726300,0
-1.009023,-1.224329,1
2.472536,-2.094567,0
0.295828,0.499948,1
1.339555,-0.316844,0
0.727689,0.473043,1
1.151843,-0.161196,0
-0.278416,-0.049027,1
1.899948,0.636810,0
-1.332516,0.260607,1
0.554152,0.175563,0
-0.386534,0.299180,1
0.447066,0.826792,0
-0.913517,0.808486,1
1.514759,-0.055566,0
-1.209840,0.923302,1
-0.134702,0.318200,0
-0.351867,1.326322,1
1.099719,-0.554681,0
-0.005240,0.033389,1
1.198005,1.768407,0
-2.045167,0.976226,1
0.758295,0.396577,0
-0.956757,-0.418851,1
-0.121593,0.152372,0
-0.521311,0.153205,1
1.074130,-0.478484,0
-1.452749,0.476152,1
0.248595,0.703573,0
0.040981,0.566941,1
1.572495,-0.822584,0
-0.741667,-0.256787,1
1.029738,0.054493,0
-0.834244,-0.003812,1
1.682344,0.853295,0
-0.884467,-0.948468,1
-0.281560,-1.296977,0
-1.247499,0.033921,1
0.968169,-0.434526,0
-1.747909,0.384270,1
1.508603,-0.458674,0
-1.986207,0.124653,1
0.653867,1.024124,0
0.045017,-0.334900,1
0.843235,0.700691,0
-0.289831,1.110933,1
1.102537,0.373501,0
-1.376612,0.880718,1
1.546423,0.132425,0
-1.022477,-0.506348,1
-1.157562,-0.845925,0
0.242972,-0.931796,1
0.590490,-1.036293,0
-0.365578,-0.494126,1
1.863055,-0.773673,0
-1.065207,0.166256,1
-0.150824,1.462833,0
0.247738,-1.952643,1
0.833027,-0.414682,0
-1.272362,-0.373055,1
1.837840,-0.646401,0
-0.671167,0.060842,1
1.197754,1.071263,0
0.145813,-0.099928,1
0.614923,-1.342727,0
-0.112207,0.090639,1
1.628535,0.109836,0
-1.967474,-1.901801,1
1.569453,-0.880768,0
-2.691365,0.553334,1
1.464277,-0.561384,0
-0.694788,0.367591,1
1.669960,0.124993,0
-0.137139,-0.188836,1
1.114019,0.779513,0
-1.648676,0.273607,1
1.232494,-0.246256,0
-0.480114,-0.349269,1
-0.295918,1.159940,0
-1.849084,-0.161609,1
1.656174,-0.402343,0
-2.282212,0.760933,1
1.489170,1.334034,0
-0.643495,1.233183,1
-0.060356,-0.297155,0
-1.071476,0.336629,1
1.216412,0.096976,0
-1.644420,-1.279774,1
1.021704,0.131361,0
-2.302646,-0.219292,1
0.722923,0.170166,0
-1.183403,-0.209888,1
0.003484,-0.655969,0
0.132512,0.635850,1
0.586468,1.000395,0
-1.208025,0.359529,1
2.743280,0.291001,0
0.055305,-0.918097,1
1.384666,0.092071,0
-1.030668,-0.217392,1
1.309780,0.216725,0
-0.344483,1.069294,1
1.945485,0.664666,0
-0.686080,-0.183514,1
1.278551,-0.118639,0
-0.898366,-0.076522,1
0.801249,-0.327002,0
-2.238133,-1.114263,1
0.617109,-1.236201,0
-1.084633,0.913129,1
1.513920,-0.601011,0
-0.683886,0.784738,1
-0.214798,0.956391,0
-2.196937,1.350000,1
2.184197,-0.447505,0
-1.392673,-0.291811,1
-1.167750,1.051934,0
-1.456000,-0.251419,1
-0.439945,-0.984875,0
-1.235332,0.354855,1
1.032099,-0.431489,0
-0.254874,0.382815,1
-0.426101,-1.460267,0
-1.383475,-0.036042,1
0.174150,-0.230556,0
-0.514325,0.865477,1
1.454627,0.370634,0
-2.956849,-1.055046,1
1.285685,-0.602740,0
-1.354165,-0.826912,1
1.111165,-0.331522,0
-1.813023,-0.511249,1
2.343992,0.669916,0
0.325076,-0.584892,1
1.170595,-0.304873,0
-0.528614,0.796486,1
0.919920,-0.025100,0
-2.551037,0.459917,1
2.819134,-0.216882,0
-0.876892,2.186386,1
1.526609,0.850975,0
0.206978,0.940797,1
0.565827,1.630971,0
-0.756652,-0.040065,1
0.258120,-1.093897,0
-1.361800,-2.155195,1
-0.323755,0.366626,0
-0.460438,-0.727938,1
1.062493,-0.774585,0
-0.905835,1.236301,1
0.221460,0.168381,0
-0.195395,-0.816465,1
0.597936,-0.929921,0
-0.572160,-1.532458,1
1.161454,1.372588,0
0.143028,-0.674851,1
1.170733,0.780403,0
0.164622,0.835546,1
0.976542,-0.186975,0
-0.855583,-0.703724,1
-0.968236,-0.066358,0
0.701615,-0.164211,1
0.699910,-0.170244,0
-1.580432,-0.339171,1
1.986299,-1.284360,0
-0.029356,0.025205,1
0.569997,-0.891612,0
-1.337850,-1.071299,1
-0.284122,-0.127975,0
-0.755730,0.456416,1
1.230854,-0.448386,0
-0.935781,0.007503,1
0.333480,-0.068261,0
-0.370384,-0.099016,1
0.252244,-0.122028,0
-0.635468,0.069184,1
0.150922,0.152191,0
-0.665246,0.145388,1
0.123624,0.407003,0
-0.798652,1.443427,1
1.119782,0.403348,0
-1.650526,0.352063,1
0.420024,0.648045,0
-0.025684,0.554808,1
1.090840,-0.910147,0
-0.047535,1.204477,1
0.789959,0.637030,0
-1.189856,0.112309,1
1.377372,0.085223,0
-1.184394,0.650814,1
1.331529,-0.803877,0
-0.836660,-0.654301,1
1.051724,1.280818,0
-2.705056,0.440209,1
0.237381,-0.159171,0
-1.675233,-0.985897,1
2.476223,-0.958417,0
-1.016477,-0.104944,1
0.409594,-0.534492,0
0.375111,0.048742,1
2.183197,-1.003260,0
-2.252220,0.856142,1
-0.365097,1.075781,0
-0.894733,-0.670183,1
2.368696,-0.311393,0
-1.275130,0.361013,1
-0.910882,-0.809500,0
-0.069743,0.025242,1
-0.098167,0.158153,0
1.277722,0.037933,1
-0.203155,-0.873350,0
-1.400149,0.057024,1
0.268922,0.937477,0
-2.140284,-0.541475,1
0.552537,-1.077737,0
-1.126511,0.177554,1
0.704679,1.320132,0
-2.379121,-0.552413,1
1.975380,-0.760982,0
-1.236109,-0.932293,1
0.502427,-0.695706,0
-1.642361,0.497413,1
0.473241,0.040205,0
-1.305799,0.714863,1
0.818548,1.582250,0
0.693575,0.800730,1
1.603362,0.376568,0
-1.061323,-0.880802,1
-0.418936,-0.423070,0
0.046292,-1.238286,1
-0.125003,-0.325488,0
-0.250656,-0.085546,1
2.074496,0.872343,0
-0.312259,1.178588,1
0.881376,0.090777,0
-2.084687,0.090379,1
1.365359,0.342996,0
0.182076,-0.996744,1
0.261645,0.066937,0
-0.709697,-0.938592,1
0.678789,-0.146842,0
-0.708419,1.019344,1
0.467579,0.459150,0
-3.059769,1.855035,1
2.073855,1.160007,0
-0.522946,1.378062,1
1.182330,0.313497,0
-0.411453,0.506844,1
1.186536,-0.185890,0
-1.362310,0.015082,1
1.221141,-0.306940,0
-0.689472,1.262543,1
1.098045,0.518945,0
-1.632778,1.993413,1
0.592672,0.528119,0
-0.828754,-1.080096,1
2.211040,-0.253735,0
-0.951173,-0.519380,1
1.100013,0.560838,0
0.105277,-0.227410,1
2.231764,-0.154708,0
0.411640,0.112909,1
0.073685,0.332081,0
-1.181759,-1.256693,1
0.676206,-0.464820,0
-0.115832,0.171030,1
1.192012,0.795228,0
-1.019480,-0.568640,1
0.090214,-0.575564,0
-0.216465,0.363115,1
1.181834,-1.011871,0
-2.003624,0.277796,1
1.174316,0.879895,0
-1.034279,-0.972363,1
0.196841,-1.060861,0
-1.308937,-0.447208,1
1.172666,0.000723,0
-0.724687,-0.329456,1
0.996738,0.788349,0
-2.181062,0.343775,1
1.085958,-0.400747,0
-0.871538,0.904708,1
1.398225,-1.013707,0
-1.070972,1.770513,1
0.935504,-1.091132,0
0.064178,0.394673,1
0.713832,-0.316928,0
-1.103404,-1.119161,1
2.273130,-0.087321,0
-0.425793,0.834428,1
2.154290,0.461504,0
-0.072838,-1.438118,1
2.276973,0.032278,0
-0.864336,0.746720,1
1.124333,0.415922,0
-2.309042,-0.386304,1
1.477811,0.955969,0
-0.848561,-1.066960,1
-0.254207,-1.297784,0
-1.525769,0.224817,1
0.847425,-0.443962,0
-0.853700,1.010873,1
1.771355,-0.504382,0
-1.528256,-0.186554,1
1.278819,0.669621,0
-0.667040,1.052388,1
-1.008827,-0.974434,0
-1.259102,-0.718941,1
0.270982,0.190996,0
-1.513711,-0.191560,1
1.441363,0.241576,0
-2.076818,-0.457431,1
1.563117,0.350070,0
-1.496830,0.390539,1
0.785139,-0.539091,0
-1.262094,-1.378644,1
1.230587,-0.686162,0
-2.220775,-0.842052,1
0.687109,-0.630925,0
0.230442,0.249482,1
1.435764,0.214959,0
-0.978611,0.141206,1
1.028564,-0.406240,0
-1.026784,-0.533082,1
1.170780,-0.856889,0
-2.160754,-0.047655,1
0.598573,-0.870347,0
-1.044181,0.157049,1
1.189204,-0.241721,0
-1.330767,-1.030327,1
1.375473,0.856200,0
-0.531733,-0.106257,1
0.248356,0.002176,0
-0.608976,0.561481,1
1.929600,-0.384037,0
-0.250967,-0.302347,1
1.480683,0.304297,0
-0.811322,0.910808,1
0.653081,0.698314,0
-1.006525,-0.950625,1
-0.667241,0.724280,0
-0.433303,-0.177748,1
1.730006,0.545640,0
0.207391,-0.510807,1
1.908474,0.376808,0
-2.976222,-1.132525,1
1.736031,-0.187144,0
-0.350269,-0.468417,1
2.203884,-0.425614,0
-2.001456,-0.012367,1
0.921300,-0.578515,0
-0.334239,-1.045033,1
1.012798,-0.149327,0
-0.928281,0.314840,1
0.359627,-0.077534,0
-2.006644,1.699456,1
0.031217,0.027404,0
0.036335,-0.207501,1
0.077270,-1.096750,0
-2.025180,0.769737,1
1.909231,0.483273,0
-0.587838,-0.823793,1
0.620659,0.964140,0
-0.604097,1.558964,1
1.534962,0.345726,0
-0.288669,0.481392,1
0.696923,1.227300,0
-1.613020,0.275702,1
0.327564,-0.479062,0
-1.941513,-1.122103,1
1.204270,0.244524,0
-0.913930,-1.346349,1
0.100455,-0.265404,0
-2.363960,-0.772507,1
0.950484,0.741345,0
-1.973531,0.069771,1
0.930586,0.012081,0
-0.850371,-1.139979,1
0.856031,-0.182933,0
-1.208365,0.079558,1
-0.035819,-0.407431,0
-2.342139,1.321401,1
0.712084,-0.453898,0
-0.125208,0.008871,1
0.499884,-0.627297,0
-1.859055,0.291566,1
-0.294552,0.674235,0
-0.602036,0.411775,1
1.271487,1.086537,0
-0.323255,0.856757,1
0.461956,0.309128,0
-1.446113,-0.969385,1
0.691403,0.066064,0
-0.080990,0.209443,1
2.331124,0.675625,0
-1.394507,0.135997,1
-0.035692,1.359323,0
-1.681015,0.209640,1
1.974725,-0.914591,0
-0.759727,-0.292912,1
2.192473,0.135504,0
-1.380052,0.465350,1
-0.124099,0.103239,0
-0.059383,-0.430075,1
2.290335,-0.987577,0
-2.808160,1.286052,1
0.668895,-0.390243,0
-1.930182,0.932648,1
1.038000,-0.283441,0
-1.160209,0.944975,1
1.304821,1.092844,0
-1.601391,-1.160401,1
-0.062577,0.877051,0
-0.789441,-0.443686,1
1.131830,1.667660,0
-2.509997,-0.126534,1
1.886912,0.854016,0
-1.774961,-0.648759,1
0.526790,-0.648405,0
-0.302933,0.531452,1
-0.128767,0.874415,0
-2.503726,0.901709,1
1.058106,-0.740712,0
-1.134722,0.703560,1
1.102473,0.776882,0
-0.321762,0.766102,1
1.669250,-1.254765,0
-1.601245,-0.871775,1
1.672345,-0.883399,0
-1.435329,0.030216,1
0.338166,0.466921,0
-0.816939,1.119775,1
0.965683,-1.283632,0
0.076001,0.724649,1
1.688017,-1.113016,0
-1.210320,0.363664,1
0.301709,-1.648851,0
0.107012,-0.667713,1
0.293005,1.240368,0
-0.627947,-0.840640,1
1.549960,-0.258205,0
0.019414,-0.600146,1
1.977644,-0.314484,0
-1.272595,1.372796,1
0.627990,1.004857,0
-0.286533,-0.392135,1
0.874787,-0.384185,0
-1.130184,0.343086,1
1.021232,-1.639015,0
-0.912112,-0.907768,1
0.710302,0.223549,0
-0.411867,0.300856,1
1.684742,-0.188753,0
-0.854411,1.145707,1
1.264533,-0.211706,0
-3.141154,-1.556132,1
-1.654713,0.941037,0
-1.599807,-0.474679,1
1.534096,0.322085,0
-0.769938,-0.163868,1
0.174514,0.125492,0
-1.615150,0.653129,1
1.236591,-0.702297,0
-0.230977,-0.147322,1
1.249809,0.886996,0
-0.930126,-0.578491,1
1.137498,0.190359,0
0.325419,-0.847908,1
2.216038,-0.418717,0
-0.576335,0.829463,1
1.194604,-0.442773,0
-1.072559,-1.319555,1
0.983464,0.619987,0
-1.431255,1.220628,1
0.860754,-0.712855,0
-1.329501,-0.064670,1
1.159075,-0.282188,0
0.282910,0.705096,1
0.130107,0.127433,0
0.044303,-0.704720,1
0.214045,0.268422,0
0.439779,-0.300034,1
0.032506,1.492219,0
0.367548,0.701210,1
1.369588,-0.053422,0
-0.095973,0.197822,1
1.042279,1.942561,0
-0.539606,0.450331,1
0.028252,-1.073513,0
-1.718802,0.001364,1
1.460773,0.404506,0
-0.129812,0.658642,1
1.470665,0.904583,0
-1.735416,-0.416380,1
0.876483,-0.126488,0
0.009654,0.238983,1
2.047020,-0.632953,0
-1.080527,-0.372530,1
-0.000534,-0.684379,0
-0.873566,0.864094,1
1.337254,0.087120,0
-1.004271,-0.766078,1
-0.187637,0.840244,0
-2.413596,0.264660,1
0.505451,-0.344873,0
-0.172447,-0.804139,1
2.044520,0.249599,0
-1.092853,1.950681,1
1.047049,0.515014,0
-1.463944,-0.584014,1
1.187367,-0.352864,0
0.587525,0.618675,1
0.938235,-1.016345,0
0.270225,-0.261576,1
0.909113,0.446115,0
-0.986736,0.282114,1
0.444663,-0.173158,0
-1.729235,0.480636,1
0.320918,0.155138,0
-0.981443,-0.044102,1
1.081163,0.093317,0
-1.283191,-0.236608,1
1.046007,-0.104105,0
-1.854376,0.744359,1
1.900531,-0.588721,0
-1.308476,-0.360677,1
0.980169,0.209155,0
-0.299973,-1.964813,1
0.181818,-0.793238,0
-0.743999,-0.445949,1
2.580674,1.242572,0
-0.398188,-0.458300,1
0.942806,1.171240,0
-0.512215,0.364404,1
-0.007268,0.614191,0
-1.210054,-0.742445,1
0.488090,0.279336,0
-0.708761,1.091687,1
1.010402,0.654018,0
-0.387824,0.624441,1
1.791799,0.211006,0
-0.768235,-0.633175,1
0.683161,-1.100441,0
-0.958571,0.955092,1
0.615504,-0.288378,0
-1.103067,-0.337564,1
0.977365,0.424114,0
-0.436753,0.039066,1
1.024626,0.924749,0
0.381145,-0.374197,1
1.119169,0.601208,0
-1.527259,0.186922,1
1.563390,-0.753712,0
-0.633981,0.681329,1
0.347554,1.309442,0
-0.548437,-0.868579,1
1.696083,-0.203665,0
-2.169126,-1.331358,1
2.087134,-0.846957,0
-1.430689,-0.460302,1
0.964485,-0.554772,0
-1.243935,-0.856592,1
-0.199404,-0.005471,0
-1.173405,0.820553,1
0.718673,-1.012104,0
-2.801957,-0.034393,1
0.073389,1.323375,0
0.716149,0.950091,1
-0.861806,-0.640970,0
0.487901,0.256316,1
1.788433,1.518607,0
-1.091078,-0.532475,1
-0.265131,1.166768,0
-0.483173,-0.819550,1
0.816880,1.029497,0
0.082032,0.091082,1
1.322903,0.234721,0
-1.303229,0.337732,1
0.999809,-1.310606,0
-2.205564,1.826595,1
1.077210,-0.768573,0
0.225991,2.167851,1
0.535928,-0.631683,0
-0.923200,0.573863,1
0.725245,0.089396,0
-0.209165,0.559078,1
0.199278,-0.116246,0
0.820634,-0.214332,1
1.901480,0.472508,0
-2.662545,0.282037,1
0.019932,-0.842136,0
-0.951330,-1.201872,1
2.225511,0.014480,0
-0.498274,1.018579,1
1.230213,0.528559,0
-1.072415,-0.192870,1
1.340444,0.103952,0
-1.475727,0.559781,1
0.972502,-0.038351,0
-1.461355,-0.038655,1
0.751375,-0.037326,0
-1.848338,0.278239,1
0.826069,0.085304,0
-0.471861,-1.690971,1
0.636325,0.437332,0
-1.638484,-0.743219,1
-1.272245,-0.996840,0
-1.097621,-0.253964,1
0.472629,-1.459397,0
-1.632014,-0.560050,1
0.190113,0.393468,0
-1.471632,-0.901697,1
0.058653,1.307340,0
-1.315747,0.829565,1
1.568491,-0.281927,0
-1.186514,0.685731,1
1.847064,1.894859,0
-1.524122,-0.598715,1
1.272294,0.456375,0
-1.237028,-0.112957,1
1.739399,0.282870,0
-1.884618,0.342048,1
1.133509,-0.742481,0
-2.090433,-0.347774,1
0.580784,0.118582,0
-2.212287,0.924934,1
2.200538,0.503261,0
-0.495723,0.121340,1
0.743617,0.493475,0
0.151356,-0.493409,1
1.131651,-0.897586,0
-1.644218,0.100276,1
1.129392,0.326823,0
-1.056627,-0.677226,1
1.230631,-0.328116,0
-1.388392,-0.721065,1
1.181235,-1.184658,0
-1.742451,-0.885535,1
1.224461,0.219857,0
-1.251921,0.696141,1
-0.277999,-0.258427,0
-0.686200,0.879346,1
0.381449,-0.205698,0
-0.020092,0.292866,1
2.486462,-0.683174,0
-1.456545,0.605715,1
1.633153,-0.012011,0
-0.997593,-0.385195,1
1.534694,1.705203,0
-1.626231,-0.876171,1
0.903934,0.902716,0
-0.978822,0.745450,1
1.788512,0.217610,0
-0.848618,-0.225561,1
0.584458,-0.685198,0
-1.203347,0.469376,1
2.259722,-0.820606,0
0.425255,0.707602,1
0.460150,0.079655,0
-1.338223,-0.840824,1
1.071545,0.187562,0
-1.509244,-1.050293,1
1.572974,0.093561,0
-0.021253,0.067340,1
1.953822,-1.728178,0
-0.649819,0.171544,1
0.513777,0.018411,0
-1.894840,-1.437975,1
0.698186,1.450842,0
-1.300897,0.038047,1
2.104869,-1.680879,0
-0.777809,-0.287474,1
-0.482943,-1.252620,0
-2.176280,-0.982182,1
1.302545,0.545435,0
-0.084490,-0.678890,1
1.669513,0.181804,0
-1.223604,0.000183,1
0.353043,-0.676499,0
0.455368,0.801797,1
1.610124,0.957375,0
-2.844484,0.751588,1
0.264349,0.575277,0
-1.104446,-0.258837,1
1.169321,1.163664,0
-1.058466,1.669450,1
1.016571,-0.045405,0
-0.348167,0.283093,1
0.293861,-0.070317,0
-0.916942,-1.671986,1
-0.573329,-0.386684,0
-2.255138,-0.354121,1
0.643422,0.678349,0
-0.256305,0.900861,1
0.925958,-0.388368,0
-0.369541,-0.892047,1
1.237677,0.433412,0
-2.237742,-0.450528,1
1.514527,-0.083782,0
0.928653,-0.452103,1
0.254337,-0.166499,0
-1.408184,-0.312624,1
0.443476,-0.580289,0
-1.582551,0.509937,1
2.546643,-0.006944,0
-0.155985,0.162614,1
0.018029,0.128573,0
-0.041586,0.257868,1
0.327664,-2.007313,0
-0.768093,-0.067771,1
1.956080,-0.475325,0
-0.317179,-0.143227,1
0.812047,-0.130929,0
-2.737341,-1.568534,1
0.687160,-1.738046,0
1.057743,-0.935558,1
2.172623,-0.267429,0
-1.632228,-1.114936,1
0.210568,-0.719860,0
-0.036418,-0.289029,1
-0.159382,-0.722457,0
-1.630765,0.267026,1
-0.259028,0.446495,0
-0.867489,0.924313,1
0.820365,-0.020469,0
0.805180,0.112147,1
0.740688,-0.412492,0
-1.525628,0.658950,1
1.410539,-0.917324,0
-1.346844,0.920108,1
1.640795,-1.375476,0
-1.362181,1.082444,1
1.747559,-0.140437,0
-1.507474,1.037251,1
0.533892,0.594550,0
-0.600089,-0.632571,1
-0.543574,-0.009201,0
-1.709358,0.811180,1
1.890703,-0.675912,0
0.366391,-0.769642,1
1.913193,0.194921,0
-1.240312,0.830675,1
0.973627,0.851640,0
-0.909300,0.507661,1
2.236370,-0.367303,0
-0.052525,1.312308,1
1.413941,-0.500765,0
-0.228813,0.457219,1
0.588026,-0.023435,0
-0.989378,0.099658,1
0.550454,-0.541593,0
-2.594666,-0.124113,1
1.842465,-0.562923,0
-1.053664,-0.369486,1
1.444693,0.937122,0
0.815113,0.421353,1
0.113274,0.674738,0
-0.231970,0.144135,1
2.526548,-0.199143,0
-0.500958,-0.837164,1
0.015049,-1.169487,0
-1.535337,-0.051458,1
1.585961,-0.078845,0
-0.494636,-0.174854,1
0.871656,-0.570240,0
-1.176204,-0.144564,1
2.625993,1.462098,0
-1.386821,0.501940,1
0.538492,-1.094294,0
-2.533781,0.264615,1
-0.032326,-0.995136,0
0.247117,-1.144633,1
-0.181131,1.107819,0
-0.718288,-1.082724,1
1.785431,0.208736,0
-1.871896,-0.333320,1
0.821514,0.559948,0
-1.363685,0.438771,1
1.124779,-0.579534,0
-1.552828,1.437411,1
1.743067,0.314132,0
-0.760680,-0.267457,1
2.227316,-0.784955,0
-2.521777,0.819126,1
1.850111,0.998203,0
-1.103705,0.208812,1
-0.308328,-0.252879,0
-0.398376,-0.121776,1
0.393537,0.369573,0
0.340775,0.451971,1
-0.077919,-0.014013,0
-0.716933,-0.630841,1
1.717098,-0.492988,0
-0.065588,1.538647,1
0.952214,0.111396,0
-0.905241,-1.159104,1
0.595701,0.079024,0
-2.353957,-0.076719,1
-0.240235,0.537957,0
0.129613,-1.051220,1
-0.663544,-0.819856,0
-2.600439,-0.378380,1
1.617018,-0.772003,0
-2.008475,0.283580,1
1.297999,-0.001753,0
-0.732426,-0.227864,1
1.835883,0.189078,0
0.371995,-0.038322,1
0.748761,-2.352995,0
-1.591881,0.361525,1
1.899227,-0.591063,0
0.504343,0.258645,1
-0.289909,0.829631,0
-0.517460,2.474323,1
2.240773,0.121361,0
-1.652327,1.546673,1
0.863029,1.649533,0
-0.889219,1.239013,1
2.169955,-0.805068,0
-1.944994,-0.685224,1
2.077248,0.809746,0
-2.499325,-0.912399,1
-0.038835,-0.112040,0
-1.110028,0.148717,1
1.123360,0.379537,0
-0.390196,-0.294371,1
0.981460,-0.110946,0
-1.517486,-0.372306,1
0.540633,0.113858,0
-1.217435,1.079828,1
