1.089356,1.098906,0.189273,-0.595641,-1.113079,0.587794,-0.213526,-0.870542,0.266209,-0.549830,-0.499840,-0.127924,0.544867,0.814795,-0.268864,-0.785212,-1.637325,0.587702,-0.547522,0.009560,-0.299883,-0.046433,0.450992,-0.340270,1.088004,-0.168211,-0.767680,1.861242,0.008250,0.362019,-0.633324,1.329694,0
-2.008248,1.691273,-0.365576,-0.160102,-1.249879,-0.021991,0.985621,-0.206917,-0.108455,-0.119956,0.381505,-0.619907,-0.640212,-0.091224,1.063246,-1.315595,1.071739,0.605010,-1.717445,-0.398486,-0.475672,0.364455,-1.154124,-0.782272,0.677660,-0.332753,-1.662094,-1.241097,-0.016834,-1.375255,0.046550,-0.336536,1
1.210044,-0.033306,-1.836001,-1.542667,0.722827,-1.484640,0.248745,1.166862,-0.432139,-0.827218,-0.095854,-0.063842,-0.481109,0.035319,-1.011874,0.981793,-0.006583,-0.562066,-0.651607,-0.283643,0.250552,0.788995,-0.840833,-0.663363,-0.853988,0.439413,0.232012,-0.767307,-0.091800,-0.255782,-0.432416,-0.254350,0
0.192680,-0.185135,-1.278826,1.162076,0.216813,1.473776,-0.368974,0.480377,-0.633272,-0.249602,-0.976803,0.253464,-0.024096,0.272775,0.792066,-0.918212,-0.731046,0.119378,-0.968844,1.040256,0.139226,0.134290,-0.302293,-0.325106,0.388528,-0.806205,-1.159224,1.145985,0.056980,-0.092922,0.206374,0.541239,1
0.182096,0.125425,-0.511472,0.264603,-1.131116,-1.469393,-0.126590,-0.001864,0.240934,-0.431571,-0.286036,-0.449825,-0.546474,-0.053573,-0.315665,-1.152381,-0.534999,-0.120130,1.248689,-0.905607,0.135154,-1.377348,-0.119566,0.742303,-0.137656,-0.444522,-0.310836,-0.204825,-0.801691,1.346407,-0.878310,0.176112,0
-0.692954,0.523168,-0.372171,-0.376764,-0.557462,-0.570509,0.017375,-0.225778,-0.232136,-1.004210,1.246652,-0.506137,-0.052468,1.408684,-0.707930,-0.227371,0.348032,0.054423,-0.967862,0.084106,0.757900,1.014152,0.704896,-0.123766,-0.524358,-0.620838,1.042493,1.318570,-0.739623,-0.367018,-0.544060,-0.327390,1
1.680784,0.879850,0.701641,-0.506775,1.280210,-0.040718,-0.474157,-0.862448,0.322273,-0.417009,-0.335355,-0.013390,-0.059479,-0.103166,-0.357736,0.120270,-0.702578,0.344074,0.504181,-0.550035,-0.697236,-0.356160,0.184119,-0.319146,-1.601542,0.741605,-0.051849,-0.292592,0.637579,0.353180,-0.524677,-1.493556,0
-0.645314,-0.863068,1.502989,0.089344,0.463058,0.388933,-2.488419,0.702628,-0.100230,-0.690088,-0.088362,0.500005,-0.132523,1.193680,-0.287440,0.893937,0.340956,1.129402,-1.328035,-1.133440,-0.137882,0.278221,0.142755,0.112301,1.139207,1.562767,0.251760,-0.209053,1.064708,-0.457738,-0.328537,1.046433,1
0.958683,0.102099,0.583612,1.168106,-0.661603,-1.415151,-0.150310,0.151602,0.779133,-0.289034,0.452852,-0.276776,-2.340679,0.673034,0.613283,1.214430,0.222677,-0.347067,0.017860,-0.946220,-0.909412,1.042211,0.602357,1.788785,-0.340151,1.048802,0.901441,-0.622094,-0.455194,-1.189043,-1.654594,0.123759,0
-2.242069,-1.163971,0.866125,0.639199,-1.244939,0.375515,1.375084,-0.970508,-0.685251,1.197607,0.831324,-0.131565,0.550263,0.718358,0.500342,-0.569916,0.529969,0.834376,-0.958152,1.694746,-0.606910,-0.898722,-1.287688,0.030788,0.588102,0.730773,-1.222178,0.489300,0.456118,-0.024404,0.367922,-1.484708,1
1.028161,1.531199,-0.155807,0.979174,0.007602,-0.466432,-0.207453,0.460504,-0.147839,1.745397,-1.400071,0.527100,-0.454146,0.195873,-0.734850,1.132456,0.548280,0.833733,-0.097851,0.667495,-1.848695,0.637141,-0.308929,-0.726709,0.745871,0.311523,-0.863376,0.182350,0.724098,0.537570,-0.076051,-0.411212,0
-0.475671,-0.068298,0.129684,-1.127653,-0.142380,0.306038,-1.427192,1.258509,-0.235171,-0.928208,-0.741782,-0.175096,0.301792,0.438567,0.910201,1.075529,0.336515,0.511746,0.161879,0.215251,-1.175946,-0.172437,-0.408368,0.669009,1.464917,0.423003,-1.068611,-0.290323,1.208705,0.152226,-0.041989,-0.396002,1
0.863793,-1.063910,-0.721668,0.394998,-1.055802,-0.604015,-0.383596,0.611971,0.350846,-0.327543,0.303682,-0.057333,0.003076,-0.514327,-0.672065,1.318012,-0.508491,0.576674,1.431280,0.540272,0.234924,-0.318371,0.532434,-0.987347,0.624169,1.335591,-0.798755,1.169214,1.037285,0.519581,1.491972,-0.443882,0
-0.934680,-0.937437,-0.126061,0.364779,0.225610,-0.170866,-0.615495,-0.021217,1.410904,-0.403714,0.491291,0.091617,1.408318,0.569440,-0.812541,0.137414,-1.059525,-0.464674,0.085644,-0.736186,0.119267,0.673814,-0.590683,-0.414027,0.698694,-0.015625,1.025014,-0.296124,1.478185,0.567536,1.583854,0.155296,1
2.317323,-0.285902,0.053864,0.326089,-1.026093,0.789973,-1.764652,0.869079,0.146004,-1.319701,-0.577499,0.454123,0.591243,-0.056543,1.292160,0.726923,-0.741765,-1.029877,-0.503772,-0.242622,-0.872455,-0.211797,-1.060844,-0.838938,-0.989625,0.723284,0.909332,0.464090,-0.799160,0.618611,-0.563665,0.267537,0
-0.935207,1.147379,0.027437,0.464968,-0.337306,0.352743,-0.193316,0.768651,0.706068,-0.670606,-0.226935,0.391916,-1.642656,-0.015925,0.046818,-1.022582,-1.223091,-0.444324,0.597678,-1.681571,1.787589,-1.240259,-0.250709,-1.170395,-0.636304,-0.026941,0.880830,-0.004250,0.925805,0.442186,0.124422,0.897995,1
0.566194,0.786494,-0.516665,-1.372989,-0.474954,-0.710292,0.621879,-1.114918,-0.619253,-0.824068,1.008455,0.461096,0.169072,-0.177947,0.119227,0.127752,1.604519,-0.510056,1.145016,0.474756,1.401673,1.995258,1.079064,0.689652,0.911384,0.761065,0.922969,0.432636,0.835868,-1.432961,-0.106281,0.352014,0
-0.967534,0.023284,-1.244780,0.644534,-0.332179,-0.038967,-0.422107,0.083268,0.764778,0.373617,0.444024,-0.112900,-0.567957,0.977024,1.419669,-1.473283,0.666611,0.001410,-0.835317,-1.497645,0.789243,0.467349,0.730711,1.247326,0.997906,-1.492496,0.135640,0.465785,0.119341,0.243709,0.422037,1.570039,1
1.148227,-0.151064,-1.402402,0.640714,1.557656,-0.848308,0.282334,-0.057193,0.518233,0.274030,1.493929,-0.547491,-0.359226,-0.230418,-0.068969,-0.143561,-0.212935,0.332552,-1.357931,0.319418,0.672213,-1.225106,0.295547,-0.444670,0.264637,0.569237,0.633601,0.807943,-0.628746,0.568552,0.030008,-0.461024,0
-0.262888,-1.006926,-0.309052,0.481014,-0.816798,-0.206977,0.567311,1.197280,0.828947,0.218697,0.384036,-0.064157,0.358095,0.892135,0.622051,0.862789,0.413731,-0.142430,0.563243,-0.656948,-0.044955,0.520635,0.566236,0.431399,0.683226,-0.773191,-2.073222,-1.008235,-0.241179,0.140977,0.074265,0.567557,1
-1.248719,0.548701,-0.308222,1.827109,-0.236983,0.081826,-0.147484,-0.247213,-1.213383,-1.346614,0.293441,-0.377768,0.468252,-0.184088,0.626171,0.921401,-0.561214,0.727045,1.237843,0.253386,-0.810553,0.225335,-0.429071,0.420691,-0.636948,0.018363,-1.080466,-0.719479,-0.889689,0.524132,-0.206219,1.059663,0
-1.246571,0.512772,-0.268463,-0.341638,0.373222,-1.078500,-0.332226,0.215704,0.221910,0.261719,0.372455,-1.054657,-0.269301,1.083802,1.101922,0.026822,-0.961939,0.101644,-1.235663,0.603856,-0.388884,1.346338,1.461659,-1.160177,0.514110,-0.573955,-0.323091,1.198594,0.059718,-0.470207,-1.301740,-1.492474,1
0.293135,-0.240041,0.602253,-0.501252,-1.012386,0.258008,0.915058,0.115569,-1.300720,-0.718601,1.167776,0.694997,0.349885,0.557930,0.570119,0.201406,-0.201094,-0.637477,-0.114657,0.133481,1.432275,0.672168,-0.457500,-0.639118,-0.274336,0.225725,-0.026634,1.406940,-1.361801,2.427085,0.256727,-1.382825,0
-1.945704,-0.268382,-0.178545,0.201435,-1.076035,0.035900,0.680764,-0.621598,-0.491048,-0.113373,-1.054944,-0.391423,0.370099,-0.306488,-0.328060,-1.815926,0.152990,0.258672,-0.906728,-0.817839,-1.676404,-0.265390,1.341638,0.865595,-0.993887,0.409183,-0.058667,0.669579,-0.222745,0.134963,0.705001,0.314491,1
0.813725,0.602763,0.236126,0.088021,0.285056,0.155452,-1.340400,0.540999,-0.457283,-0.524898,0.725105,-1.166831,-0.775092,-0.675979,-0.678336,-0.189291,-1.006597,-0.332700,-0.240736,-0.159616,0.515596,-1.199717,-0.204333,-0.628425,0.828934,-0.821037,-0.419990,0.217218,-0.003353,0.285895,-0.416303,-1.108475,0
-1.315349,-1.196036,-0.415808,0.747739,0.805237,0.145615,0.476511,0.421067,-0.020440,-0.300119,-1.449392,-0.071814,-0.092984,-0.212307,-1.066119,-0.379184,0.272448,-0.129539,0.106426,0.643221,-0.124835,0.581385,0.099085,-0.166270,-0.005584,1.098645,0.420875,-0.699696,-0.720406,0.906680,-0.260654,-1.230281,1
1.128153,-0.353041,-0.586188,1.529745,-0.011001,-0.647604,0.657163,0.092139,0.537161,0.636484,0.281004,-0.820159,-0.401332,0.973179,-0.373571,-0.796918,-0.656163,-0.328954,0.774132,-0.027497,-0.562530,-0.461415,-1.402560,-0.616282,0.909310,-0.525193,-0.330748,0.411377,0.863922,1.140313,-0.367952,-0.262623,0
-1.132877,0.072586,0.490148,-0.346276,0.097186,-0.579941,0.063468,-0.185761,-0.921776,-0.160732,-0.490114,-0.001054,0.191553,-0.214127,0.439405,0.185851,1.669823,0.614713,0.311115,1.806074,0.507119,-0.744001,1.487435,0.285509,-0.495787,1.026160,-0.075977,0.815737,0.674707,0.527677,0.269210,0.912149,1
0.268306,-0.712664,1.252870,0.098873,-0.442432,0.212960,1.712515,-0.571686,0.228609,-1.148119,0.706675,-0.071564,-0.062618,-1.040561,-0.045619,1.054744,-0.021165,-0.209362,0.748510,0.479885,-1.020822,-0.107132,-0.061805,-0.278882,-0.156688,0.279839,-0.321342,-0.191828,-0.197202,-0.157605,0.066035,0.236860,0
-1.572599,-0.109449,0.724818,0.233114,0.089223,0.369776,0.836308,-0.835668,-0.318340,-1.378755,0.520206,1.540180,-0.659620,-1.456555,-0.056970,-0.321234,1.440735,0.263304,-0.021147,-0.232027,-1.074375,1.059731,0.617628,-0.532215,-0.573822,0.196544,0.045069,0.878465,0.240447,-0.071500,-0.527042,1.264302,1
1.234662,0.695596,1.300876,-1.523117,-0.630232,-1.016604,0.508071,-0.151260,0.063087,-0.130525,0.278617,-1.027889,0.388744,2.158662,-0.702949,1.535283,-0.099093,-1.267888,-0.617892,-0.437699,-0.648160,-0.631399,-0.013088,0.882409,-0.242300,0.807206,-0.156980,-0.664792,1.184764,-0.727151,-0.268428,-0.455767,0
-1.022838,-0.789749,-1.323977,-0.078823,-0.701771,-1.106017,-0.464556,0.791059,0.277866,1.525803,-0.128847,1.629986,0.186527,-0.263386,-0.926333,0.355955,-0.476271,1.143145,-0.704009,0.385625,1.089276,-0.257150,0.070434,-0.449227,-0.126089,-0.696441,1.305155,-0.524771,0.145952,-0.909891,0.411309,-0.393562,1
0.984370,0.620704,0.367426,0.189874,-0.199022,-0.193985,1.203368,0.083893,-0.261157,-0.750951,-0.266083,1.243734,0.235180,-1.935724,0.540274,0.189807,0.459097,-0.038346,-1.253849,0.319813,0.880958,-0.814926,-0.180239,-0.002413,-0.895381,-1.392053,-0.736216,0.721323,-0.270347,0.036819,0.381749,0.584437,0
0.083173,-0.556086,-0.619006,-1.096498,0.904744,-0.196660,1.075334,-0.369267,-0.728740,-0.529634,-0.292346,-0.087855,0.239813,-0.500204,0.329314,0.590956,0.250588,-0.727864,-0.331083,-0.270965,-0.023945,0.516518,-0.206787,-0.432197,-0.180587,1.144624,-0.730852,0.839576,0.068033,-0.099714,-0.619405,0.101268,1
0.490775,-1.526214,1.306709,-0.152349,-1.153898,0.083693,0.156644,-1.365530,1.506820,-0.045044,-0.638371,-0.055638,0.080256,0.459523,0.619907,-2.184453,0.324003,-1.483418,1.305475,-0.637061,-0.249248,-0.609696,-0.328589,-0.251876,0.930195,1.134365,-1.363658,-0.415797,0.313036,0.164833,0.492894,-0.753128,0
-2.144613,0.235874,0.647175,0.223902,0.553628,-0.818461,-0.398795,-0.335160,0.360211,0.810088,1.155880,0.477432,1.773162,0.044294,-1.149326,1.223349,-0.001632,-0.230657,0.225754,0.515742,-0.142159,-0.745477,0.172975,-0.635113,-0.475226,-0.691093,-0.296466,-1.226815,0.167580,-0.035398,-0.470882,-0.499254,1
2.247619,-0.132196,0.838949,-1.319041,-1.194876,-0.221620,-0.767972,-0.047507,-0.866855,-1.429716,-0.263958,-0.359447,-0.708491,0.281864,0.201796,0.941472,-0.138647,1.153071,0.603331,-0.662773,-0.551000,1.271752,-0.653414,0.614219,-0.141844,-0.389952,0.574268,-0.873618,0.966747,-0.039994,-0.225644,-0.696526,0
-0.888271,0.258890,1.129647,0.593272,0.548159,0.070365,0.894415,-0.035722,0.515788,-0.147309,0.242547,0.491115,1.207388,0.375153,-0.657043,1.931094,-0.634738,0.101866,-0.396526,0.090509,-0.293219,0.314305,0.611602,-0.528654,0.372862,0.781519,-0.926303,0.890789,-1.934788,0.612678,1.127147,-0.110861,1
1.704176,-0.022961,-1.029926,-1.485444,0.525617,-0.914900,0.779060,0.537057,0.193314,-1.229347,0.554342,-0.775420,0.513405,-0.314241,-0.710730,0.336321,1.380248,0.298720,-1.270787,-1.658165,-1.277698,-0.300220,0.493852,0.696633,-0.326879,0.076174,-0.296419,0.317885,0.146395,0.775161,0.024781,-0.046396,0
-0.592902,0.459430,-1.174791,-1.244946,0.233355,0.371877,1.031295,1.295278,-0.129630,0.408747,-0.166075,-0.107955,0.976772,1.814739,-0.133654,-0.060668,-1.897779,0.736691,-0.076874,0.120745,0.088186,-1.436237,-1.187983,0.524689,-0.103361,1.538271,1.546374,-0.717286,-1.356846,-0.036621,0.154028,-0.657044,1
-0.540799,-0.052685,-0.686666,1.095486,0.662013,1.520160,-0.034426,-1.239020,-0.580396,0.003800,0.534450,0.535329,0.059540,0.586912,0.703094,1.474092,0.854308,-0.713380,0.181250,0.019169,-0.496227,-0.529520,-0.507303,0.339780,0.536072,-0.095489,0.066051,-0.239788,0.301052,0.973073,-0.744974,0.736901,0
-0.321640,-0.800145,0.222740,-0.006371,-0.953706,-0.179165,0.335042,-0.279070,-1.233331,0.070616,0.320719,0.695266,0.294286,-0.100095,0.001720,-1.074911,0.056174,-0.125788,0.746863,-0.375149,0.343138,-0.509688,0.023599,0.554392,0.436831,-0.132931,1.198583,0.502985,1.185521,-0.736090,0.061718,-0.171957,1
0.818129,-0.543742,-0.045871,-0.214375,0.077003,1.067059,0.486809,0.889741,-0.288275,0.306830,-1.229259,-1.384455,0.384618,-1.294314,0.885062,-1.249727,0.375792,0.259588,0.355944,0.453160,-0.789426,0.448665,0.923944,-0.189240,-1.682601,0.715007,0.926950,0.473451,1.113441,-0.279255,0.325854,-0.821687,0
-1.102123,1.014000,-0.021165,-0.476468,-1.215472,0.666588,-0.937899,-0.035009,-0.465652,-0.336663,0.982239,-0.387329,-0.322245,-1.251447,0.361971,-0.497003,0.121778,0.127179,-1.546343,0.627252,1.572132,-0.810002,-0.922952,0.319435,1.261688,-0.527257,0.153527,-1.251929,-1.478326,-0.791796,-1.159702,0.268513,1
1.118572,-0.312860,0.411567,-0.692837,0.483223,-1.580100,-1.086972,-0.969071,-0.349992,1.300166,0.579099,1.223216,-0.262928,0.459244,-0.041346,0.878922,0.116351,0.428665,0.050861,0.595220,-0.634580,0.870697,-0.604187,0.018494,-0.159400,0.051326,-1.326269,-0.013294,-0.455555,-0.858731,1.508713,-0.570971,0
-0.209057,0.373994,0.679626,0.186269,-0.280806,-0.337257,0.222901,1.464474,-0.142416,-0.974597,0.573049,0.870231,-1.420505,1.041255,0.077169,0.313494,1.470264,0.111568,0.121079,0.209384,-0.666516,-0.147367,-0.288625,-0.495055,0.809893,0.431627,0.151554,0.524434,0.401829,0.595830,0.257926,1.655905,1
-0.240721,-0.521443,0.357436,-0.241098,0.352000,0.768993,0.288153,0.011287,-0.047004,1.219922,0.789475,0.653777,0.030927,-0.533269,1.756690,0.733442,-0.647022,1.937431,-0.513747,0.781994,-0.877096,-0.636756,-0.017849,0.855987,1.115923,-0.122241,1.146970,0.332207,0.649363,0.730334,0.235776,1.274659,0
-0.293875,0.620365,-0.531337,-0.305457,-0.133451,-0.278934,0.120732,-0.738610,2.417747,-0.369930,0.340964,0.286745,-0.230598,0.508425,-0.650836,0.579668,0.012472,-0.688859,0.376136,0.846905,0.034152,-0.424777,-0.101800,-0.239990,1.337012,1.453984,0.521680,0.443019,0.879127,-1.151039,-0.779697,0.603279,1
1.344992,0.331184,-1.360362,0.029970,0.230060,0.880235,0.421750,1.199376,0.044258,0.632083,-0.213191,0.671097,-0.385931,-0.842144,1.017022,1.087093,0.643472,0.232495,0.017788,1.297141,-0.400208,0.325485,0.484370,-1.050924,1.444815,-0.226864,-0.328701,0.469626,1.012822,0.146924,-0.495697,0.122121,0
1.148996,-2.109116,0.158633,0.107818,-0.280328,-0.046143,-0.127868,0.527799,0.126195,0.178224,-0.054934,-0.206522,-0.977918,-0.047626,0.497258,0.193865,1.709527,0.284752,0.153259,0.380982,-0.097214,0.311319,0.736356,-0.185100,-0.846327,1.618346,-0.814687,0.233304,-0.592269,-0.536448,0.597250,0.470045,1
0.037430,0.304539,-0.136296,-1.969499,1.107873,0.624725,-0.705089,0.094058,0.676847,1.373090,0.007918,-1.230668,-0.866252,0.216259,-0.425360,1.786496,-0.406554,0.590540,1.936144,-0.588310,-0.239919,1.216692,0.709149,1.320949,-0.914673,0.121519,-1.074301,-0.860978,-0.164788,-0.369647,-0.472981,0.434148,0
-1.942356,1.178135,-0.021752,1.128836,-0.761409,-0.375503,-1.138796,-1.556525,0.451252,1.084040,-1.181674,-0.093198,-0.918132,-0.056544,1.169634,-0.364077,0.276623,0.767805,-0.575094,-0.405673,-0.243034,0.422809,0.685028,-1.312011,0.392939,0.441038,-0.156102,0.264917,-1.305642,0.257058,-0.442246,0.660505,1
1.901068,-0.649623,-0.365291,0.157375,0.500403,-2.000785,-0.616586,0.977364,0.413697,-0.850956,0.607017,-1.456482,1.327253,-0.726141,0.768449,-0.370020,0.467665,0.577379,0.130526,0.199334,0.157699,-0.262374,0.673748,0.356687,-0.978758,1.047386,0.129351,1.204802,-0.148343,0.226589,-0.777212,0.684767,0
-0.398314,-0.827715,-1.133682,-1.157143,1.260639,-1.644734,0.170014,0.347536,1.436783,0.432163,0.314072,-0.938321,0.625960,-0.376856,-0.189283,0.511921,-0.039444,0.631055,0.856472,0.458144,-1.510475,-1.133714,-0.280559,0.719021,0.941125,-0.302181,0.775560,0.909616,0.677775,-0.308913,-0.084241,-0.390571,1
0.752405,0.505640,-0.798618,-1.862469,0.791464,-0.171874,1.547193,0.646685,-0.287724,-0.332494,0.334259,-0.877367,-0.398778,0.125096,1.045106,-0.551536,-0.788524,-0.399204,1.300168,0.666441,0.055219,-1.082909,-0.492561,0.381298,-0.555683,0.156965,1.387389,0.656664,-1.095402,-0.662806,-0.293244,0.644355,0
0.213624,0.673684,-0.090803,0.686175,-1.608592,0.330407,0.641905,0.311389,0.377610,0.392348,0.152361,-0.372832,-0.641608,0.731945,0.589248,-0.019770,1.163914,0.048697,-1.194097,0.661731,-0.577260,-0.228943,-0.944455,0.239829,1.740387,-0.505863,-0.234073,-1.205949,-0.301593,-0.946043,0.421411,0.054953,1
1.723030,-1.019479,-0.267347,0.534189,-0.356803,0.453074,1.480769,-0.129740,1.344744,0.495853,-0.537569,-0.684746,-0.090993,-0.932075,1.533749,-0.244543,-0.515717,0.082260,0.417324,0.847521,-0.182766,0.229926,1.401972,1.312367,0.310428,-0.711173,0.332795,0.779404,0.502788,-0.984376,0.590308,-0.711362,0
-2.651610,1.156053,-0.796775,0.430479,1.400912,-0.797267,0.639909,-0.439193,0.686583,0.529076,0.965873,0.139346,-0.933277,0.265280,-1.231785,-0.513063,0.577195,-0.601501,-0.941947,-0.477082,-0.043564,1.212031,0.775088,0.894098,0.915711,0.448604,-0.259664,-1.183843,0.281661,-0.201477,0.208680,-0.122409,1
0.997070,0.307593,-0.048509,-0.587710,-0.795751,-1.589709,0.506137,0.119929,0.505279,0.116504,-0.546917,-0.765317,0.031327,-0.140043,-0.091226,0.211674,0.697599,-2.349156,1.488320,-0.361789,-0.028614,0.842308,-0.047230,0.383410,-0.264773,0.607733,-0.636187,-1.158156,1.176343,0.410739,-1.071667,-1.117781,0
-1.404879,-0.673634,0.163026,0.842352,0.504671,1.154725,-1.268530,0.431525,-0.896293,-0.170703,0.236048,0.560935,1.860662,0.075514,-0.648927,-1.498441,-0.092410,-0.455606,-1.040203,0.510621,0.924065,0.436887,0.478458,-0.918563,0.426283,-0.051704,-0.567626,-0.636825,0.075421,-1.101707,0.203246,0.137960,1
0.824189,0.844623,0.520723,-1.123835,-0.052406,0.239733,-0.412426,0.084109,-0.184692,-0.411735,-1.398219,0.120380,-0.443282,0.445046,-0.223524,-0.824313,-0.838356,1.276300,1.612192,0.967284,0.266569,0.457582,0.638894,0.997361,0.792606,-0.021765,0.199028,-0.537633,1.218236,-0.176110,0.088575,0.100214,0
-1.301836,-1.269826,0.860088,0.953592,-0.215979,-0.908411,-0.236348,0.581013,0.978791,-0.942487,-1.233269,-0.382651,-0.108294,-0.003707,-0.430525,-0.319174,0.921069,0.495558,1.833682,0.320649,-0.947663,-0.761224,-1.442219,-0.247907,1.780396,-0.639413,-0.161284,0.649224,-0.253641,-0.385017,0.343945,0.078104,1
1.779569,0.250850,-0.321700,-0.505073,-0.068147,-1.219064,-0.012065,-0.759842,-0.958922,-0.495583,0.462512,-0.544208,0.116030,0.360942,1.162005,-1.087105,-1.036903,1.561627,0.050534,0.167185,0.387512,0.807323,-0.394105,0.717023,-0.214010,-1.275293,0.266830,0.996625,-0.345935,0.009327,0.205273,-0.952251,0
-2.334708,-0.703276,0.018726,-0.352563,0.050805,-1.104920,0.792958,1.700538,-0.476818,-0.444540,0.048849,-0.155048,-0.367483,0.620814,-0.280349,-0.199391,-0.754429,-0.313454,0.539942,-1.683694,-0.069137,-0.669966,0.213192,0.570896,0.174388,-1.836021,0.084868,-0.417735,0.347595,0.063462,-0.031456,0.576082,1
1.364574,-1.083864,-0.345815,-0.358599,-0.106707,0.699130,-0.555062,0.599481,0.405300,-0.502093,0.627783,-0.328729,-1.451155,-1.121117,1.084627,-0.389555,-0.639690,-0.479351,2.262128,0.664634,0.225274,1.668207,-0.433532,0.165170,0.624857,1.157749,-1.484823,-0.684438,0.983451,-0.145695,-0.186967,-0.337557,0
0.734261,0.633178,0.190372,-0.818784,-0.301282,-0.180836,-1.507362,-0.733095,-0.136451,-0.181124,0.494359,0.000376,-0.410729,-0.746919,0.903599,0.130824,0.828131,0.256901,1.433502,-0.293385,-0.898188,-2.199828,-0.046574,1.233104,-0.961928,0.025904,-0.457823,0.803989,0.821720,-0.989033,0.495970,1.836147,1
-1.218799,0.315151,0.368091,-0.330749,0.242415,1.773984,-1.108299,-1.509708,0.698693,0.205569,-1.147945,-0.228824,0.319887,-1.166590,-0.071555,-0.108460,-0.453708,0.002970,0.421844,-0.299389,-0.655128,-1.025374,2.598665,0.870260,-0.226653,-0.495190,-0.096204,-0.046496,-0.254767,-0.869049,0.160730,0.535422,0
-1.706134,-0.433088,0.388093,-0.108032,-0.700071,1.259272,-0.012664,-0.627209,-1.179714,-1.525795,-1.467675,-0.590244,0.503574,-0.074112,-1.083849,-0.850626,-1.801399,-0.276872,0.562773,-0.985505,-0.129639,1.586558,0.118070,-0.732282,-1.848110,0.078755,-0.367099,-0.565096,-0.051972,0.429231,-0.923987,-0.802292,1
0.205503,0.114640,-0.253130,-0.025185,1.019689,1.574945,0.742851,-0.087966,-0.723647,0.837441,0.109966,0.265499,-0.767234,0.483712,-0.215987,1.227377,0.697300,-0.661796,-0.742380,-0.541855,0.626459,-0.536029,-0.298904,1.130149,-0.030050,-1.523292,0.358309,-0.871001,-1.109495,1.297419,0.453671,-0.381110,0
-0.958560,0.175459,0.573784,0.109183,0.264538,-1.162709,-1.023885,0.644847,0.072617,0.213481,0.101011,0.637055,-0.043749,0.163986,1.254838,-0.102679,-0.096168,-0.568182,-0.224483,-0.499123,0.251792,-0.343099,-0.501477,-0.897343,-0.258090,1.180817,-0.956848,-0.745848,-0.900260,0.480889,0.020177,0.341974,1
1.736747,0.931127,-0.158471,-1.288792,-0.721328,-0.266577,1.039225,0.163850,-0.496919,-1.046317,0.009989,-1.101981,-1.253449,0.595438,-0.693687,0.875659,0.669405,0.643409,0.976231,1.604106,0.543621,0.541231,-0.454131,-0.891833,0.389047,0.797588,-0.754029,-0.823077,0.130678,0.429931,-0.098727,0.220969,0
-1.741979,0.827201,0.460918,-0.212481,0.700877,0.492287,-0.619096,0.832133,-1.026428,0.175966,-0.138995,-0.433711,0.240885,0.624786,-1.607205,0.512559,-1.312059,-0.383498,-0.165238,0.376564,-0.336875,-0.010940,-0.105092,-0.132838,0.141790,0.156924,0.255830,-0.332950,-0.834074,-1.052155,0.549827,-1.145740,1
0.226664,0.805024,1.136046,-0.250207,-0.568285,-0.327613,1.064444,-0.337968,0.794286,-1.798380,0.452520,-0.957291,-0.025233,0.901329,0.141387,-0.147587,-0.075561,0.103076,1.090134,-0.248708,-0.427880,1.158196,0.440073,-0.745454,1.112389,0.603999,0.200442,0.474407,0.442739,-0.809474,0.949631,0.362047,0
-1.535840,-0.112169,-0.306918,0.821878,-0.153021,-0.760422,0.875042,-0.293294,0.526276,-1.420886,0.073659,-0.205497,0.117471,0.500860,0.320737,-0.680904,1.290632,-0.413479,-0.299486,-0.524012,0.228401,-0.285011,2.190429,-0.515965,1.158131,-0.172450,0.900468,-0.335062,0.346169,-1.459470,0.007394,1.322959,1
1.380697,0.053611,-0.310253,-0.681385,-0.211692,0.944375,1.052952,-1.250908,0.589597,0.431990,0.826825,-0.402636,-0.129953,0.578174,0.407521,1.253095,0.034763,-0.430634,-0.016669,-0.005791,-0.473581,-0.626286,-0.778165,0.185901,0.269707,0.219355,0.803546,1.090738,-0.376329,0.550973,0.316798,0.711173,0
0.093721,-1.622200,0.485971,-0.269455,0.306021,-0.293076,0.446558,-1.343247,-0.692240,-0.439474,0.426358,1.881689,1.243319,0.665886,0.819884,1.257921,-0.446244,0.948887,0.821359,0.806780,1.696970,0.296199,-0.732320,0.501553,0.658200,-1.696550,0.103020,1.086397,0.476722,-0.662777,1.183384,-0.568492,1
1.637951,-0.052021,-0.145345,0.010939,-0.425807,0.322444,0.966893,-2.089014,0.166276,0.478289,-0.106601,-0.868988,-1.239180,-0.671012,-0.854593,-0.413194,1.032749,-0.402946,-0.883229,-0.209592,-1.137371,0.148009,-0.334327,-0.584167,-0.487074,-0.023258,0.049728,-0.488318,-0.375484,0.970124,1.069720,0.846185,0
-0.749170,-1.283085,1.710611,-0.161013,-0.165550,-0.267525,1.197073,-1.236220,-0.590374,-1.728822,1.611266,0.281063,1.075840,0.625584,0.516756,-0.121472,0.140673,-1.388857,-1.091644,-0.818552,0.822610,-0.743776,-0.543105,1.611023,0.505294,0.223897,-0.164426,0.848550,0.132920,-0.015196,1.615999,0.962904,1
0.398064,-0.292426,0.012642,-0.912530,0.876785,0.110503,-0.504667,-0.685938,-0.694715,-0.584563,-1.347661,0.690601,1.940303,1.419229,-0.379301,-1.073652,0.200832,0.130885,0.141997,0.046469,0.290696,0.429623,0.392709,0.849005,1.224753,0.450026,-0.218775,-1.107667,-0.781826,0.281168,-0.700189,-0.372622,0
-0.599002,-0.131213,0.184294,-0.270818,0.926705,0.470235,-1.140903,0.522647,-0.817902,0.899978,-0.995473,0.203754,-0.052299,-0.230688,-0.227806,-0.948389,0.374096,-0.279710,0.093831,0.480130,-0.819179,-0.392987,-0.802616,-0.034969,0.485311,-0.715471,0.292503,-0.663172,-0.255804,-1.639155,1.129900,0.276072,1
0.971714,-0.805895,1.409039,1.022612,0.889033,-0.135283,1.104850,1.355351,-0.475813,-0.716158,1.271027,0.463839,-0.326456,-0.120929,-1.163369,-1.078559,-0.406628,0.592763,0.022054,-1.709459,-0.794003,-0.685038,-1.336446,0.302408,-0.500198,-0.444696,0.050407,-0.418299,-0.697846,0.897575,0.841613,0.422834,0
-0.979813,-0.353498,1.101788,1.434129,-0.286048,-1.679878,0.893592,-1.563285,0.109867,-0.808940,0.567065,-0.007590,-1.873187,-0.163255,-0.312006,0.040685,-0.535822,-0.453159,0.036799,0.086685,-0.563776,0.558806,0.928956,-0.254723,-0.172456,1.920901,0.996650,0.006550,0.530192,-0.772679,0.748384,-0.906225,1
2.084679,0.297193,0.738106,-1.165191,-0.355702,0.734970,-0.595224,0.303778,0.010665,0.729892,-0.137131,-0.628435,0.045626,-0.282358,-0.069704,-1.193909,0.641974,0.005116,0.363939,-0.788330,0.476591,-0.281923,0.235282,0.686914,0.007458,0.153060,-0.350391,0.316519,0.506211,0.608191,1.377504,2.060390,0
-0.048199,0.065430,-0.537939,-0.385586,0.075457,-0.978146,-0.104049,0.008953,-0.969596,-0.200101,-0.575366,0.345503,0.145554,0.195624,0.244427,0.117638,-0.131539,-0.359031,-0.500718,0.046340,-0.446692,0.788011,0.066381,0.406379,0.583377,0.562882,0.274641,-1.908066,0.910953,-0.441580,0.644554,0.592660,1
0.501486,1.561207,1.206357,0.573325,-0.883146,0.109914,0.486390,1.121802,0.903236,0.054988,0.234658,0.647559,1.736056,-0.784830,1.192499,0.686417,0.070867,-0.999013,-0.536587,-0.627274,0.388941,0.153363,-0.908962,0.818686,0.212161,-0.295617,0.483028,1.075919,-0.803580,-0.391598,1.289704,-0.302305,0
-0.063908,1.702817,0.278049,-0.607368,-0.181238,0.534391,0.521514,0.442451,0.457740,-0.338069,-0.208161,-0.582865,-0.777054,-0.418476,-0.251787,-0.275634,-0.602798,-0.411550,0.571984,0.204214,-0.365989,-0.352173,-0.049067,-1.031479,-0.743167,1.633490,-0.307664,-0.252617,0.157561,-0.753478,0.325120,-0.489464,1
0.778859,0.648179,-0.477358,0.387248,-0.361971,-0.818657,1.342624,-0.385531,-0.453967,-1.889860,-0.613994,-0.760995,0.594392,-0.594196,0.656382,0.592495,1.132542,0.183814,-0.648318,-0.144393,0.244784,1.434893,-0.535293,-1.094340,-0.620959,0.676301,0.926549,-0.611024,0.323190,-1.341372,-0.126150,1.032910,0
0.170168,0.994720,1.243003,-0.320884,-0.224118,-1.478763,0.597594,-0.384625,0.159603,-0.315349,-0.964940,-0.020161,-0.349401,0.144837,-0.097221,1.696957,-0.259845,-0.223675,0.228213,0.875201,-0.489393,-0.016530,-1.269817,1.386877,0.225830,1.915766,-0.132740,-0.251332,-0.689704,-0.441599,0.102705,-0.414335,1
2.580129,0.557665,0.394242,0.072063,1.125186,1.244265,-0.057036,0.767725,0.465516,0.718506,-0.563711,-2.034567,0.955607,1.699713,-0.343055,-1.030182,0.670588,0.746448,0.858838,0.897341,-1.234239,0.741850,1.677727,-0.163120,-0.270071,0.418455,0.082726,0.977062,1.744917,0.761364,-0.119524,1.791506,0
-2.443578,-0.280550,-1.445951,0.590523,0.099206,-0.793973,-0.493762,-0.172012,-0.661049,0.449097,-0.626287,0.691393,-0.370337,1.358582,0.292310,1.175985,-0.828509,0.835631,0.580467,-0.935521,-1.500439,-0.206504,-0.732188,-1.557838,-0.928827,0.264385,0.455724,0.715633,-0.599611,-0.232452,-2.053078,0.629006,1
0.135145,-1.077302,-0.101870,0.712901,0.919586,-0.664810,-0.538035,1.956298,-0.343754,0.402893,1.101255,0.066740,0.105340,0.406152,1.113692,-0.025859,0.129007,-0.475977,0.031331,-0.928895,0.461211,0.440981,-1.203244,0.284611,0.964578,-1.282128,-1.455543,-0.845630,-0.911528,-0.188455,0.811011,0.871031,0
-1.602349,1.473375,-0.512506,-0.972858,0.212787,0.830518,-0.095662,1.315338,0.397085,0.266449,0.749427,0.116887,0.404687,-0.792110,-0.237861,0.200913,0.085789,1.236220,-0.042556,0.805085,-0.468129,-1.255601,-0.091425,0.044013,-0.081523,0.112916,-0.646924,-0.788583,-0.488201,-0.196359,-0.701526,-0.596168,1
1.505234,0.321541,0.612086,0.792662,-0.708093,-0.767272,2.041577,1.400136,-0.308770,-0.995118,0.185107,0.729106,1.351119,0.323029,0.671473,0.322870,1.226217,-0.104774,-0.156092,-0.582511,-0.614198,0.557155,0.919982,0.917648,0.043916,-1.330700,0.388009,0.125997,-0.097016,0.273084,0.337299,0.002506,0
-1.730415,-0.712592,-0.215052,0.475248,-2.073772,0.544168,1.187329,0.132349,0.226919,0.798371,-0.075205,-0.374176,0.512678,1.469801,0.288937,-0.542242,0.244043,-1.374613,-0.639148,0.068914,-0.725827,-0.969657,-1.064085,-0.447012,0.228746,0.209854,-0.469678,0.638590,-0.080347,0.073063,0.778169,-0.542964,1
2.019800,-0.759930,-0.299689,-0.496779,-0.345352,-0.096328,0.010565,-0.627079,-0.262285,-0.841734,-0.430652,0.251964,0.295553,1.156999,-0.133011,0.412061,0.853871,0.647716,-0.621570,0.344046,0.590988,-0.663997,0.531309,0.457522,0.071889,0.804466,-0.345200,0.352723,-1.985899,0.130667,0.260664,0.153630,0
0.649155,0.658286,-0.789731,0.285824,1.535258,0.624289,1.436509,-0.208631,0.525394,-0.059306,0.196029,-0.311461,-0.093192,-1.158742,-0.413885,0.013828,-0.138566,0.638371,-1.140991,-0.205220,-0.429107,-1.479345,0.731548,-0.789636,1.395141,1.832329,0.348737,-0.535272,-0.894908,-1.216248,-0.193357,-0.409900,1
0.509705,-0.170225,0.238801,0.194666,-1.281633,2.895111,-1.317808,0.023844,-0.236955,-0.063820,0.696680,0.233026,0.184847,0.392014,1.971303,-0.342174,-1.092229,-0.684965,1.326629,0.498757,-0.353911,0.772326,0.975693,-0.064577,-0.577570,0.194664,-1.585354,1.502196,-0.772669,-0.197594,-0.554185,-0.866943,0
-1.596347,0.721545,-1.006106,-0.492441,-0.509299,0.125805,1.201100,-0.752759,-0.698148,-0.213233,-0.297393,0.611141,0.754771,-0.671247,0.460222,-0.958330,-0.835452,-0.376247,0.012765,1.191091,1.023473,-0.959877,-0.375086,-0.141247,0.794618,0.829466,0.561969,1.666165,0.458702,-0.828589,-0.620780,0.424681,1
0.021479,-0.841777,-0.239465,0.848163,-0.058588,-0.961719,1.317113,1.110109,0.027793,-1.246943,1.719532,-0.805829,0.350587,0.313387,-0.712767,0.324067,0.581508,1.670316,0.748610,1.414143,1.571160,1.466051,0.064149,0.924696,1.252873,-0.026090,-0.739639,0.429705,-0.169920,-0.102998,0.774081,-0.147140,0
-1.691822,1.410949,0.955450,-0.666489,-0.414602,-0.040977,-0.316620,0.023566,0.402665,-0.140929,1.176059,0.315530,-0.242504,-0.262451,-0.564661,0.828732,0.960837,-0.589542,0.491354,0.190519,-0.145487,0.678012,-0.452464,0.018224,0.247202,-1.195966,0.416918,-0.529353,0.917159,-0.342910,-0.395965,-0.346078,1
0.383206,0.604863,-0.866228,-1.447670,0.376054,-0.030776,0.760976,0.277097,0.321910,0.608660,-0.198539,1.599212,-0.395581,-0.155963,0.177113,-0.398204,-0.625260,0.650446,0.186949,0.176860,0.138183,-0.467999,-0.489948,-0.296046,-1.190321,-0.438367,-1.013855,0.493487,-0.581878,-1.443839,-0.800103,-0.372140,0
0.052836,-0.317752,0.050283,-0.289430,-0.421858,-0.237180,-0.392233,0.686998,0.105097,1.179426,-0.641471,-0.311268,-0.821456,-0.362281,-0.525543,0.223935,-1.378547,-1.447994,-0.929704,-1.565582,1.033305,-0.353323,1.093954,-0.725190,1.824476,-1.574495,-1.301503,-0.982689,0.606210,0.033873,1.415787,0.751148,1
1.081438,0.068765,0.202403,-0.049536,-0.254544,0.549494,0.619831,1.527510,-1.137029,0.728172,1.125789,0.568657,0.028420,0.392119,1.055241,1.270430,-1.490056,-0.936518,-0.241634,0.116089,1.397576,1.529385,-1.482301,-0.839981,-1.112889,0.576509,-1.512955,-0.335925,-0.690373,1.074809,-0.257378,-0.296847,0
-0.071327,1.007354,0.602029,-0.381737,-0.721387,1.172160,-1.014010,-0.820038,0.679970,0.227371,1.067824,0.101670,0.948816,-0.883008,1.265796,1.339252,1.199420,-0.478554,-1.336189,-0.096718,0.590575,0.143543,-1.218725,-0.400911,0.406356,0.136299,-1.941820,0.144552,0.662914,-0.992912,0.396631,1.558974,1
1.061100,-0.947310,1.651487,1.831558,-0.070537,-0.455178,1.683068,-1.018343,0.426594,1.419430,0.619004,0.853908,-1.268909,-0.171664,-0.379889,-0.950426,-1.650136,-0.532307,-0.188467,-0.542143,0.376965,1.258187,0.417660,-0.216449,0.832576,-1.452734,0.237426,-0.575581,-0.646858,-0.694246,1.658499,-1.185066,0
-1.048835,0.259198,-0.839184,1.043789,-1.183088,-1.570215,0.619243,-0.276271,0.062793,0.327078,-1.240354,-0.145934,-0.494956,1.366143,0.493878,-0.054287,-0.874327,0.978102,0.039006,0.393936,-1.585117,-0.743197,-0.328076,-0.585399,-0.208725,0.184869,0.111643,0.211533,0.673640,0.447878,1.091511,2.408122,1
0.381886,0.292644,-0.431130,-0.445813,0.879791,0.523327,0.119282,1.199218,0.168423,-0.687138,1.126631,-0.364578,0.218127,-0.294554,-0.481872,-0.347481,0.912109,1.056982,0.807312,-0.050575,0.487812,-0.230268,-1.473714,-0.037057,0.509917,0.437276,1.097932,-0.243682,-0.899611,0.669768,0.666730,-0.557192,0
-0.154826,-1.014364,0.681136,-0.909386,-1.683347,-0.554452,0.182370,1.594158,-0.702715,0.425215,-1.463920,0.724914,-0.064838,1.538255,-0.978347,-0.684263,0.422291,-0.152250,-0.440723,1.979927,1.577889,0.726869,-0.823158,0.788024,-1.542362,-0.309074,-1.098066,-0.767130,-0.539292,0.252191,0.716158,-0.933476,1
0.920924,0.301832,-0.760141,-1.433232,0.627461,-1.014831,0.245708,-0.760984,-0.112205,-0.867530,-1.089840,-0.237272,0.974725,-0.665112,0.108739,0.420712,0.563900,0.268116,0.469539,1.789202,1.818805,0.465439,0.326594,1.766567,-0.857524,-0.596649,-0.689608,-0.428674,-0.455724,-0.510653,0.870518,0.441784,0
-1.703951,0.241795,-0.708625,0.331025,1.105321,0.159888,0.406608,1.031095,0.216996,-0.561478,0.310292,0.624714,-1.802652,1.026340,0.192043,0.139753,-0.524611,-0.007557,-0.350025,0.026273,0.187402,0.350726,-0.557854,0.862312,0.056144,0.158309,0.221830,0.444699,0.575921,-0.114183,0.223533,0.021360,1
2.036816,-0.217602,0.517035,-1.324258,0.097890,-0.321203,-0.390843,-0.420290,1.911565,0.073877,-0.200238,-0.120775,1.025508,-1.262047,0.425419,1.081129,0.038906,-0.654641,0.807795,1.276958,-0.102057,0.683385,0.691026,-1.034057,0.207965,0.652082,-0.016173,0.209101,0.026132,0.583421,-1.065884,-0.036119,0
-0.916769,-0.672338,-0.071522,-1.105932,-0.434418,1.268354,-0.394375,-0.525341,-0.372098,-0.536179,0.074454,0.330596,1.017138,1.562626,-0.254640,0.375040,-0.272908,-0.092880,1.342404,1.035123,-0.180926,-0.275804,-1.113726,-0.700901,-0.690146,0.932622,0.436099,2.067858,-0.767261,0.445562,0.967568,-0.692731,1
1.569972,0.319723,1.681697,-0.980068,-0.583753,-2.089520,0.191642,-0.052612,0.659950,0.303971,-0.615962,1.756509,-0.509331,-1.270953,0.082199,0.678798,1.460499,0.342180,0.925112,0.201702,-1.154485,-0.027524,0.379322,-0.984848,0.276326,-0.347690,0.602382,0.004138,-1.554039,0.740309,-0.111526,-0.428308,0
-0.245714,-1.095047,1.404218,0.184523,-0.940590,-0.364372,-0.440287,-0.664852,0.088301,-0.406383,0.607332,0.456507,-1.447581,1.395052,0.080476,1.308121,-1.512985,0.787035,0.327127,-1.649296,0.797965,-0.112180,0.112722,0.174925,0.034397,-1.794726,-1.128227,-0.026083,-0.502576,1.914255,-0.498884,-0.082694,1
0.272853,-0.582972,-0.636533,-0.197186,0.252959,-0.086848,-0.071230,-0.251868,-0.028088,0.263427,0.527509,0.229332,-0.936264,-0.600069,0.019303,-0.915055,1.473133,-0.245375,-1.859520,-0.348442,0.430511,0.388121,-0.023356,-0.276804,0.173123,0.860421,1.833523,0.619814,-1.416927,-0.640883,-0.515589,1.016615,0
-1.897948,0.890397,-1.371039,0.282456,0.008152,0.065934,-0.263092,-0.600307,-0.751461,0.311188,-0.742106,0.976634,-1.232720,-0.959727,0.087421,0.202606,0.286487,-0.161258,-0.296297,-0.160480,0.952659,-0.294775,-0.232493,-0.717815,-0.048759,-0.075639,0.489561,1.193951,0.573265,-1.238097,-0.189566,-0.626423,1
1.795090,-0.368827,0.625561,-0.533207,-1.307239,0.803567,0.035991,-0.651870,-0.377253,-0.000577,2.262666,1.002782,0.096140,-0.404060,-1.101078,0.211943,0.943839,-0.364638,-1.188915,0.307784,-0.264691,-0.000923,-1.127263,-0.176771,-1.377991,0.668864,0.881212,-0.869285,-0.425496,-0.356681,-1.553528,0.396190,0
-0.079183,-0.068055,0.685395,-0.219372,-0.987348,0.081340,0.376675,-0.236885,0.292005,-0.326980,0.339315,-0.538603,0.180045,-1.296921,-0.381646,0.717941,-1.024337,-0.487705,-0.549734,-1.300121,-0.430239,-0.389555,0.769972,0.708401,1.263442,-0.197505,0.237902,-0.453464,0.341894,-1.167022,0.068482,0.680153,1
0.035359,-1.094571,-0.196723,0.333729,0.133017,0.936714,0.917900,-0.000062,-0.124858,-1.238450,0.767159,-0.141227,0.301780,0.002557,1.081053,-0.466478,0.160698,0.269521,1.264154,-1.102653,-1.051614,0.675835,-0.557578,0.512214,0.218287,-0.163837,0.447271,-0.362643,0.668494,-0.754291,-0.108299,-0.482411,0
-0.961348,0.346559,1.096809,-0.781033,0.120451,-0.448492,0.652941,-0.285763,1.067358,-0.523747,1.480976,-0.227478,0.322838,-0.038227,0.001871,1.279487,-0.475647,-0.156303,-0.004910,-0.024682,-0.907508,0.454325,-0.039263,-0.012450,0.514799,-1.647023,-0.629966,1.125942,0.514052,0.186631,0.093648,0.447463,1
-0.659928,1.392645,0.541486,-0.165522,-0.508723,-1.328792,-0.121827,-0.625433,-0.424945,-0.873863,-0.576504,0.673141,-1.212700,0.063002,0.318040,-1.339156,-0.593882,0.330344,0.904145,-0.273033,0.309720,-0.382749,-0.807094,-0.680279,-0.471115,-0.065503,-0.287392,-0.458140,0.688505,-1.785568,-0.750344,1.575658,0
-0.988159,0.514872,-0.550724,0.607458,-2.272538,-1.334059,-0.344221,-1.126736,0.556881,-0.746242,-0.044845,1.146339,0.433576,-1.156813,-2.012929,-0.598946,0.578438,0.259055,-0.032219,0.222998,0.143926,1.463323,0.812701,-0.157303,-0.482125,0.347813,-0.140801,-1.730326,0.458529,-0.178500,0.768379,0.317958,1
0.616566,0.508669,-0.139537,-0.700469,0.480133,0.613627,1.470824,0.351101,-1.184922,-0.754966,0.955470,-0.140377,0.505785,-0.169228,1.454720,0.105741,0.103844,-0.232843,0.708713,0.328606,0.050431,-0.420887,0.183830,0.301541,1.107962,-0.791448,-0.398590,-0.352084,-0.013121,-1.284108,-0.360261,1.300871,0
0.293694,1.996590,0.592535,1.334170,0.922929,0.316400,0.142321,0.874541,-1.428504,0.798224,-0.467288,0.400360,0.592627,-1.077002,-0.655789,-0.487540,-1.890038,0.422115,0.464199,0.162692,-0.201952,0.772579,-0.257439,0.056280,0.265454,-0.019418,0.068379,0.591022,0.756799,-0.044327,0.576746,-1.238280,1
1.615925,-0.602957,0.765480,-1.159950,-1.126401,-1.447127,1.225697,-0.534149,0.192912,-0.317390,0.535108,-0.208858,-1.810247,0.853165,-0.604270,0.586644,-0.571007,0.580599,-1.796712,1.686093,1.492920,1.407535,0.098003,-0.497229,0.460585,-0.050730,0.015126,-0.670140,-1.110432,-1.314139,0.315995,0.601945,0
-2.003613,-0.165075,-0.756315,-0.777858,0.222699,0.201717,0.762870,0.824388,-0.942281,-0.484184,-0.250684,-1.936580,-0.302873,0.898287,-0.462095,-0.190951,0.335083,-0.668842,-0.297590,-0.129947,0.245275,0.286458,-0.718241,0.393703,0.556427,0.764435,-0.363788,-0.888453,0.262044,0.299605,-0.128875,-0.161337,1
0.187463,0.650925,-0.414830,-0.673039,0.322728,-0.803824,0.437813,1.120166,1.625494,-0.014649,-1.496136,-0.322198,0.707357,0.647133,0.069728,1.300184,0.156851,0.690007,-0.166903,-0.675557,0.707296,-0.700201,-1.146945,-0.626465,-0.438727,0.371813,0.492001,0.504257,1.014733,-1.140705,0.456328,-0.524331,0
-0.039042,-1.079395,0.268720,1.471493,-0.822917,0.126559,0.020745,1.702635,-0.058419,-0.461643,-1.231237,0.105918,-1.152823,-0.463764,-0.557375,0.505257,-0.725457,-0.068126,-0.612050,-0.616348,0.015524,0.085812,-0.032860,0.241415,-0.088611,-1.424014,-0.211711,-0.531640,0.472894,-0.868665,0.786320,0.518090,1
0.620684,-0.300427,-0.220445,-0.667683,0.280728,0.098276,0.411030,-0.209945,2.619430,-0.545072,-0.111575,0.938937,0.177356,-0.397122,0.958432,-1.096094,0.366010,-0.438049,-1.403455,-1.327328,-0.687316,-0.506395,0.354069,-0.385818,1.013550,-0.051572,-1.499506,-0.015751,0.809426,0.202025,0.248051,-0.872089,0
-2.654240,-0.450276,1.842778,0.080227,0.727058,-0.013648,-0.480862,0.816579,-0.242673,-0.399017,0.127410,0.260746,-1.240470,0.738938,0.477317,-0.470241,0.398547,-0.174710,0.049135,1.524146,-0.652586,0.058714,1.234405,1.098894,0.051220,0.140295,0.611311,-2.153221,1.102937,1.496104,-1.479269,0.930350,1
0.475049,0.572254,0.145971,2.661453,1.178856,0.175250,1.800552,-0.395674,-1.389857,-0.878083,1.103554,-1.045630,1.066378,-1.863894,-0.120563,1.004073,-0.206380,0.377601,-0.142788,0.057512,-0.345681,1.132800,1.498341,-1.453065,-0.890131,-0.810787,-0.747675,0.223362,0.954503,1.446914,0.511488,1.013729,0
0.114738,-1.630480,-0.498237,-0.367206,0.014389,-0.903649,0.416900,-0.618696,0.254802,1.136950,0.369906,0.425314,-0.122381,-0.663124,-0.439105,0.574160,-0.176321,-1.288554,-0.327098,0.961458,-1.461021,-1.328500,-1.496701,0.230725,-0.946407,0.140521,-1.616312,0.653734,-0.355991,0.102853,-0.118413,0.181727,1
0.554797,-0.493222,0.365714,0.358639,0.461521,-0.984169,0.743085,0.150148,-0.002481,0.018426,-0.066391,0.746778,-0.439275,-0.283508,0.698278,-1.403719,-0.434507,-1.448932,0.614243,-0.535662,1.137584,1.430910,-1.423152,0.108690,0.889851,-0.210318,-0.028390,1.184383,0.212634,-0.971839,0.305643,-1.176237,0
-0.898169,1.610446,0.428950,1.100338,-0.151355,0.519303,-1.011111,0.964210,0.236870,0.069718,-0.726779,0.531568,1.166561,-0.011252,-1.538035,0.154810,0.235672,-1.016266,1.438067,0.423887,0.435204,0.184720,1.458186,0.295037,0.770278,-0.017915,0.448630,-0.323716,-0.546597,-1.102618,0.205593,0.629727,1
1.354775,0.768295,0.039184,1.427951,0.002968,-0.071985,-0.530538,0.078073,0.029773,0.135209,0.530806,0.081115,1.453862,-0.149198,0.480950,-1.259800,-0.778899,0.614391,0.030780,0.522422,0.376683,-0.715033,0.376340,0.510459,1.400194,0.338926,0.751861,0.479204,0.745497,-0.311042,-0.838040,-0.245629,0
-1.877653,1.667881,0.528896,1.043494,0.044662,0.063421,-0.759480,-0.341278,0.674127,-0.325606,0.973125,-1.924794,0.035419,0.297703,0.411535,-0.653786,1.231230,-1.636294,-2.217945,-0.189884,0.155444,-0.453705,-0.082339,0.030397,-1.346520,-0.145917,-0.700692,-0.703481,-0.389456,-0.468616,-0.103837,-0.130169,1
0.976568,1.411310,0.489239,-2.084144,-0.075615,-0.081992,-1.453088,-0.700899,0.246343,0.049347,-1.101038,0.365921,0.641975,-0.048060,-0.570583,0.983134,-0.043508,-0.230922,-0.004148,-0.484773,-1.013582,0.907396,0.056293,-0.398369,0.137946,0.688622,-1.127421,0.980905,-0.725963,0.222224,0.225824,1.034475,0
0.713144,-0.091486,0.863401,1.819124,0.671753,0.781508,-0.894920,1.935838,0.280566,0.663407,1.534470,1.422320,-0.087518,-0.302947,0.926153,0.613074,0.977302,-0.596656,0.525340,0.075616,-1.207223,0.451690,0.319743,-0.905700,0.277028,-0.389205,0.227824,1.414794,1.100870,0.048521,0.222809,-0.261203,1
2.667068,1.250687,0.008994,-1.187734,0.142218,0.362367,-1.156397,0.888613,-1.368383,-0.026484,1.258777,2.179559,0.042930,0.147054,0.457000,0.968498,0.808342,2.166100,0.015440,0.953115,-0.991923,-0.998975,-0.377498,-0.289673,-0.493298,1.585512,-1.290301,-0.526503,-1.830913,-0.554180,-1.020289,-1.600270,0
-0.567653,-0.140650,0.906963,0.348351,-0.928399,0.251192,-1.194927,0.418631,-0.191672,-0.490621,1.128228,0.636729,0.146274,-0.580818,1.278877,-0.380916,-1.227095,0.857950,0.275512,-0.599005,0.131034,-0.199572,0.302162,-0.533978,-0.350532,0.714767,-1.611938,0.979125,-1.066047,0.802760,-0.414215,0.420386,1
1.095441,0.483076,-0.507737,0.148938,-0.490716,0.387746,-0.137197,0.474421,-0.483933,0.632796,-0.440325,0.825208,1.356994,1.283078,-0.127131,-0.107213,-0.773628,-0.146722,0.939668,-1.756769,-0.011689,-0.277914,0.296036,-0.257782,0.425143,0.894336,0.996795,1.257394,-1.215975,-0.760855,0.950515,-0.441065,0
-0.910308,0.344408,-1.406795,0.245441,1.332231,0.112846,0.215175,-0.878210,1.775290,-0.239857,2.681692,1.005090,0.540347,-1.152856,0.927051,0.295872,0.908346,0.146975,-0.350888,0.232270,-1.064956,1.084247,0.363921,-1.333220,0.053259,0.175300,-0.365732,0.381036,0.523763,0.037037,-1.881902,0.775663,1
1.612932,-0.110070,0.981820,1.120855,-0.787357,0.589776,0.067700,-0.870194,1.856128,-0.340657,1.515575,0.659764,-1.302258,1.054813,-0.549802,0.207114,0.178319,-0.254008,-0.023298,-0.259061,-0.234385,-0.900208,-0.451377,1.532817,-0.118381,1.091623,-0.641818,-0.174034,-0.741275,0.316673,-0.286944,-0.585135,0
-0.529699,0.038382,-0.050602,-0.215615,-0.111436,-1.730986,0.203194,0.582011,-0.806693,-0.280995,-1.325552,-0.664294,-0.057349,-0.779865,0.553628,-1.585793,0.448998,-0.052216,-0.407127,-0.477010,1.054557,-1.095922,-0.061045,0.255641,0.366389,-1.637593,0.452363,-0.301132,-0.613744,-0.484904,-0.055045,-1.411700,1
0.166459,-0.548110,0.305982,0.550701,-1.073270,0.042708,-0.480452,0.607295,-0.511639,-0.043260,-0.162223,-0.539566,-1.071548,0.343668,-0.618992,0.015401,0.796392,1.132425,-0.393904,-0.419852,0.049674,-1.556834,-1.088904,0.038103,0.840259,-1.212776,-0.372649,0.007071,-1.254994,0.552150,-0.807973,-0.398147,0
0.125975,-1.714045,0.783799,0.846220,0.332408,-0.650711,-0.365022,0.149723,-0.373238,0.613513,-0.993930,0.937506,0.090101,1.619303,-0.574231,-0.145100,-0.637898,-0.643927,-0.992783,0.134098,0.914049,-1.476187,-1.744793,-1.326028,-0.450197,0.614082,-0.290843,-0.136773,-1.491617,1.193881,0.205519,-0.617821,1
1.004288,-0.026505,-0.095419,0.923164,0.727846,1.474777,0.074629,0.257456,-0.290814,0.701927,0.088223,0.274466,-0.573907,1.692693,-0.445545,-0.010908,-0.837009,0.810274,0.176715,-0.581164,0.550459,-0.649647,-0.280704,0.527279,0.279369,-1.606534,0.159105,1.178624,0.656692,1.544777,-0.364649,-1.766803,0
-0.457949,-0.149544,-0.014061,-0.246317,-0.166775,-1.554513,-0.118918,-0.115823,-0.569870,-0.126730,-0.547060,0.473465,0.689243,-1.180121,-0.652098,-0.069374,0.382786,-0.831497,0.197291,1.258432,-0.245712,0.192271,-0.661885,-0.790595,-0.634336,1.412703,-0.461413,-0.959701,-0.530012,-0.505548,1.491689,0.966738,1
1.281107,-1.386254,1.254178,-0.006576,0.220153,0.012667,1.638842,-1.084274,-0.421298,-0.552552,-0.801831,-0.037225,-0.322378,-1.069138,-0.305522,0.141522,-0.276186,-0.454591,1.341180,-0.025898,1.690228,0.952079,2.123382,1.809440,-1.025795,0.333033,0.095096,1.300951,0.454933,0.839480,0.251197,-0.770958,0
-0.196447,-0.055075,-0.184721,0.924628,-0.305969,-0.524517,0.087009,-1.442686,0.721592,-0.538582,0.682918,0.628130,1.046926,0.103518,-0.527155,1.093066,-1.664263,0.907521,0.737334,0.635959,-0.102151,0.399214,-1.345039,-0.367870,-1.428340,-0.693994,0.124729,0.104264,0.080676,1.159660,0.313100,0.760609,1
1.115697,0.828008,0.286474,0.565741,0.743253,0.645313,1.131424,-0.167899,-0.156866,0.056898,0.156511,0.083707,0.554694,-0.930215,-0.648288,0.537346,0.174519,-0.435847,1.113366,-0.737639,-0.120611,-0.405275,-1.399177,-0.098941,-0.192001,-0.692171,1.279037,0.358143,-0.641405,-0.030587,0.064956,-0.971091,0
-1.024193,-0.089895,-0.973324,-0.462627,0.004885,1.235169,-0.982467,0.381062,0.790870,1.682058,-0.720928,0.671715,0.190360,0.767700,-0.878940,-0.207583,0.622690,0.133575,-0.208253,-0.640666,-0.464612,-0.691219,0.287619,-0.426730,0.652962,0.713156,-1.106601,-1.264690,0.598746,0.272099,1.354894,0.673302,1
0.634291,-0.375845,-0.259506,-0.661978,-0.931814,-0.867309,-0.602004,-0.978015,0.522415,0.071410,0.410262,-0.309362,0.107287,-0.886451,0.703503,-0.093177,-0.545541,-1.162654,-0.864000,0.092750,0.632451,0.442302,0.860930,0.273093,0.162284,-1.148824,-0.275321,-0.524760,-0.187536,0.159943,0.097428,0.748062,0
-1.099523,-0.279830,0.701197,0.249664,0.123826,-0.075748,-0.095723,0.037374,-0.177544,0.404635,1.007331,-1.015133,-1.590665,-1.181204,-0.301310,0.812692,-0.342654,-2.098079,-1.219914,-0.028936,1.034240,0.658972,0.937937,-1.212527,0.493701,-0.589052,1.860922,0.290274,0.774167,0.273160,1.039325,-0.146972,1
2.043221,-1.491981,-0.116076,-0.160645,-0.478461,0.973996,-1.058332,-1.074935,-0.079201,0.256385,0.595130,-0.967087,0.229968,0.573405,0.951360,-0.180071,-1.052874,0.756797,-0.102968,-0.899201,0.848291,0.186435,-0.382680,0.320649,-0.883456,1.311010,-1.387412,0.855808,-1.758480,0.289635,0.209758,-1.453757,0
0.355801,0.762270,-0.591578,0.948050,0.819479,-0.120659,0.897062,0.919954,-0.601484,-1.506427,0.108464,-0.257935,-0.500741,-0.878900,0.539898,-0.712371,0.103228,-1.348907,-0.925622,0.349877,0.131521,-0.260437,-0.320958,0.008000,-0.339187,0.184655,-0.826356,0.314354,-0.274259,0.816785,-1.201119,-0.056538,1
0.415441,-0.419250,-0.206362,-1.070958,-0.229688,-0.742199,-0.532933,0.081958,-0.895192,-0.029817,-0.592429,0.860083,-0.430272,0.157108,0.574080,1.567311,0.356745,1.091050,0.153721,-0.953063,-0.379684,0.684645,0.453760,-0.607368,-1.427583,0.801082,1.606631,0.380656,-1.418590,-1.766170,0.346472,1.003213,0
-2.649534,1.476988,-0.353230,-0.444445,1.168483,0.025043,0.153308,-0.602964,0.757807,0.932721,0.552853,-0.004478,-0.175564,-0.756146,-0.926516,-0.567064,0.511871,0.318463,-0.127137,0.442663,-0.082497,0.528924,0.500285,-0.066741,-0.015304,-1.618929,0.552312,-0.092458,1.845976,-0.788127,-0.139713,-0.540039,1
1.548474,-0.695433,-0.266214,0.333575,0.945338,0.307327,0.591596,-1.073357,0.378329,-1.197832,-1.174490,-0.418511,0.986655,-0.308545,0.990006,-0.969982,-0.232547,-0.884891,-0.527388,0.188767,0.577145,0.281776,0.020731,-0.122898,-0.511642,0.511335,-0.837552,0.597930,-0.196517,0.522971,-0.478555,0.285005,0
-2.035432,1.739748,-0.453058,-0.512502,0.799984,0.189023,0.471451,0.366450,-1.130329,-1.291723,-0.323115,0.205457,-1.798451,-1.342414,-0.863683,1.009875,0.070139,-0.487679,-0.722182,-0.236641,0.236064,0.128770,0.634495,0.035233,0.346687,0.957306,-0.379245,0.150379,0.866963,0.111795,-1.183681,-1.166694,1
0.521706,-0.063659,0.528540,-0.626331,-0.870515,-0.081872,-2.042137,-0.148831,1.269069,-0.110687,-0.374336,-1.569868,0.362727,0.949806,0.728875,-0.798393,-1.176483,-0.057695,-0.575833,2.123891,-0.110079,-1.405705,-0.716089,0.478050,-0.170691,-0.282116,-1.148981,0.077435,-0.004836,-0.878693,0.760953,-1.133118,0
-1.836793,-0.248978,-1.228176,0.060592,0.625461,1.422757,-0.126475,1.067676,-0.210762,-0.749608,-1.160262,0.795742,0.057164,-0.050043,0.397449,1.379295,0.314547,0.598756,1.351990,0.402192,-1.134909,-0.873913,0.419881,-0.334483,0.010812,-0.534531,-0.100442,-0.282761,-0.140713,-0.684672,-0.647781,-0.766999,1
-0.108965,0.877407,-1.082772,-1.880157,1.135202,0.326217,-0.375814,-0.158364,0.204585,-0.491392,-0.067165,1.000365,1.675798,-1.581360,-1.268842,-0.820892,-0.349697,-0.369524,1.013495,-0.038854,0.104227,-0.303967,-0.360108,0.591184,-0.634153,0.060009,-1.033801,1.630790,-0.601285,-0.415031,-2.030656,0.581993,0
-1.573391,-0.241040,-0.846055,-0.125729,1.167429,0.475629,0.753773,-0.472676,-1.600468,0.338585,-1.205542,1.894986,-0.097824,-0.295284,-0.203112,0.638537,0.465141,0.063725,-0.439402,-0.400634,-1.179015,-0.269541,-0.224273,-0.697137,-0.414356,1.463671,0.592119,-0.794146,-0.657150,0.041643,-0.529974,0.115237,1
-0.267330,-0.554407,0.227464,0.603767,0.406923,-0.684812,-0.168116,0.041091,0.490439,-1.530900,-1.062383,-0.075545,0.477406,0.250659,0.943083,-0.777291,1.314999,-0.768889,0.124913,0.277737,-0.999288,0.468571,-0.467012,-0.625906,0.060875,0.012877,0.346514,0.755378,0.358685,-0.613454,-1.013556,-0.617736,0
0.508537,0.353495,0.826181,0.464102,-0.339666,0.292423,-1.438149,-1.303781,0.989197,-0.159884,-0.250124,0.567730,0.283002,-0.788650,0.155040,0.149737,1.276623,0.053607,-0.596844,0.215383,-0.327919,-0.314494,-0.239569,1.382715,0.526761,1.177743,-0.456502,-1.531644,-1.080650,-0.741090,0.209919,-0.574858,1
0.959723,0.094646,0.249259,-0.122068,0.465119,-0.509254,-0.789664,-0.753411,-1.451518,1.128196,0.361416,-1.152748,0.078114,0.259078,-0.926601,0.597464,0.157325,1.160064,-0.756277,0.948497,-0.611368,-0.585482,-0.208042,-0.925637,0.355379,0.647004,-0.508667,-1.625063,-1.276716,1.285103,-1.068882,1.415868,0
-1.473071,0.953766,-0.096821,-1.221639,-0.476649,0.168651,-1.490613,1.731281,-0.932802,0.273879,0.570215,0.678988,0.404679,-0.399991,0.346440,-0.073874,0.306317,0.543647,-2.118620,-0.378284,-0.428269,-0.240907,0.493021,1.257422,-0.722960,0.011075,-0.324409,0.227069,0.424998,-0.138404,-1.147923,0.251398,1
1.124063,-0.340050,-1.092768,1.316347,-0.631134,0.212330,0.374162,0.523418,-0.307499,-0.274470,-0.142981,0.601488,0.019179,1.815087,0.252538,-0.431808,0.929964,0.824017,-0.340487,0.017398,-1.061424,0.489097,-0.867252,-1.044663,1.301928,0.597776,1.060991,0.537634,0.871856,0.059524,-0.007848,-0.033500,0
-1.091922,-1.741745,-0.553158,-0.721442,-0.908007,-0.005434,1.056870,0.192842,0.556984,0.212651,-0.373022,0.460205,0.883724,-0.250289,0.636259,-0.608675,-0.509973,-0.101319,-1.181618,-0.029258,0.918818,-2.034733,-0.422462,0.437127,-0.564233,0.170712,0.791042,-0.596782,0.192586,0.601690,1.371776,0.124439,1
1.441180,0.051228,-0.498660,-0.453650,2.701487,-0.324037,-0.320545,-0.064304,-1.314703,1.312182,-0.174763,1.381262,1.037016,-0.106754,1.227216,-0.983882,-0.485304,-0.005673,-1.454548,0.036792,0.721803,-1.224906,-1.238406,0.671960,0.683135,-0.234318,0.402792,0.398430,-0.173972,0.637837,-0.577865,-0.690494,0
-0.396587,0.153436,1.358576,0.191006,-0.944764,0.366904,0.082106,0.938461,-0.456804,1.516536,0.612671,0.052019,1.120533,0.477406,1.625999,0.411836,0.774072,0.376137,-0.632928,0.033863,0.570811,0.408130,0.950399,-0.568502,0.018945,-0.483003,-0.504278,0.244116,-0.003903,0.684697,0.340938,-0.861555,1
0.609100,0.702922,0.620071,0.526063,0.470216,0.810354,0.629640,0.864284,0.126230,-1.029836,0.994262,-1.075893,0.816438,0.074183,0.355697,0.102107,1.173970,-0.097999,0.649728,-0.141954,0.849600,0.674325,-0.488897,-1.553483,0.541451,-1.645028,0.592148,-0.659215,-0.084238,1.067045,-0.047515,-0.562652,0
0.119430,-0.939358,0.601377,1.635475,0.825855,-0.915876,0.474478,-0.000614,0.443251,0.837130,0.305021,0.588979,-0.102869,-0.140790,-0.031189,0.330334,-0.035848,0.436431,0.091295,0.892012,0.072310,0.804462,0.813982,0.162546,1.800101,0.468004,-0.927569,0.364253,0.438597,1.140990,-0.953151,0.736682,1
-0.207760,-0.038749,0.081402,-0.186298,-0.733094,-0.060415,-0.287282,-0.245354,0.399548,-0.150072,-0.400652,1.260245,-0.890858,-0.222442,0.524935,0.119252,0.516332,-0.675926,0.823146,1.275757,-0.126867,-0.495670,-0.507038,-1.490350,0.166939,-0.271694,0.989448,-0.706914,-0.431485,-0.188245,0.125734,0.667391,0
-0.726161,0.069040,-0.002909,-2.237156,-1.132161,-0.008682,1.702137,0.344823,0.651108,-0.424761,0.777616,-0.415340,1.612249,0.517418,-0.130388,0.690073,1.337364,0.598324,0.436494,-0.835885,1.194482,0.328297,-0.863274,-0.183428,0.180417,0.158968,-0.206410,-1.075583,0.004443,0.903995,-1.268065,-0.002511,1
1.567210,0.154371,-0.418297,0.291724,-0.836959,-0.545786,0.510383,-0.015479,-0.246283,0.385851,0.168029,0.331305,0.008886,-1.122732,-0.215051,-1.312203,-1.400488,0.049672,0.464711,0.311567,1.180059,-0.604990,1.497997,-0.279553,-0.465695,0.574582,0.321893,-0.698582,0.604096,-1.391603,0.440965,-1.097484,0
-0.274492,0.401285,-0.447897,0.664543,-0.236303,0.149286,0.163738,-1.015176,0.935371,-0.307409,0.766546,1.036902,1.232798,0.839169,-1.014169,0.885625,0.574348,0.188990,1.009432,-0.634064,0.619753,1.476632,1.180782,0.160418,-0.337863,0.029850,0.073730,-1.333697,-1.255602,-0.469000,0.739227,0.141381,1
0.176383,0.931449,1.324943,-0.804880,-0.820368,-0.267122,-0.237687,0.318855,0.952799,0.463621,0.057327,-0.133942,1.062192,-0.619040,0.030474,0.560766,0.558895,-0.047286,-0.510572,0.168996,-0.036845,1.368042,1.416364,-0.884471,-0.539641,-0.734586,-0.102645,1.592691,0.140029,0.535604,0.319659,0.018873,0
-0.912498,-0.198580,-0.040852,0.166396,0.592947,0.145113,1.555452,0.506539,1.295570,0.787290,-0.350089,0.889089,-0.096521,-0.459101,-0.690446,-1.142205,0.450592,1.302457,1.475944,-0.071182,-0.471230,1.434050,-0.649895,0.058321,0.718556,1.073071,-0.452746,-1.455532,0.062442,-1.141781,1.551774,-0.356436,1
1.044846,0.131963,-1.902872,-0.655211,-0.440451,0.228023,1.627476,-2.084938,-0.305425,0.346384,0.925326,0.675084,-0.333902,-1.279636,-0.590559,-1.446854,0.120317,-0.500591,1.086191,0.216779,1.207903,-0.316657,0.547185,-0.399260,0.179519,-0.312696,-0.650923,-0.044080,-0.318480,0.241341,0.997582,-0.302277,0
-1.261079,-1.975245,-0.298013,-0.862837,0.350065,-1.268350,-0.504886,-1.484560,0.557359,-0.144155,0.856628,-1.397105,0.524025,0.711410,0.076810,-0.363145,-1.384693,-0.195099,0.826844,-0.503826,-0.591747,0.076550,0.986868,-0.915489,-0.077233,1.090604,-0.450964,-0.104686,0.219133,-0.051078,-0.014066,-0.058347,1
0.886534,-0.503531,-0.862389,-0.527493,1.448491,0.442189,0.614503,-1.801738,0.379845,-0.934090,0.670602,0.687031,-0.429453,0.561258,-0.084861,-0.813459,-1.309945,-0.941711,0.379759,-0.032882,0.566430,0.477305,0.292880,0.440073,0.208643,-0.034644,-0.097148,-0.857436,0.730260,-0.129615,0.286083,-0.176142,0
0.204328,0.076451,1.076748,-0.830875,-0.378371,0.334574,0.195233,0.231030,-0.006647,-0.211570,1.068329,0.093954,2.046841,-0.239655,0.613773,1.200821,0.539067,-0.593438,0.478812,-0.196140,-1.236490,0.877402,0.759753,-0.864155,-0.718585,0.294065,2.035465,-0.452150,1.420334,1.204756,0.045688,0.709603,1
2.894263,-1.394994,0.629839,-0.937124,0.749452,-0.033259,1.358637,-0.970897,0.178482,-0.523445,0.797076,0.848867,0.194856,0.321274,0.084039,-0.025285,-0.554498,1.074569,0.798013,-0.298677,-0.572250,-1.284721,-0.460415,-0.059165,1.500573,0.608688,1.038804,0.648380,-0.194929,-0.707888,-2.085571,0.890801,0
-2.553532,0.038484,0.717488,-0.319477,1.084021,-1.595043,-0.668558,1.319484,0.449195,0.257252,0.428911,0.648532,0.056620,0.397512,-0.150930,0.023491,0.533474,0.175071,0.032970,-0.368493,0.106837,0.787280,-0.731567,0.397351,-1.704086,-0.476382,-1.191580,-1.455063,-1.150160,-0.792794,1.663188,-1.256413,1
1.489170,-0.968317,0.300939,0.359901,-0.072040,-1.736666,-0.822119,0.078449,0.108846,0.319580,-0.899261,0.889105,-0.125623,-0.128737,-0.241691,-0.140312,-0.533726,-0.687979,0.674511,-0.584159,-1.392726,0.779389,-0.743197,-1.546679,0.349809,0.077806,-0.240898,1.077021,-0.891412,0.371119,-0.943150,0.316081,0
-0.942270,-0.168060,0.903607,0.631730,0.875909,-0.387014,0.343386,-0.334215,-0.503296,-1.596680,1.050832,0.278493,0.260889,0.503989,-0.344198,-0.812048,-0.225775,0.981468,0.508581,1.385596,0.392841,-0.551992,0.664281,0.080102,-0.237902,0.638068,0.835781,-1.678149,-0.208610,0.377853,0.096855,-1.271078,1
2.015918,0.604294,-0.388325,0.504927,-0.951434,0.098848,-0.765788,0.697159,-1.034135,0.670663,-1.524305,-0.780105,-0.245339,-1.017569,1.570013,-1.313607,0.448118,-0.180445,1.030719,1.016256,-0.843001,-0.726296,-0.361044,0.783282,-0.086943,0.705413,-0.369462,-0.521771,-0.060345,-0.112880,0.459006,-1.364950,0
-1.391830,-0.256259,1.152409,2.303764,-1.450187,0.124177,0.043965,-0.907837,-0.462242,-0.084440,-0.105244,0.283386,0.045252,1.028647,-1.425078,0.155328,-0.281138,0.908302,0.028768,0.944701,-0.172650,-1.034694,-1.617314,1.018837,-0.403664,0.996530,-0.128428,-0.483443,-0.624606,-0.080346,-0.588845,0.071582,1
0.595013,-0.196474,-0.119760,0.590662,1.289608,0.640966,-0.615775,-0.401293,-0.477982,0.072765,-0.343383,0.907047,-0.976677,0.783595,0.393681,-0.456986,-1.028714,-0.017687,1.206523,-0.082952,1.021169,-0.039043,-0.970206,-0.289857,-0.362332,-0.743879,1.015864,-0.797169,0.321390,-0.390959,-0.847085,0.434726,0
-0.229808,0.166326,-1.183270,-0.106190,1.674021,-0.220748,0.160653,0.540831,-0.384306,-0.769950,-0.140209,-0.033686,0.930039,0.014874,0.838388,1.443827,-1.060198,0.406270,-0.409824,-2.976676,-1.157955,-0.967717,0.516927,-0.718931,-0.645897,-0.714261,1.303664,0.759278,-0.014730,0.378005,-0.501206,-0.933145,1
2.252949,0.425334,1.310935,-0.020278,-0.553356,-0.677141,-0.086560,0.074686,0.887972,-0.047596,0.127181,-0.187184,-0.915772,-0.136887,0.476943,0.169808,1.292192,-0.389182,0.350629,0.598890,0.093422,-0.323243,0.288574,1.200875,-0.973184,0.412026,-0.720494,-0.690823,2.203234,-0.515636,0.560980,0.435757,0
-1.518550,0.900955,-0.186655,-0.761247,-0.963742,0.634327,-0.380978,-1.444545,0.827019,-2.166549,0.331218,0.399458,-0.125737,1.842286,-0.208726,0.931542,-0.755237,0.238730,0.176315,1.234829,-0.060982,1.230768,-0.446282,-0.255171,-0.164431,0.269248,0.223201,0.904063,-0.110677,-0.414531,0.152985,-1.284909,1
3.084646,0.097041,0.316025,-0.424323,-0.245822,-1.320864,-0.311852,0.272177,-0.452743,0.845121,-0.275102,-1.042247,0.129326,0.961562,0.414509,-0.570658,0.521781,-0.068545,0.367152,-0.293571,-0.476398,-2.255732,-0.902040,-0.429431,-0.009798,-0.151335,0.143204,-0.776615,0.658736,-0.496932,-0.531393,-1.309698,0
-1.414500,0.135032,-0.156499,-0.015288,1.534889,0.911477,-1.182980,1.077126,0.871628,-1.410820,-1.178330,-0.422746,0.710419,-0.080433,0.379627,-0.705704,-0.821818,-0.749074,-0.272635,0.133614,-0.028480,0.330979,0.308004,2.339860,0.161194,-0.508207,-0.958750,0.179319,0.639613,-0.784518,0.209244,-1.089133,1
1.973624,-1.009109,0.316173,0.088275,-0.262646,0.270527,0.420974,-0.326991,0.479768,0.532929,0.528603,-0.876244,0.435079,0.861164,1.226654,0.954884,-0.120352,0.297876,0.083887,-1.100293,1.387463,0.054983,-0.435276,-0.031357,0.433769,0.109903,-0.060286,-0.612634,1.569633,0.309003,0.265129,0.469227,0
-0.042950,0.481547,-1.548795,-0.104768,0.405083,-0.606123,0.661799,-0.092269,-0.508537,-0.292175,-0.141079,-0.135953,0.508718,-0.412564,-0.372359,0.242686,-1.363386,-0.454250,-1.635928,0.763113,-0.913973,0.991146,0.442564,0.352663,0.976918,0.121495,-1.750239,-0.150329,-1.183820,-0.826724,-0.616172,-0.180481,1
0.270799,-1.128960,0.798288,0.213456,-0.019630,0.499907,-0.428782,0.017369,-0.405709,0.688268,-0.640614,0.439126,-0.524848,-0.762520,0.626054,0.099004,0.010594,1.335848,1.029788,0.978035,-2.427102,0.569305,0.667920,0.610975,-0.020590,-0.305588,-0.071010,1.173337,0.620579,-0.762273,0.415788,-0.619664,0
0.052307,-0.145162,-0.424544,0.256322,0.069091,0.678417,-2.299425,1.850155,0.162418,1.167310,0.731006,0.409104,0.133228,-1.702460,0.854060,-0.893447,0.147962,-0.534942,-1.302400,-0.216380,0.778909,0.026132,0.187795,0.428046,0.237873,-0.253561,0.165683,-0.509172,0.074157,0.043027,-0.220665,-0.057624,1
0.650671,0.252468,-0.583906,-0.022806,0.113715,0.318114,0.738744,-0.963123,1.706928,0.011847,-0.846649,0.445457,0.033717,0.309604,-0.085984,1.169048,-0.320926,0.966077,-1.205399,-0.582369,0.150703,0.597923,1.089432,-0.370381,-0.799605,-0.263904,0.850984,0.141126,-0.338787,-0.085313,-0.393546,-0.687835,0
-1.581063,-0.036437,-1.118219,-0.086975,-0.030834,0.070294,1.340310,-0.764578,-1.917106,-0.605430,1.767284,1.569896,-1.628480,-0.403443,-0.698581,-0.145955,-0.013832,-0.558683,0.801729,0.239112,-2.074244,0.463629,-0.452910,-1.058167,-1.027637,1.001231,-0.667312,-0.270266,-0.116634,-0.833764,0.515451,0.440023,1
0.865313,0.005659,0.103293,-0.067460,1.507120,-0.524188,0.459749,-0.177835,0.515803,0.987087,0.292850,0.489582,-0.512117,-1.137909,-0.121675,1.897691,-0.655312,0.464565,-0.222198,0.215007,0.283539,0.915457,-0.152647,-0.293752,0.148531,0.441966,0.061873,-0.094472,0.431326,-0.368419,0.527780,0.272854,0
-1.961012,-1.548921,0.329132,0.489120,0.056476,0.966328,-0.399997,0.539891,-0.866156,0.106777,-0.721403,0.175206,-0.148401,0.986846,-0.380628,-0.341177,-0.273711,0.616008,0.047534,0.381506,-1.339205,-0.198000,-0.562686,0.857155,-0.614915,0.679065,-1.141572,-0.149688,0.646763,-0.230494,-0.394253,0.720595,1
-0.298677,0.657706,-0.081549,-0.154255,0.560580,-0.064821,0.358033,0.075591,0.437978,-0.496029,-0.769627,0.209833,0.049345,0.503561,0.182950,-1.241554,0.795475,0.275976,0.018991,0.498604,-1.283262,-0.599151,0.756271,1.299672,0.341100,0.996599,-0.782201,0.403579,-0.136258,0.652861,-0.483412,1.932983,0
-0.636521,1.392102,-1.056468,-0.552947,-0.015895,0.840676,-0.127227,-1.463223,1.728487,-0.558090,0.499170,0.588563,-1.056278,-0.967480,-0.762890,0.646299,0.514398,-0.798122,0.454815,0.956487,-1.113218,-2.345284,0.792280,0.320550,-0.821435,0.623682,0.963924,0.087284,-0.043425,0.306106,0.182035,-0.791158,1
1.134475,0.083138,-0.871318,0.271786,0.630202,0.252624,-0.018937,0.234152,0.074866,0.499349,-0.359758,-1.450428,-0.196790,-0.578789,0.335963,-0.442641,0.368198,-1.582891,0.267762,0.938391,0.190101,0.058485,0.172625,1.011539,0.623533,-1.514629,0.226974,0.576291,0.212974,-0.500395,-0.180613,-0.417392,0
-0.044365,-0.187995,1.731917,-0.230361,-0.693888,-0.343822,0.680342,0.804981,0.223045,-1.352524,1.693471,0.004587,0.815448,1.105962,0.456796,0.706923,0.116174,-0.310544,-0.002739,0.197069,0.425646,-0.921028,-0.293660,0.831559,-0.152128,0.943978,0.694064,0.553176,1.728027,0.483387,-0.425658,1.392888,1
0.607404,-1.474083,0.214244,0.738429,-0.621959,0.454069,0.722374,-0.687294,0.613989,0.422743,-0.433475,-0.284589,0.444994,-0.258381,0.523679,-0.601898,0.872882,-0.020773,-1.102870,-1.824645,0.678891,0.714380,-0.838346,0.406068,0.850011,0.040467,0.303146,1.016284,-1.016841,1.161927,-0.161497,-0.395100,0
-0.835531,-1.095958,-0.167181,0.005745,0.013852,-0.677332,0.210970,0.281585,0.819881,0.501081,-0.591743,-1.644640,-0.122586,0.070191,0.638085,-0.027907,-0.004913,-0.329790,-0.426041,-1.177871,-1.358255,2.809910,-1.136594,0.858454,-0.321383,0.373488,-0.152763,0.575752,-2.042500,0.208734,-0.448651,-1.246959,1
3.196428,0.468632,-1.154502,1.016746,-0.592936,0.383849,0.232349,-0.001114,0.083067,1.759682,-0.572534,-0.009667,-1.977709,0.170496,0.489670,-0.504263,-0.384670,0.287500,0.828949,0.791569,-0.241138,1.445842,1.389814,0.399006,0.971647,0.386601,0.433320,-0.285448,1.075027,-0.549006,-0.703326,0.251604,0
-1.800572,0.336021,-2.456789,0.828741,1.081948,0.222952,-0.032114,0.606307,0.203334,1.377012,-0.144441,-0.599321,-0.496489,0.598114,0.758775,-0.488184,-0.968185,1.566076,0.476123,-0.987103,-1.054823,-0.067850,-0.635861,-0.501746,0.244746,0.519568,-0.628519,-0.046934,-0.642296,0.398569,-0.789561,0.159410,1
-0.774890,0.662014,-0.663893,-0.912981,0.709467,-0.086117,0.285882,0.612717,-0.528917,-0.846329,0.287748,-0.268368,-0.079202,0.527794,-1.014830,1.012296,-0.341902,1.269439,-1.938030,0.137121,-1.013638,0.151219,-0.302555,-0.289629,0.219138,0.682440,-0.448495,-0.236720,-1.041339,0.116468,0.224468,0.351026,0
-0.485918,-0.250274,-0.297804,-0.509593,0.256027,-0.058286,1.071067,-0.515550,1.079100,-0.956020,-0.215193,-1.270717,0.208699,-0.146222,0.197072,0.811622,-1.760408,0.222539,-0.903607,-0.456618,-1.017027,1.586993,0.853006,-0.430775,-1.294470,-0.056570,0.875577,0.784811,-0.332961,0.093375,0.331706,-0.724634,1
0.126135,-0.241575,-0.513076,0.473037,-0.711172,-0.495308,0.158249,0.488472,-0.717955,-0.196069,1.668864,0.657850,-0.953389,0.041030,1.075016,1.070423,0.283909,-1.025405,-1.157660,0.630296,-0.851218,0.124506,-0.563957,0.265928,1.358093,0.410661,-0.462207,-0.438899,0.162587,0.261932,0.614876,0.253988,0
-1.747041,-1.074325,-0.041633,-0.404181,-0.341344,0.206473,-0.738672,0.017402,-0.981607,-1.140786,-0.456026,-0.044607,-0.402190,-0.243145,-0.869653,0.345998,0.065241,2.588121,0.501112,1.527206,0.524190,0.185950,0.508312,0.553501,-0.687131,0.442375,-1.633182,0.238160,-0.202581,0.304875,-0.010614,0.182463,1
1.303582,0.885512,-0.056505,-0.249534,0.407392,-1.041423,0.626006,1.332913,0.457001,2.080202,0.216183,0.834749,-0.914485,0.327792,-0.579815,-0.784029,-0.257207,0.580074,0.856907,0.694782,-0.571979,0.327403,-0.183928,-0.883641,0.346661,0.816369,1.479209,0.376623,-1.070632,-1.190762,0.346318,0.472412,0
-0.493206,0.744784,-0.255042,-2.221374,-0.459993,0.255396,-0.841199,0.721461,0.534114,0.679877,-0.366668,-0.175284,-1.291987,-0.892304,-0.311459,-0.366272,-0.457623,-0.260675,0.239372,-0.345190,0.091975,0.424118,0.494542,0.664418,1.582181,-0.824564,0.836973,-0.977327,0.897400,0.087450,0.330471,0.641327,1
1.329912,0.542352,0.224813,0.878653,-0.486041,-0.593654,0.430588,-0.490234,-0.379323,-0.447456,0.072457,-0.752548,2.540351,1.301329,-0.718320,-0.021147,-0.192738,0.163505,0.882135,-0.768024,0.312397,0.437705,0.851529,-0.295748,-1.021347,-1.061714,-0.136940,1.462353,0.370583,-0.133605,-0.028457,0.168268,0
-0.717111,0.455484,-1.628986,1.570940,-1.019474,1.486374,-0.156582,-0.356336,-0.463408,-0.018467,-0.831068,1.497642,-1.228566,0.418629,-0.100053,0.546966,0.759452,0.449258,0.648818,-0.481214,-0.060001,1.802967,0.909488,0.798516,-0.539531,0.202967,0.270711,-0.577397,-0.385064,-0.488998,0.100552,-2.248699,1
1.480668,0.717365,-0.109805,0.009782,-1.020763,-0.372786,-0.967005,0.839702,-0.699732,0.279593,-0.111888,-0.562474,-0.351626,0.886625,1.106390,1.267473,-0.311655,-0.175467,-0.024330,1.234343,1.618789,-1.026243,0.771271,0.655735,0.075963,-0.809245,-0.365278,-1.466897,0.576143,-0.253425,0.589424,0.327826,0
-0.631159,0.390423,0.534527,-0.836076,0.846516,-0.269364,-0.078318,0.846559,-0.611656,0.058147,0.681588,-0.948421,-0.431021,0.795679,0.534328,-0.837381,0.250378,-0.664834,-0.593118,-1.310370,-0.244553,0.313825,-0.075720,-1.201521,-1.180828,-1.151350,-0.616148,-0.232639,0.207680,1.098417,0.727957,-0.835629,1
0.784480,0.709136,0.094277,0.381274,1.052026,0.310542,-0.569444,1.527482,-0.295349,-1.232789,1.304413,1.060461,-0.587928,0.207934,0.485890,0.604148,0.266613,1.660204,-0.585216,0.272887,-0.880345,1.090329,-0.968875,0.702313,-2.405675,0.941494,0.061263,-1.319574,-0.085208,-0.718636,-1.207378,-0.107280,0
-0.903291,0.395849,0.268567,0.363562,1.002934,-0.922259,0.438053,0.622240,-0.163191,0.437205,0.451160,-0.835856,-0.783501,0.593863,-0.433603,0.921622,1.387230,0.885122,0.383109,0.662853,0.119266,0.044222,-1.235764,0.254759,0.995080,-0.536572,-0.554601,-0.171844,-0.087333,0.994450,1.908863,0.084948,1
-0.015226,-0.155370,0.111681,0.087992,0.386380,-0.983550,-0.234229,-2.001374,1.262735,0.046335,1.038027,1.075301,-0.422423,1.081683,-1.037388,-0.657277,1.008486,-0.344541,-0.151031,0.237005,-0.184797,-1.608394,0.375606,0.485129,-1.345054,-0.785518,-1.206002,0.565696,0.051496,0.460266,1.230180,-1.327737,0
-0.787073,0.587630,-0.431685,0.842201,-0.205865,-0.296627,1.007406,-0.570943,0.974989,-0.068741,-0.910082,-0.207742,1.119045,0.248945,0.249593,0.170981,-1.691991,0.742136,-1.221368,-0.401473,0.886130,-0.728071,1.545985,-1.835184,-0.054844,-0.146768,1.144384,-1.619735,-0.773937,0.176585,-1.709477,-1.225491,1
2.157893,-0.124942,2.116066,0.196973,-0.224842,-0.013166,-0.002052,-0.863789,0.119702,-0.630620,-0.312480,0.826717,0.539720,1.626427,0.311223,0.419650,-0.328378,-0.398621,-0.923747,1.443104,1.158818,0.704109,-1.428061,-0.028523,0.773398,-0.290203,0.179067,-0.316085,0.515048,-1.075492,-0.192786,-0.474405,0
-0.889823,0.440376,-0.074134,-0.257945,0.545518,1.263624,-0.165970,1.581834,-0.160690,0.972924,0.752949,-0.534002,0.160695,1.154080,-0.371133,0.508975,-0.420354,-0.199959,0.360094,1.471518,-0.842562,-0.540876,0.770772,1.907843,-0.377171,-0.753038,-0.386765,0.717121,1.123462,-0.619863,0.879744,0.379091,1
0.486000,0.512841,0.467831,-0.470543,-0.209686,-1.041620,0.047395,0.736743,1.186366,-0.249221,0.879190,0.462979,0.424702,0.653687,-1.165204,-0.794888,0.771742,-0.496092,0.718288,0.444297,0.449165,0.508798,0.859166,0.238511,-0.569240,0.515702,1.031590,-1.343796,-0.137769,0.047482,0.449414,0.822258,0
-1.429914,-0.582391,-0.080885,-0.584351,-0.211612,0.050103,0.937961,0.531857,1.161997,0.168075,1.721797,0.811242,0.325439,-0.309982,0.450834,1.413531,0.502446,-0.744867,1.123392,1.182985,0.018182,0.078649,1.143612,0.060415,1.148378,0.082695,0.318891,0.543805,-1.294579,-0.146043,1.419072,0.148213,1
2.118257,-0.771341,1.460021,-0.957990,0.482059,-0.588753,1.455292,-0.209134,-0.562881,-0.083742,0.038093,-1.137564,-1.111063,-0.569088,0.288602,1.876979,-1.191293,0.072580,-1.329651,-0.227661,0.374611,0.946150,0.064004,-0.164926,0.280561,-0.027071,-0.731771,0.817461,0.721577,-0.515274,0.585413,0.475430,0
-0.418459,0.934979,0.603048,-0.087605,0.280242,0.175133,0.145167,-1.670578,-0.321197,1.267377,0.232651,0.558093,0.861841,-1.435147,1.877900,-0.832902,0.674367,-1.271152,0.258521,0.167264,0.672433,-1.433191,0.288682,0.264653,-0.319997,-0.444410,-0.279488,0.468491,1.340030,0.542966,-1.038635,1.510595,1
1.622326,0.250244,0.257665,-0.511805,0.316787,-0.001679,-1.144585,0.895384,-0.826034,1.600771,-1.484392,0.969420,0.142607,0.664137,-0.985635,0.533773,-0.439401,-1.003581,0.213866,-0.204862,-1.023246,-0.833838,-1.185328,-0.698910,0.529834,-1.134513,-0.337244,0.264505,0.295674,-0.992748,-0.211437,0.658144,0
-0.699545,0.174974,-0.886381,-0.392112,-1.922643,0.214161,0.166550,-0.054126,1.029777,-0.539890,1.310632,0.123040,-0.769956,0.558243,-0.506332,0.691466,-0.327333,-0.809507,-0.290137,0.325561,0.496959,0.652660,1.142236,-0.703115,-0.725328,-0.555847,-1.092022,-0.152973,0.315013,-0.569249,0.487156,0.380013,1
1.705201,-0.153924,-0.084760,-0.072836,1.394707,0.227205,0.422540,-0.210940,0.693228,0.463306,0.080170,-0.281706,-0.214526,0.817455,-0.759122,0.715609,0.150070,0.011640,-0.431734,0.253532,-0.182023,-0.025955,0.785646,0.028139,-0.673636,-0.193639,0.100652,-1.188468,-1.263868,0.135213,0.681300,1.730810,0
-0.468378,-0.241821,0.047470,0.340577,-1.724149,-0.886329,1.858155,-0.111820,1.057816,0.355230,0.043041,0.795913,0.569357,-1.212088,0.295650,1.027959,-1.119821,0.356989,0.603133,-0.227052,1.521499,-0.116045,0.582557,-1.574455,-0.527575,1.016711,0.423457,0.785652,-0.361247,-0.293941,0.240674,-0.336770,1
1.735831,-0.004640,0.819057,-1.123946,-1.425964,0.569429,1.216383,-1.242914,-0.502097,0.317856,-0.639194,-1.314550,-0.942627,-0.099964,0.520247,0.100565,0.193753,0.258065,0.350290,-0.232881,0.189854,0.333359,0.745208,-0.359975,0.623087,-0.272264,-0.170136,-0.176083,0.355490,1.208974,-0.982224,0.644338,0
-0.822232,0.711175,-0.465739,-0.626090,-0.970806,0.484812,0.068680,0.629800,0.759344,0.371327,0.113544,0.665979,0.782697,-0.398644,-0.936052,-0.070995,0.158498,-0.341711,-0.349624,0.244338,0.702358,0.793219,-0.518474,-0.056892,-0.201728,2.484523,-0.152298,0.347140,-1.117896,-0.548695,0.421174,1.812310,1
1.099371,0.201706,-0.203958,0.031488,1.976201,0.112534,0.124096,-0.671312,-0.253767,-0.172497,0.599489,0.357721,-0.371000,0.464954,-0.096274,-0.966760,-1.155692,-0.225049,0.079776,-0.111819,1.191982,-0.458559,0.397821,-0.129752,-0.654276,0.934252,0.150332,-0.632616,-0.245411,0.780048,0.065322,-0.178775,0
-0.640193,0.311180,0.100842,1.429579,-1.391698,-0.320183,0.675715,1.046544,-2.437568,0.415449,0.436365,-0.309907,0.343500,-1.049242,1.246758,-0.136495,1.271678,-0.317244,0.012116,0.245332,-1.290068,-0.349222,0.252568,-0.813882,-0.136737,-1.099241,0.066442,1.013338,-1.669881,0.256345,0.078882,-0.109619,1
1.222580,-0.922287,-0.295606,-0.812878,0.413132,0.543800,-1.775877,0.525171,-0.504809,-0.183095,0.791564,0.225862,-1.116218,-0.577389,0.991721,-0.501040,-0.327209,-1.357379,0.061915,-0.439588,0.719599,1.058284,-0.373562,0.089840,0.903954,0.745696,0.853407,-0.720036,-0.643034,-0.974278,-0.929090,-0.690218,0
-1.385487,0.006775,-0.584791,0.704334,0.463613,0.649951,0.218112,0.018635,0.754709,0.115098,1.334676,1.306839,0.790021,-0.300416,-0.166135,0.965944,-0.030301,-0.124107,-0.502647,-0.086229,-0.210000,-0.718418,0.046003,0.875656,0.063375,0.071326,-1.116663,-0.843434,0.141742,-0.709329,1.198731,0.335654,1
0.620080,0.646656,-1.471915,1.161230,-0.249977,-0.277718,0.355438,2.123583,-0.918848,-1.050263,-1.891743,0.331913,0.087032,0.782237,-0.898029,1.300255,0.901207,0.307621,0.515318,-0.391690,-0.661020,-0.466633,-0.058558,-0.740016,0.810729,0.711038,0.412235,-1.241275,-0.488151,-0.260580,1.081695,-0.836944,0
-0.692976,0.703931,-0.066239,-0.063057,0.556819,0.517702,-0.399086,-0.637002,-0.050461,-0.639225,-0.146294,-0.556345,1.454427,-0.530201,1.028322,0.877648,0.014924,-1.214324,-1.080776,-0.186768,0.280855,-0.951540,-1.106397,0.145145,0.075860,-0.561572,-0.974556,-0.932082,-0.096413,0.539649,0.146758,0.626988,1
1.671349,-0.333774,0.428522,-0.706959,-0.931626,0.179021,-0.684688,-0.546397,0.796545,0.066614,0.631762,0.041245,-0.492335,-0.407780,-0.401181,-0.170886,0.734704,-0.875913,0.133120,0.809340,-0.885794,-1.510783,-0.821045,1.132153,0.531586,0.471033,0.647289,-0.652941,-0.439168,1.096057,-1.055137,-0.735136,0
-1.290138,0.824467,-0.571778,-1.093612,-0.705610,0.550094,-0.786606,1.121436,0.281129,-0.109085,-0.424360,-0.533990,0.344253,0.673851,-1.099224,0.608380,1.396400,0.085309,0.156907,0.891185,-1.241382,0.275617,1.387563,-0.854265,0.712820,-0.509087,0.109121,-0.619379,0.106403,-0.283412,1.190301,-0.487273,1
0.980834,1.281032,0.898557,-0.362117,-0.835824,0.307030,0.322449,-0.315851,0.803748,-0.772936,0.069379,-1.058568,0.656614,1.297989,-1.276052,0.048970,0.491412,-0.392861,0.453986,0.332765,-0.274413,-0.145987,-0.713877,-0.449271,0.199427,-0.317575,1.796243,0.137866,0.737468,1.532406,-1.215688,-0.304063,0
-0.589055,0.208748,-0.559359,0.170016,0.024341,-0.459609,-1.023071,-0.659702,-1.385373,-0.287780,0.466356,-0.348291,1.172664,-0.529835,-0.641701,0.036283,0.056931,-0.168459,1.856562,-0.439139,-0.123836,-1.490767,0.495281,-0.009433,-0.956634,-0.477137,0.737321,-1.119957,-0.401204,-0.788033,0.756173,0.877101,1
1.892223,0.221597,0.426645,-0.675931,0.223419,0.599756,-0.316263,1.242210,-0.428134,0.146058,-1.257920,-0.750872,-0.946859,0.105270,-0.421410,0.579159,0.708948,-0.187348,-0.636478,0.454897,-0.652730,-0.637086,0.201932,0.641957,-0.958764,-0.508187,-0.512534,0.948568,-1.838886,1.015969,-1.328381,-0.982153,0
-1.383182,0.201225,0.879108,-1.374105,0.499741,-0.573156,0.115532,0.958258,1.342324,0.232930,0.692355,-0.200740,0.367057,0.110156,0.396582,0.532983,0.128283,-0.654591,0.329396,0.284918,0.603946,-1.259914,-1.053523,-0.603083,-0.026919,-0.581501,-0.159402,-0.456988,0.010493,-1.006821,-0.499479,-0.703024,1
