-1.5817724
-0.48882441
-2.1400665
-0.018914658
-1.7994974
-0.16655462
-1.5740354
-2.3473614
-1.382678
-1.6698811
0.029284428
-1.3154705
-1.8314258
-1.2699115
-0.6249612
-1.6112516
-1.7490746
-0.41976371
-1.454276
-2.0989192
-0.6048411
-0.32809357
-1.6321859
-1.2536169
-2.048489
-0.66645557
-0.099443158
-1.6090321
-0.55839009
-1.6097064
-1.3723198
1.6629485
-1.5230643
-0.90959143
1.4773714
-0.78661672
-1.2259438
-0.55047774
-0.74507962
-0.25947602
0.44628423
0.52381177
0.80781939
1.5412597
-1.552608
0.1617625
2.5082309
0.14997306
-0.6808413
-1.1258295
