-1.0392434
-0.93238194
-2.371042
-1.0347767
-1.2669022
0.096710228
-1.2679299
-1.3913258
-0.55747745
0.56203875
-0.80077427
-0.82829989
0.34152682
-0.9042973
-0.83402044
-1.1602884
-1.3768365
-1.4375882
-1.2982731
-2.1685033
-1.5009978
-1.1940347
0.10988163
-0.5481507
-1.9521205
-1.5462381
-0.99418086
-1.8662413
-1.4351336
-0.82706271
-0.73638619
1.8299726
0.32799637
3.0805942
1.1372322
-2.024346
0.44713272
-0.70009943
-1.3670136
-0.83326178
0.2915604
4.0509981
0.94671196
0.8572741
1.3984244
2.9768423
-0.7458955
-0.55631524
-1.2433793
-1.457263
