-0.65553387
-0.92747077
-1.8728535
-1.3503933
-0.88537208
-1.3235404
-0.62058598
-0.12143632
-1.8830423
-1.8114712
-2.3727221
-1.9918164
0.84432726
-2.2049791
-1.9343356
-0.80246184
-0.75552222
-0.81387463
-0.94108704
1.2933265
-0.82098966
0.73854347
0.11940524
-1.3910332
-1.8412454
-2.0329368
-1.7222812
-0.7640682
-0.26882129
-1.4194491
-1.6623619
0.7702475
1.4525624
0.83788238
-0.14673619
2.1273176
1.7721894
-1.0916779
0.62422292
-0.052671974
0.56218605
0.64262089
-0.3114682
-0.010970215
1.8604668
-0.91597029
2.5370414
0.32911962
0.51813736
-0.49301369
