-1.4563897
-1.235479
-1.9477079
-0.4760666
-0.92119441
-1.3581781
-3.1536699
-1.2892044
-1.3865536
-0.78359211
-1.7432909
-0.70377361
-1.0981218
-1.0808481
0.41160854
-1.5046111
0.26200054
-1.7017631
-1.6031566
-2.2038977
-0.87429835
-1.6466722
-0.12221219
-0.5333339
-0.42103508
-1.7792277
-1.3212067
0.38343978
-2.1366989
-1.5537188
-1.9087638
-1.1932396
0.21685595
1.9854514
0.53166113
-1.1901292
-0.49461255
-1.0197664
-0.033982398
-0.11616577
1.109814
-0.53092004
-0.96321696
1.1382302
0.86988556
0.62339043
-0.28185823
0.55722541
0.85671296
-0.42557272
