-1.614245,0.138179,-5.938071,-2.287611,0.011037,0
-1.443448,1.775997,3.547617,-1.656991,2.803744,1
-3.701493,0.388330,-1.833316,-0.569340,1.050901,0
2.075391,-0.759692,-0.764283,0.988643,-0.699735,1
1.673409,2.803518,1.055056,0.469604,-2.349092,0
-3.294527,-1.863929,-0.950093,1.019362,0.296905,1
-4.651413,0.765244,0.110178,2.766706,1.080546,0
1.249456,0.435586,0.512036,-2.523177,7.494337,1
-1.595246,-1.448067,-0.793599,-3.154171,-0.896355,0
-3.417138,0.810435,1.771086,0.564606,1.330104,1
1.463086,-0.947560,-2.247007,1.924457,-0.171477,0
2.146697,3.569625,-1.388782,1.458075,0.167436,1
-2.627363,0.890414,-3.660670,1.757417,-0.006699,0
-0.184941,3.437626,0.732546,-0.509739,5.921061,1
-4.403138,0.767044,-2.279739,-3.212084,-2.141816,0
4.384283,-2.075871,-3.282145,-1.235240,2.550533,1
-3.684202,-2.864895,2.357585,-0.800592,-2.645969,0
-0.366773,1.569384,-1.234683,4.048333,-3.400877,1
-1.544680,-4.986881,-0.483332,1.653511,-1.182890,0
-3.550990,0.259673,0.734689,1.100115,1.012401,1
0.157654,1.676752,-4.070767,-0.352110,-0.891367,0
1.038923,1.727553,1.173978,3.540874,0.346484,1
0.109876,-1.766906,4.670750,0.144067,1.516777,0
-3.941091,-2.417198,-1.352762,-2.443290,0.500761,1
1.770316,-4.333648,1.663150,0.038990,-2.222311,0
1.086770,-0.548706,2.543507,0.427057,0.344126,1
-2.151660,0.011455,-0.208393,1.925804,5.511467,0
-0.209449,2.611085,2.988683,-0.024650,0.881063,1
-4.281786,-4.291896,2.499701,-2.117415,2.822579,0
3.250641,-0.000937,3.361123,-1.277132,-1.014703,1
3.775309,-0.020851,-1.850592,-0.920591,2.669774,0
2.313993,4.554461,2.975839,6.650751,3.110153,1
-1.600842,-0.165689,-1.330528,-0.385702,1.487855,0
3.245202,1.353649,-1.931556,0.211306,0.488899,1
-5.054837,0.263069,0.656719,-0.362735,2.870286,0
2.353182,-1.695250,3.036518,-1.178545,0.694783,1
-0.308818,1.290658,-1.557180,0.954189,1.306670,0
0.342863,-1.070903,0.994341,-2.275199,0.195265,1
1.267632,-1.479247,-0.881753,1.505161,0.543203,0
3.346695,2.732140,0.570011,6.073980,0.751898,1
-1.454014,1.889511,2.245753,3.350666,4.064461,0
0.193631,1.939082,-0.702940,-0.693550,4.509339,1
-1.267808,1.011454,-0.872270,-2.543299,3.621811,0
-0.473932,0.841412,0.054343,4.090015,1.156076,1
-0.526456,-0.815078,-0.420386,-1.199569,1.068867,0
0.979698,4.097832,0.074356,0.887390,2.531538,1
-1.737152,-3.785147,-0.699081,-0.855525,-4.475485,0
3.947844,1.217289,2.794345,2.165486,0.434093,1
-0.740003,-0.135912,-3.731831,-0.642615,-3.811868,0
-0.963717,4.864070,3.529635,-2.048989,2.399186,1
-0.213407,-1.420321,-2.103626,-1.515532,2.699850,0
-0.688014,-3.173990,1.029481,-1.240163,-0.787735,1
-2.397102,-2.912890,0.899782,-1.198974,-3.635026,0
2.056805,2.797101,1.199381,3.015542,-4.987770,1
-2.767277,-1.222261,-5.335266,-2.851359,-0.804735,0
-2.328785,-0.311089,1.300635,1.182119,-0.915418,1
-1.261826,-1.286819,-4.443441,-1.613503,-3.889695,0
2.505840,1.047107,2.636216,0.780054,3.171059,1
1.738757,-2.728111,-2.004165,-1.295508,-2.606615,0
2.198715,2.911089,1.105858,0.455853,-1.286437,1
-2.857840,-2.349582,3.088449,-0.529346,-1.672370,0
3.725897,-0.739082,2.294883,2.329692,2.095921,1
-2.325146,-6.144173,-0.795003,-1.842745,-0.140924,0
5.146154,0.324222,-0.349946,1.959661,-0.353647,1
0.474804,-0.620568,-0.017923,-5.103334,-0.619000,0
0.966702,-0.754968,2.046031,-2.670335,1.455598,1
0.867061,-1.007501,-4.244508,2.779237,3.666876,0
1.128253,1.512916,4.269176,0.670221,-0.031745,1
-2.832303,-1.011229,-2.773307,2.196921,0.160725,0
2.545334,-0.310884,-3.542348,3.051835,-0.706416,1
-0.624540,-0.772888,-0.690662,0.388414,1.041514,0
2.988671,2.554935,-0.626721,2.222846,0.046154,1
-6.436073,-0.931410,-3.253964,0.959824,-2.320676,0
4.923852,1.827892,1.261533,3.029931,2.338386,1
2.348779,-6.159791,1.847921,-0.207785,-4.656015,0
2.547518,4.514777,6.011810,0.578705,0.310729,1
0.034802,3.559621,0.261059,-1.491919,-2.709182,0
-0.872949,-0.828827,2.671625,6.782211,1.827892,1
-0.899740,0.640299,-5.569302,2.028305,-1.683955,0
0.810353,2.716976,3.776118,2.237702,1.358823,1
0.484474,-2.308961,-7.246222,2.120958,-0.821997,0
1.754648,1.207684,-0.386029,0.552967,0.650655,1
-1.678800,-3.193265,-2.015699,0.265010,-4.520392,0
-1.460977,-1.693472,3.063679,3.359706,0.871461,1
-1.137012,-1.823567,0.943104,-1.044804,0.263028,0
1.645944,3.881386,2.639215,1.579379,2.991763,1
-2.186051,-2.215747,3.321534,0.615803,-4.270533,0
1.740052,3.484609,0.769879,-2.664055,3.005406,1
-4.100357,0.300914,-0.474925,1.899556,0.512939,0
-1.022760,2.071072,3.707201,0.108112,-1.217400,1
2.670938,-0.913933,-0.674159,-1.912828,2.204246,0
-2.496731,1.325434,1.724235,-1.240727,3.357378,1
-1.746047,-0.466978,2.632261,-4.700580,-4.641557,0
3.392356,-0.135448,0.122347,2.312186,1.479928,1
-1.446772,-0.635689,2.239799,0.035506,0.122346,0
-2.989530,3.846544,2.250599,1.707094,-1.807215,1
4.944214,-2.565138,0.192069,-2.285268,-1.372319,0
-0.820909,1.822928,-1.603374,3.067718,2.391386,1
-0.052001,-1.489400,-2.291699,-5.164500,-5.311398,0
-1.500803,4.009031,2.217241,3.831493,0.447104,1
-1.674217,-0.205785,-0.056486,0.144663,2.268200,0
-4.349576,0.703259,2.373627,0.822405,3.323286,1
-0.473667,0.918015,-1.504148,0.261518,-1.627051,0
0.019187,-2.565953,1.707180,0.000124,3.544410,1
1.609939,2.117375,0.082990,-0.081158,-1.608122,0
2.632369,1.051488,2.518092,2.171009,0.418221,1
-0.900630,1.177133,-0.387705,1.841164,-1.242665,0
0.418737,0.378559,2.257881,1.035089,-0.001123,1
-5.928231,-1.210882,-0.304902,1.388955,-4.144779,0
2.653183,-0.227896,-0.806155,2.022690,2.302102,1
1.835636,-0.923777,0.130856,-3.094623,-0.515328,0
-0.244277,-0.953019,-1.048234,-0.253074,1.721049,1
0.412726,-3.168590,0.491654,-5.877355,-0.226562,0
1.739641,2.874516,0.889976,0.868944,3.465858,1
-4.197414,1.662941,-1.704474,-1.110774,-2.456131,0
-0.403448,1.219048,-1.450944,0.939067,-5.054142,1
0.750658,-1.844269,-0.859109,-3.274584,-0.364671,0
4.540958,0.902518,1.681507,3.289667,0.289670,1
-3.343925,-1.198720,-1.517467,-1.493927,1.293093,0
2.262643,1.815178,0.671575,0.002499,-1.657732,1
0.813925,-4.097182,3.115663,-2.960118,-2.242258,0
-1.645365,-0.129448,6.485830,1.260657,-0.345890,1
1.753719,-1.036454,1.980549,-2.791214,-2.234490,0
-1.057475,-0.843743,-0.790887,0.733955,4.013089,1
-2.598559,-1.785189,0.711731,-2.130613,1.828275,0
5.224252,0.220239,1.192569,2.465080,7.112713,1
-2.339412,-3.412325,-3.889510,-0.456170,0.626415,0
0.570160,8.797953,-1.678312,-2.423309,2.595457,1
-4.155252,0.266215,-2.082332,-2.699374,0.128195,0
-1.062550,1.096045,1.587648,-3.548959,2.797577,1
-2.618964,4.198677,-2.973676,-1.065238,1.470200,0
0.760603,3.718390,2.737412,-0.834572,0.256293,1
-0.199952,1.645018,-5.284564,-1.226998,-4.608783,0
-0.189722,1.845881,1.164708,2.433512,2.188468,1
0.512130,-2.404687,-1.665440,-0.271183,-0.475465,0
1.493073,0.656871,1.777347,2.762960,-0.487314,1
-0.871837,0.556436,0.923002,-2.099280,-2.404081,0
-1.283980,-3.252560,1.849805,0.218686,-0.211999,1
-3.583632,-1.967200,-1.579894,-1.304012,0.420490,0
-0.017225,5.614480,2.553924,-0.220947,-0.136158,1
1.549535,-1.192330,-1.016802,-3.237300,0.259509,0
-0.026354,-0.695594,4.005791,1.289123,1.884775,1
-0.421782,-0.149223,1.887882,3.823196,-1.285154,0
-1.471094,0.870560,1.883530,-1.695601,-0.925983,1
0.417299,-2.548172,-1.467131,0.457284,-1.378759,0
-0.430683,-0.264613,1.035610,3.850997,1.684337,1
-8.141037,0.097729,-0.931067,2.552051,0.274649,0
4.404640,-0.088436,2.107409,0.853868,-1.997567,1
2.097482,-2.177130,-1.659751,3.361224,1.519428,0
1.859157,2.831810,1.629425,0.283234,2.993751,1
-5.064542,-1.443791,-1.230890,-1.940586,-1.757367,0
1.382530,0.032210,-2.957545,3.315786,-1.756778,1
1.864107,0.640386,1.243786,1.210882,0.378242,0
3.021899,1.269114,4.581284,-3.102515,0.116415,1
0.534417,0.054164,-1.219383,0.630733,-0.728373,0
-0.754034,-2.304299,0.667756,2.008796,1.121941,1
-3.896846,1.569860,0.579360,-1.568594,0.463251,0
-3.592528,0.942727,3.609522,-1.996184,1.670465,1
0.674913,1.126354,-2.481024,2.919689,3.112021,0
2.756259,-1.726803,3.880776,-0.170493,6.220610,1
-2.093602,2.246143,0.290394,0.143154,-1.559098,0
-1.725741,-1.030395,3.649100,-0.741148,0.079581,1
-0.145952,0.485251,-0.969899,0.015127,-0.105370,0
4.870660,4.663116,1.156376,1.552079,-0.127708,1
-0.288848,1.341554,-1.864243,-2.419961,1.821712,0
2.732515,3.857716,1.765680,-0.457196,0.036955,1
-0.144099,1.214290,0.303197,0.733189,0.961092,0
-0.296571,-0.473964,-0.203190,2.161677,-1.098157,1
-1.706199,-1.502101,2.020610,-2.476806,-1.910504,0
0.372092,3.080741,-0.901937,2.553054,2.842132,1
0.286450,-0.053348,-1.592924,-3.906585,-2.959847,0
-0.420438,-0.815837,3.850997,1.307022,0.237076,1
-2.225979,2.825452,-4.641212,1.796526,-1.058504,0
3.481910,-0.274857,-0.953297,3.029940,2.048183,1
1.074175,-2.972089,-5.653888,0.561661,1.500770,0
-1.697597,3.719959,0.144626,0.894795,1.510122,1
1.923126,5.540041,0.007735,-3.658511,-1.953370,0
2.505473,-1.093890,-4.300118,0.016597,-0.078192,1
1.710000,-0.631486,-3.052938,0.950026,1.751361,0
1.793667,-0.531970,1.585926,1.690866,2.357535,1
-3.902418,-2.604262,-2.380076,-1.777503,-2.224765,0
-0.168196,-2.546480,-1.610194,4.651704,2.489938,1
-0.429442,0.535796,2.908323,3.392230,-3.233283,0
0.049394,-1.854515,1.554376,1.380029,0.337027,1
-1.507500,-1.705010,0.403940,-0.134997,-1.607699,0
-0.960711,0.359220,1.829718,2.171726,2.145025,1
-1.448730,-2.720444,-1.449053,-3.222909,-2.082767,0
-2.547527,1.888907,1.697409,2.681165,-1.579245,1
-7.147256,-6.624710,-0.779148,1.383451,-3.199206,0
2.807135,0.857690,0.469994,3.437722,0.620926,1
2.179422,-0.686762,-4.516929,-0.124693,-4.572871,0
1.598330,0.296382,4.021043,5.094002,1.065062,1
-0.790851,-1.988121,0.049637,-0.156080,-6.377216,0
-1.871859,2.272429,2.850943,-1.273060,1.129470,1
-0.007096,0.245933,-0.799200,-5.359602,-1.002774,0
-0.187489,1.504747,2.411305,2.506289,2.992750,1
-2.250306,3.426431,-4.753130,-5.603834,0.451314,0
5.602100,-0.839544,0.565894,-0.252358,-0.592983,1
-1.138797,1.978451,-1.536091,-3.599172,0.102515,0
-3.334610,0.563955,-1.117199,4.099857,-0.378946,1
1.072266,-2.630276,0.728285,-1.065921,1.746175,0
2.922689,3.818639,4.221965,0.181947,2.134088,1
-0.560359,-2.713318,-2.649913,-1.190202,-2.616212,0
5.450289,-0.834784,-2.748689,-0.387140,4.204643,1
-3.768561,-0.286009,-0.741091,-2.342437,-2.223053,0
1.941087,0.855248,5.091917,-0.728855,-1.063160,1
-0.781344,-1.355994,-2.561913,-1.523650,-3.316536,0
3.634319,1.672683,1.767106,-0.106893,0.214749,1
-1.011364,2.313146,-1.082063,-4.656872,-0.329206,0
5.269087,2.998263,1.950353,-1.321419,-4.909515,1
1.645786,0.865709,-2.094400,-0.655905,-1.730288,0
0.901460,1.198045,1.600316,-0.491235,2.860328,1
-3.003893,-1.552432,-3.705087,-2.606121,-2.224757,0
0.657830,0.033401,2.818198,-0.045140,5.661047,1
-1.054146,-0.579716,-2.163566,0.440880,0.403614,0
2.439777,-1.071605,0.426988,-2.513104,-7.676226,1
-1.004877,-3.936752,0.053358,0.005215,1.772604,0
-0.481821,5.145247,-3.739574,0.802987,5.346979,1
0.942258,-6.462060,-2.699281,-3.310989,4.618238,0
1.721540,3.955932,2.161808,2.420049,1.779288,1
-3.563871,-1.290069,-4.107916,1.684234,2.813844,0
0.487115,3.688589,-1.332979,-0.781676,3.682436,1
-2.521486,-5.959985,2.527349,1.957920,-0.444380,0
1.169047,-2.130651,-1.863065,0.636968,3.617579,1
2.147113,-2.863108,-2.502411,-5.521492,2.583564,0
2.868659,3.797889,-0.125256,-1.195343,3.391370,1
-1.746911,-5.813818,-0.170012,-1.357589,-2.611586,0
-0.572261,2.178473,3.154647,-1.519492,3.482229,1
-4.374667,-0.545308,-4.827112,1.971473,-5.107403,0
-0.947134,-0.229630,1.377355,0.097793,1.781936,1
0.104706,0.374098,1.718228,-2.913756,-0.870421,0
0.307004,2.023176,-2.034472,0.436641,3.049387,1
4.043615,0.612129,-3.326189,-1.939415,1.640450,0
-3.489394,3.130800,4.342676,-1.904776,1.407039,1
-1.824525,-3.382783,-1.203003,0.135572,-0.239936,0
1.028149,-0.112290,1.987900,2.180942,0.953653,1
-2.218830,2.004881,-0.068936,-5.144047,-0.733206,0
-2.272707,-0.986614,1.151118,2.000081,-1.961994,1
0.832959,-7.098730,-2.893617,-3.107464,-0.660547,0
3.134530,1.942996,1.142279,1.571315,1.172444,1
4.701717,-2.832775,1.502440,-2.577525,-0.705548,0
-1.086520,2.041498,1.481482,0.598952,-2.315711,1
-0.835225,0.894040,0.137423,1.722975,-1.928883,0
4.594452,0.587708,3.006164,0.855420,2.916278,1
3.840418,-2.448668,-1.620390,-0.756656,-1.362251,0
2.983213,1.747663,1.949809,-1.234585,1.565784,1
0.247227,0.343435,-3.294734,-4.783788,-0.494603,0
-0.433372,0.300011,5.792991,-0.490993,1.941702,1
-0.962793,-1.695524,-4.698719,-2.425590,-0.396657,0
2.165417,0.579882,0.134008,3.090685,-2.508218,1
