1.736664,0.242211,1.022418,0.136281,-0.232250,-0.392094,0.608176,-1.276929,1.029354,-1.190578,0.970047,1.567038,0.998845,-0.349929,0.411323,-0.127984,-0.926166,0.033855,-0.169443,-0.428819,-1.633890,1.167715,-0.046362,0.352491,-0.644717,-1.478196,-0.972415,0.518500,0.089377,-0.691408,-0.522414,-0.213348,0
-0.539942,0.445215,0.337703,0.368633,0.118306,0.192279,0.091977,1.850560,0.672198,0.634898,1.030544,0.098849,0.980880,-1.193016,-0.983821,-0.565115,-0.326924,1.434912,-0.595387,-0.100543,0.573130,-1.772726,-0.009795,-0.005146,0.350822,-0.769316,0.292813,-0.382837,-0.913581,-0.895239,0.221680,-0.115956,1
1.923205,1.137203,0.412814,-0.105260,0.056976,-0.408002,1.698169,0.226247,0.649837,-0.945029,1.500396,-0.752919,0.873842,0.471756,0.967463,-0.272837,0.249949,0.831231,0.822548,-0.375460,0.103235,-0.470922,-0.232950,-1.003375,0.234541,-0.410885,0.924462,-0.156313,-0.167678,0.391893,-0.610172,-1.094316,0
-0.641188,0.943019,-1.179363,1.425070,0.486574,-0.776151,-0.672651,0.411912,0.611856,0.048583,-0.192285,0.205479,0.338719,1.251121,0.185040,-0.308696,0.219650,0.906448,-0.695547,-0.826673,1.494605,0.681103,-0.283412,-0.753393,-0.199634,-0.288508,-0.640595,-0.044754,0.605010,-0.321454,-0.521275,-0.679677,1
0.371251,-0.226804,-0.725360,-1.307520,-0.902857,0.555183,-0.233901,-0.212155,0.372089,0.106319,-0.870005,0.049408,0.867860,0.013009,-0.099496,-0.550456,-1.151593,0.240174,0.141441,-0.083941,-1.121629,0.778741,-1.079007,1.590817,-1.220849,-0.856620,-0.441180,1.005381,-0.039313,0.584063,0.083986,-0.099512,0
-0.942366,-0.558291,-0.724007,0.154505,-0.720005,-0.334416,0.168776,-0.116002,-0.243791,1.822994,2.085234,1.619335,-0.502372,-0.384326,-0.357648,-0.844442,0.399978,0.308262,0.820451,0.335843,-0.357687,-0.173440,-0.092846,-0.998971,-0.681181,0.672810,-0.119503,1.251525,0.261216,0.546244,-1.301067,-0.196574,1
1.742609,0.426127,-1.527507,-0.027733,-0.231634,1.718549,1.262374,0.846293,-0.774787,0.002176,-0.447350,0.693558,-0.506838,0.380356,-1.168330,-0.384380,0.729107,0.137232,0.303408,0.155575,-0.352580,1.584856,0.402251,-0.017670,-1.198528,-0.294931,0.075264,0.104240,-0.677517,0.494601,-0.513717,0.408722,0
-1.116595,0.639681,0.387635,0.003022,-1.430459,0.749814,0.500973,-0.057954,0.704426,0.586683,0.218676,0.237855,-1.114000,-0.416074,-1.698729,0.325884,0.491383,-0.597172,0.049480,-1.329861,-0.485288,-0.324010,0.109711,-0.267669,1.009578,0.249430,0.328186,0.839992,0.468852,0.805553,-0.044850,1.283120,1
0.642340,0.985639,0.936791,-0.234647,1.007339,0.868595,0.782814,0.866306,-0.252650,-0.057531,-0.586829,-0.343710,-0.398522,0.600360,0.646825,0.472253,-0.590742,0.306821,0.073648,-1.144928,-0.310828,0.052743,-0.039150,-0.233634,-0.788464,0.102856,0.363189,-0.354807,-0.227420,0.563598,-0.692290,-0.142397,0
-0.458058,1.392483,0.182823,0.668495,-0.094937,-0.708578,0.052649,-0.075508,-1.595419,0.005228,-1.239314,-0.004158,-0.867321,-0.604305,-0.259067,-0.428785,0.663446,0.904984,-2.185112,-0.371262,1.350552,0.174677,0.178052,-0.706824,-0.648189,-0.672691,-0.021104,0.006010,1.329411,-0.634479,-0.861272,1.389562,1
1.485916,-0.443699,0.395407,0.053528,-0.001814,0.705525,0.644218,-0.763453,0.713839,0.619748,-0.128937,-1.744022,-1.351955,-0.638204,-0.281278,0.236517,-0.583091,0.368222,0.750060,0.945130,1.690372,-1.299545,0.721166,-0.312973,0.653825,0.054484,0.656801,0.251927,-0.305885,-0.697848,-0.476378,0.088466,0
-0.622928,1.850432,0.774662,-0.020419,-1.672052,0.094513,0.663821,-0.289641,-0.613810,0.394809,-0.148086,0.648209,-1.309515,0.591829,-0.450869,0.199635,1.003534,-0.083271,0.282398,-0.651277,0.180466,0.316160,-1.278238,0.090792,2.007588,1.129787,-1.110037,-1.064547,-0.512039,-0.812665,0.005075,1.511116,1
0.982630,0.062262,0.382780,-1.118767,-0.826674,0.330552,-0.130998,-0.128231,-0.821360,-0.213216,-1.213718,0.441962,-0.669623,0.310909,0.745577,-1.406829,-0.895301,-1.363356,-0.568719,0.297154,0.677338,0.739883,-0.263832,0.908130,0.445543,0.204380,-0.157055,0.257565,-0.689259,0.527120,0.088179,0.330760,0
-2.738262,0.231547,1.821255,-0.714751,0.707598,-0.093220,0.270015,-0.327837,0.577579,0.648195,-0.113299,-0.476146,0.100019,-0.491334,0.491723,0.515168,-0.142652,-0.132780,1.208762,0.412795,-0.977836,0.286587,-1.338541,0.829201,-0.403194,0.539541,0.557238,1.048284,0.190139,0.077236,-0.382105,-0.006314,1
1.571271,0.639279,0.022202,-0.002301,-0.739759,-0.352818,0.011196,-0.132685,0.364328,-0.425785,0.124116,-1.039929,0.280292,0.262633,-0.142506,-0.144637,-1.836013,-0.098001,-0.033026,0.776103,0.888436,1.521468,-1.068122,-0.350277,0.142056,0.036072,-1.268053,0.114039,-0.505155,-1.324434,0.271864,0.676952,0
-0.057268,0.026580,0.952129,0.496275,0.027342,-0.073536,-0.473766,-0.822670,-0.144355,-1.644756,-0.678322,-1.699561,0.575551,-1.282732,-0.362032,0.340457,-0.724685,-0.192756,0.390680,0.383406,0.591486,0.132786,-0.643954,-1.080826,-0.647863,-0.585628,-0.675580,0.437000,0.643574,-0.650786,-0.572412,0.294041,1
0.009786,0.372204,0.426251,0.530493,-1.110085,0.116823,0.909575,-1.328928,-0.802933,1.102989,0.611002,-0.402596,-0.491852,0.239105,0.299135,-0.514376,-0.183205,0.045151,-0.800466,-0.489391,-0.907705,0.800793,-0.729130,0.279031,0.201181,-1.261336,-0.808501,0.304751,0.269696,-1.409777,-2.207574,0.180040,0
-0.837089,-0.174547,1.372624,0.951094,-0.585654,0.784740,-0.314204,-0.569928,1.892322,0.603045,1.341488,0.278696,0.200661,0.030180,1.035976,0.675041,-0.654857,-0.255872,0.332544,0.441559,-1.036338,-0.746903,-0.436072,-0.226894,-0.120259,1.214484,-0.685866,-0.250314,0.672147,0.509116,-0.078325,-0.033087,1
-0.284488,1.464744,0.180582,0.933083,0.903301,-0.467016,0.023696,0.663441,-0.129530,-0.063975,0.574888,1.706817,0.106075,-0.150549,0.314618,0.931586,0.404923,-0.081300,-0.515687,-0.927998,-1.002835,-0.058016,0.320951,-0.413095,-1.351070,-0.584339,-0.097278,0.877307,-1.564947,0.257207,0.445156,0.790650,0
-0.310773,-1.045673,0.755091,-0.257125,-0.168528,-0.069121,-0.293205,-0.068785,-0.284566,-2.821969,-0.250522,-1.136530,-0.047927,0.124001,0.486421,-0.699549,-0.397939,0.658805,0.702194,-0.368061,-0.346854,0.715381,0.099350,0.448147,-0.820029,0.332324,-0.167876,0.555539,-0.418211,0.765112,-0.911301,-0.016353,1
0.939640,0.662992,-0.479264,-0.680963,-0.207164,-0.536943,-0.385415,0.492348,-0.367615,1.065359,-0.424476,1.035679,0.545545,1.773863,0.942729,-0.579924,1.211173,-0.407961,1.091622,0.383274,0.424546,-0.864623,-0.133524,0.898345,0.820312,-1.633032,-2.421485,0.018021,-1.310201,-0.104000,0.884036,-0.429683,0
-1.675865,-0.163123,0.126189,-0.147094,0.209063,-2.070815,0.166377,-0.093904,-0.009147,-1.349803,0.676094,0.320357,0.683875,-0.847792,0.051658,-0.064292,0.483454,-0.058602,-1.461224,-0.602598,1.295719,-0.250573,0.695741,-1.019720,-0.821349,0.668067,0.014865,0.961748,0.031137,-0.448357,-1.674383,0.598696,1
1.269651,-0.445230,0.136176,-0.244503,-0.946768,-1.285856,0.127241,-0.061687,0.869633,-0.072021,-0.094476,1.296651,1.893976,-1.024266,0.152129,0.767221,-0.012619,-0.473576,-1.032556,0.863163,1.028189,2.756640,1.057383,-0.465997,-0.750886,0.451457,-0.794271,-0.464220,0.720933,-0.280297,-0.119142,-0.223997,0
-0.318535,0.085966,0.197768,-0.141482,0.115036,-0.240563,0.267192,0.189090,0.337620,1.073483,0.396438,-0.653029,-0.143757,0.319111,-0.224431,1.161428,-0.527968,-0.282770,-0.183907,0.579849,-0.279326,1.106820,-1.262407,2.029140,0.345490,-1.257599,-0.901713,-0.448619,0.106143,-1.072877,-0.094470,-0.721401,1
0.667058,0.982314,0.284188,-1.029609,-0.053306,0.285338,-0.998712,-0.534423,0.773428,-0.280835,0.874762,-1.408391,0.760593,0.005819,0.416206,0.832840,0.733400,-0.482796,-0.574932,1.181722,0.711084,-0.659448,-0.669957,-1.065332,-0.476315,-1.213321,0.896125,0.656402,0.468242,-0.486902,0.180323,-0.981639,0
-1.535790,-0.918355,-0.635006,-0.132753,-0.533623,0.499742,0.854267,-0.199174,-0.400163,0.518707,-0.024087,0.256358,0.865878,1.059094,1.009387,-0.460656,0.225251,-0.062747,-0.976992,0.322524,0.101813,-0.296987,-0.448894,0.041970,0.238708,1.585583,0.515153,-0.865098,-0.038653,-0.156388,-0.358973,1.165195,1
0.445513,0.039166,1.205195,-0.434895,0.550538,-0.088730,0.698226,-0.478799,1.079282,-0.326282,0.931447,0.794173,-0.042121,0.015871,0.755759,0.936823,0.273644,0.421951,-0.414197,-0.614923,0.678348,1.035353,-0.927651,0.028573,-0.218016,0.524006,0.365469,0.430458,-0.687595,0.184178,-0.648541,1.253377,0
-0.265707,-0.231237,1.095047,0.732713,-0.524837,-0.838289,1.073263,1.373355,1.529834,0.617900,0.998907,-0.317887,0.226296,-0.990482,0.033243,-1.522554,0.953533,0.546620,-0.550586,0.802418,1.044875,-1.026254,1.850460,-1.128525,-0.460592,-0.553396,1.944487,-0.788215,-0.205496,0.089842,-0.497567,-0.081722,1
0.818684,0.293327,0.002376,1.704820,-0.557145,0.711166,0.079945,-1.497181,0.420511,-0.072160,0.009438,-0.734564,0.953937,-1.370239,0.093689,-0.535635,0.461848,0.491591,1.265175,1.720199,0.232805,-0.336372,-1.622389,-0.005741,-0.545833,0.513258,-0.756350,-1.077354,0.033775,-0.206825,-0.004088,-0.388268,0
-0.136436,0.395230,-0.388149,-0.146173,-1.000889,1.824947,-0.228620,-0.055427,-0.044898,1.335312,0.300322,0.059825,-0.394018,1.246292,0.667222,-0.418014,0.760053,0.911239,0.410848,-0.020782,-0.981213,-0.976814,-0.838717,1.906808,-1.050123,0.050146,0.727085,0.415453,0.477539,0.593840,-0.158118,-0.884294,1
0.979162,0.192753,0.237507,0.961053,1.138692,-0.686616,1.463246,0.327481,-1.073327,0.279290,-1.889438,-0.417235,-0.581594,0.464924,0.201582,0.001119,0.341964,0.082277,0.254179,-0.952467,-0.456892,-0.427119,0.426870,0.377170,-0.564977,-0.970810,0.093603,-0.797948,0.510077,0.661798,-1.753852,0.523892,0
-1.191634,0.178834,0.579782,0.534724,0.720501,1.193773,0.316728,-0.344328,-0.520954,-1.049553,-0.172625,0.040112,-0.058846,0.605699,-1.123360,-1.079540,-0.694150,-1.274062,-0.125560,0.062769,-0.221501,-1.145232,-0.010516,-0.595643,-0.419979,0.397473,-0.113174,0.518153,-0.133050,-0.665285,0.230429,0.855221,1
1.424529,0.468454,0.256034,1.160299,0.448920,-1.052393,0.099822,0.168784,-0.288955,-0.709577,-0.751892,-0.025701,0.393242,0.705707,-1.767786,0.917652,0.748373,0.845652,0.215578,1.002733,0.637532,0.637871,0.935910,-1.902640,-0.150178,0.958725,-2.164302,0.488988,1.363274,-0.397855,0.042516,-0.074040,0
-0.699022,0.876976,0.010910,-1.659150,-0.844811,0.412144,0.059465,0.977268,0.228581,0.809028,-0.836372,-0.803728,-0.195151,-0.766081,-0.670960,-0.854564,0.585129,0.634913,-0.538349,0.898950,-0.045250,2.017977,-0.281622,-0.389387,0.347574,-1.118927,-0.632080,0.777976,0.244241,0.204411,0.861903,-0.794343,1
0.177032,-0.022060,0.308908,0.555813,0.320956,-0.508461,0.523685,0.912842,0.509937,-0.415583,0.503595,-1.600441,0.293433,0.687212,0.488953,0.718140,0.649999,0.164115,-0.842878,-0.323926,-0.278111,0.476056,0.127992,-0.920901,-0.132732,0.951274,0.737739,0.830340,-0.742984,0.110636,-0.691056,-0.038849,0
-0.948968,0.606014,-0.988476,-0.706882,0.316366,-1.284712,1.658816,0.454077,-0.850737,0.740014,0.838697,-0.527491,-0.128082,-0.471720,-1.075738,-0.107246,0.255848,-0.138535,0.731772,-0.657496,-0.371962,0.592495,-0.238874,-1.914871,-0.901326,-1.006441,-0.282197,-0.028049,-0.328791,-0.350474,-0.786592,-0.102345,1
2.252351,0.411721,-0.719438,-0.724318,-1.143981,0.143133,-1.440863,0.398607,-0.254290,-0.186957,0.067594,-0.823577,-1.269283,0.208732,-0.147347,0.502102,1.109122,0.469938,-0.948238,-0.294529,-0.230404,-0.799078,0.377321,-0.298764,1.188834,1.234948,-0.160777,-0.692858,0.278767,-0.945778,0.765509,0.249840,0
-0.842618,0.339818,-0.357879,-1.561327,0.575725,-0.697308,2.006314,-0.077932,-0.823191,0.450267,-0.125790,0.695722,-0.136187,-0.655039,0.818557,-0.792653,0.750055,-0.409952,0.386245,-0.383236,-0.882725,0.139715,0.911536,-0.949658,-0.413855,-1.477401,0.627991,-1.037577,0.632404,-0.204980,-0.128495,1.220625,1
1.471490,-0.610424,-0.075231,-0.258174,-0.346617,-0.984895,0.170593,-0.450756,1.082749,-0.819139,-0.166832,-0.679323,-0.005824,0.790860,1.070386,1.522099,-0.121099,0.092035,1.233182,-1.206506,-0.305663,-0.819234,1.070920,-1.381701,0.266578,-0.528146,-0.560158,1.210006,0.877409,-0.706302,-0.212508,-0.930313,0
0.052944,0.196790,-1.586908,0.747899,0.206782,-0.410346,0.281029,-0.347558,-0.291285,-1.373939,-0.181760,-0.061131,1.868408,0.739680,-0.165039,-0.217712,-0.907894,-1.127610,-0.240610,-0.406782,-0.771434,-0.307037,0.269640,-0.735497,-0.385257,0.593569,0.741646,0.316985,1.240516,0.302461,0.542479,0.103333,1
1.260490,-0.365422,-0.932906,2.532289,-0.507054,-0.905194,0.932615,-0.206354,1.314944,-1.439044,0.085639,0.543775,0.896204,-0.079792,0.471531,0.524983,-0.752805,0.165024,-0.919667,2.198094,0.241970,1.069531,-1.502678,-0.213309,-0.378834,1.086833,0.073378,1.069876,-0.135125,-0.021243,0.477004,0.952949,0
-1.779472,-0.360046,-0.167809,-1.196279,-0.720353,1.115286,0.596921,-0.018431,0.979806,-0.402369,0.015964,0.700253,-0.849901,-1.947019,-0.370189,0.057213,0.742352,0.385240,0.842559,-0.628298,-0.842499,-0.045583,1.211993,0.527786,0.926525,-0.006681,0.453630,0.947093,-0.033590,-0.562305,1.542945,-0.237801,1
-1.663503,-2.872983,0.053672,0.595618,0.638778,0.882504,-2.229164,0.302398,-0.401019,-0.447165,-1.258845,0.812052,-0.988232,-0.705028,-0.341976,0.846659,0.233444,-0.687666,0.297086,-0.369279,0.414447,0.250233,0.760939,-0.100814,1.353420,0.843796,-0.436987,2.090134,0.048915,1.064346,-0.524751,-1.075677,0
-0.869309,0.399413,-0.103106,0.464509,0.833656,-0.286389,-1.965468,0.572854,0.551078,-0.165120,-0.067384,0.716933,0.610846,-1.050798,0.216770,-1.485373,-0.221438,0.953792,0.162400,0.623662,0.577383,-0.366929,-0.679747,0.326716,0.751743,-1.886396,-0.156778,1.598053,0.264854,-0.163899,0.626080,-0.553409,1
1.148649,0.769332,0.131152,-0.748166,-1.246597,-0.613268,-0.098149,-1.149856,0.337824,0.374511,0.774585,0.008260,1.043926,1.226370,0.317493,0.065477,-0.788198,-1.031535,-0.169860,-1.062024,1.465520,-1.600507,-0.814809,-0.181826,-0.662194,-0.083258,-0.966880,-0.086409,0.903003,1.443040,0.354953,0.108039,0
-1.126517,-0.109358,-0.373202,-0.868430,-1.206097,0.296882,1.672791,-1.089110,1.168235,-0.263691,1.642126,1.707818,0.512725,0.322382,-0.358552,0.506823,1.082186,0.449791,1.213463,-0.054235,0.888863,-1.157102,-0.576840,0.296627,0.193542,-0.290791,0.588445,0.228059,0.417424,-0.619035,0.953562,1.122575,1
1.493885,1.066960,-0.131879,1.140973,0.991029,0.207682,-1.024726,-0.016315,1.123362,-0.507610,-0.137598,-1.114501,-0.404368,-0.277165,0.326308,0.710408,-0.481382,0.569865,-0.711411,0.747725,1.317342,0.887933,-1.183242,-1.058563,0.299886,-0.284270,0.097990,1.101718,-0.547731,-0.043639,0.224778,-0.543753,0
-1.959275,-0.425888,-0.556482,-0.090561,-0.399616,0.254046,0.087682,1.036893,1.204501,0.380707,0.875495,-0.724158,0.127984,-0.244403,0.568879,1.512303,-1.109343,-0.796866,-1.559843,0.208288,0.172254,-2.172443,-0.874970,-0.318927,-0.223566,0.707372,-1.354964,1.103578,-0.535987,0.379158,0.006778,-0.680679,1
0.691468,-0.123533,2.010869,1.043622,0.215400,-0.296010,-1.619223,0.597490,-0.624416,-0.357200,-0.070247,0.201528,-0.348701,-0.400068,0.624524,-1.284503,-0.242715,1.212102,0.851059,-1.170170,-0.207198,0.572051,-0.275901,-0.997487,-0.253180,-0.068758,0.975106,-0.136035,0.298668,0.456554,-0.229056,0.779548,0
-2.209945,0.788935,-0.601860,-1.049130,0.626668,0.294945,1.709142,-0.329046,-0.237786,-0.304424,-0.757874,1.316339,-0.354862,0.002008,-0.760005,1.285196,-0.662872,-0.018945,-0.186856,0.114380,-1.193731,-0.467341,0.753869,0.380993,-0.539515,0.252309,0.278211,1.402737,-0.761718,-0.269216,-0.221653,-0.203234,1
0.089256,1.184614,1.068988,0.990612,-0.270615,0.956256,0.571182,-0.376791,-0.311003,-0.050888,-0.815047,1.031515,0.640785,0.321439,0.239378,0.379341,0.474505,0.220630,0.248739,-0.817444,-0.401113,-0.615237,-1.405666,0.021212,0.045194,0.020197,-0.254562,-1.385158,-1.038668,0.313596,1.069720,0.279145,0
-1.245410,1.924768,-0.015118,0.031599,0.330146,0.496004,0.534121,-0.574353,-1.126151,-1.930949,0.567696,0.790151,-1.842125,0.726906,0.006057,1.190750,1.044571,-1.496437,-0.208239,-0.515358,0.498921,-0.950636,0.410660,0.649113,1.162032,1.499697,-0.463355,0.141571,-0.863967,0.902930,0.124336,0.971741,1
1.950989,-1.189775,-1.436000,-0.459774,-0.075428,-1.598647,1.045469,-0.609401,-0.049624,-0.285636,0.251774,-0.510756,-0.717955,0.643797,-0.019014,0.375018,0.416243,0.500570,0.972409,-0.828559,-0.013588,0.493579,-0.860966,1.340337,0.439789,0.341140,0.563871,-0.398576,-0.297540,-0.713900,0.206385,-1.625627,0
-0.246640,-0.346071,-0.360759,-0.720526,-0.065478,-0.301981,0.586415,0.905101,0.893021,-0.214423,-0.637975,0.567802,1.299228,2.270540,-0.536541,-0.143931,0.900725,-0.358032,0.156332,2.351921,0.579275,0.589575,0.081576,-0.061337,0.147652,-1.020951,-1.078001,0.755710,-0.389795,1.838837,0.935510,0.002335,1
0.528181,0.789434,0.216552,0.240624,1.820985,0.884516,1.315298,-0.685243,0.398145,0.986606,0.125814,0.446800,-0.776960,0.205848,1.043616,-0.227260,0.761994,-0.740354,-0.229598,0.761112,-0.049065,0.496948,-1.242605,1.457859,0.635401,-1.371294,1.074619,0.132159,0.174362,-0.504000,-0.201651,-0.922159,0
-1.330392,1.342105,-0.616073,0.306857,-0.381956,-0.878983,0.235201,-0.567031,1.147547,0.877362,1.167615,-0.194576,0.604976,0.866199,-0.338466,-0.073420,-1.094995,1.394639,-0.077516,-1.068017,-0.694317,-0.509099,-0.387976,0.527029,-0.076096,-0.386472,1.188165,-0.282383,0.344031,1.006769,-0.264811,0.509640,1
1.017414,0.195753,-0.911967,0.184397,-1.468889,-1.442818,0.713722,0.608928,-0.677165,0.670253,0.350159,0.233049,-0.227956,0.108810,2.063916,0.166860,-1.389137,1.321855,0.654151,-1.111322,-1.454231,0.311568,-0.031055,-0.045307,1.607450,0.162522,-1.093928,-0.630500,-0.391532,0.817856,0.115961,0.958627,0
-1.030134,-0.771464,-1.262872,-0.626536,-0.400110,0.227549,-0.283304,1.029383,-0.265999,-0.167796,0.630650,-0.253666,0.361342,-0.117853,-0.453562,-0.412565,0.389040,0.552431,-0.582618,1.023482,0.428457,-1.225806,0.704609,-0.381990,-0.040527,-1.717325,1.000360,-1.022403,0.260325,-1.064913,-1.254247,-2.074696,1
1.331863,-0.023719,0.706913,-0.687540,0.009873,-0.718090,0.626340,-0.331152,-0.013285,-0.029135,-0.422614,0.249168,-0.338547,0.840217,-0.959990,0.809548,-1.160492,0.187975,-0.251003,0.100218,-0.411460,0.894145,-0.314888,-0.678169,0.418601,0.178259,0.446808,-0.011372,0.941402,0.464409,1.217958,-0.773352,0
-1.083418,-0.853952,-0.065756,0.798666,0.359975,-0.660004,-0.294240,-0.605646,0.436235,-0.274993,0.739663,1.311206,0.554013,0.131823,-0.013890,0.598004,-1.630690,0.853459,1.007018,-0.439066,-0.779058,0.901500,-1.360945,0.038968,-0.496671,-1.071429,-1.153344,1.482850,-0.437773,0.471170,0.299465,-0.826058,1
0.294843,1.088330,-1.006798,1.381249,0.775353,-0.564163,0.796407,-0.118496,0.654338,1.533748,0.682479,0.525943,-0.299309,-1.322671,0.704114,-0.827316,-0.498086,-1.429684,1.568945,-0.443207,1.219092,-0.256721,-0.119917,0.692699,0.450752,-0.737478,0.431242,0.444560,0.236107,0.354879,-0.040419,-0.243961,0
-0.535017,1.882864,0.106994,0.904972,0.882426,0.891937,0.989747,0.474659,0.530526,-0.468649,-1.116707,0.331259,-1.084928,0.788993,-0.388071,0.099610,-0.694437,0.009105,0.014674,0.669961,-0.210399,0.184362,-0.052254,0.952874,-0.938086,-0.100308,0.530691,-3.200296,0.250783,0.303421,0.785090,-0.027714,1
1.491747,1.380798,-0.094573,0.428251,1.342184,0.507201,-1.736608,-0.720888,0.233489,-0.273986,-0.846633,-0.971541,-1.125353,-0.827893,-0.697210,-1.188893,0.899490,-0.573398,-0.310555,0.167254,0.225196,-0.093725,-0.351718,0.943721,0.678891,0.262109,-0.857756,0.401376,0.894943,0.197351,0.646425,-1.339627,0
0.188047,-1.048985,0.563946,1.066326,1.927526,-0.676588,0.445418,1.470552,0.827653,-0.205590,0.047299,-0.671969,-0.195502,0.580849,-1.220691,-0.594142,-0.375482,-0.235265,0.294478,0.709374,-0.781164,0.007798,-1.489396,-0.218070,-0.027639,0.123258,-0.210850,0.373410,-0.593889,0.281360,-0.181909,-0.869171,1
1.141411,-0.163898,0.057151,-1.060586,0.632375,0.050064,0.186015,-0.346440,1.716124,-0.913074,0.500205,-0.121542,-0.373865,0.270724,0.223464,-1.592096,-0.753196,-0.629170,0.478380,-1.653162,-0.043406,-1.757094,0.338439,-0.682645,-0.233935,-0.228718,0.373600,-0.180548,0.084498,-1.167518,-0.785420,-0.341389,0
-0.056641,0.262923,0.425777,0.371124,-0.795125,0.429292,-0.320950,-0.319143,0.269356,0.478903,0.736554,-0.356859,-0.351315,-1.894461,-1.589126,-0.488118,-0.463638,0.845601,0.319346,-1.424015,-0.369717,0.270056,0.737760,0.526885,-0.421031,1.103741,-0.135988,1.611922,-1.511264,0.096712,0.354711,0.291363,1
0.757134,0.349807,0.504288,-0.887535,-0.967044,1.099769,-0.736723,1.125814,-0.528242,-0.605819,0.432025,-0.635089,-0.031778,0.163823,-0.160694,-0.923803,-0.507808,1.322842,0.373387,-0.893386,0.196312,-0.712846,0.460165,-0.658282,1.259723,0.280998,-1.277414,0.352897,1.236991,0.803037,0.293871,-0.206906,0
-0.096992,1.042880,0.285087,1.083621,0.478746,0.795046,0.664852,-0.599901,-1.262999,0.154778,-0.021425,1.355161,0.992022,-1.230640,0.171236,1.031186,1.016612,-1.718007,-0.191527,0.619997,0.976407,0.457824,0.353443,-0.687092,0.223094,-1.681539,1.229443,-0.233164,0.093977,-0.994294,-0.766853,-0.258967,1
0.516635,-0.339255,0.202648,-1.018551,-0.038227,0.487111,1.354978,-0.537368,1.148640,0.650637,-0.179294,1.234150,0.993836,-0.669916,0.176839,-1.070962,-0.231111,0.930992,0.354299,-0.362777,0.862650,-0.422945,-0.072881,0.499715,-0.426171,-0.503615,-0.200293,-1.333440,-0.550093,1.226608,-0.669215,0.136815,0
0.616591,-0.333809,-1.152993,0.433659,0.309472,0.120743,-0.168494,-0.273860,-0.115677,-1.038260,0.026958,2.450500,-0.986061,1.155621,-0.238610,-0.002211,-0.146243,0.580896,1.553129,-1.361321,-0.047335,-0.624944,-0.008228,0.247345,-0.597912,-0.237025,0.029599,-0.201622,-0.004718,0.506479,-0.246341,0.464242,1
0.046695,-0.134631,0.496710,-1.525149,-0.024941,-0.170151,0.227950,0.849333,1.034975,0.304694,0.779302,-0.070928,-0.443038,0.653585,-0.675235,0.491719,-0.311650,-0.519994,1.591787,0.616040,0.591404,0.897903,0.674199,0.775706,0.988937,1.139014,1.896058,0.130589,0.841284,2.539634,0.953594,-1.396044,0
-1.567313,-0.971669,0.238162,-0.754645,0.759551,-0.222234,-0.476839,-0.765773,-0.142421,1.013945,-1.037733,-0.634965,0.068624,0.363434,0.648145,-0.214994,-0.283804,1.799946,0.241510,-0.095044,-0.600317,-0.273170,-0.375080,-0.211041,0.428067,-0.423475,0.180733,0.393873,0.672538,0.538975,0.347486,1.354297,1
1.288879,-1.425639,1.011597,0.892424,1.430334,2.425474,-0.655289,0.762579,0.410135,-0.569839,-0.479075,-0.067275,0.172668,-0.050330,-0.198075,-0.665997,-0.983331,-0.523711,0.688558,0.629748,0.753105,-0.635267,0.058897,-0.516057,-1.320736,-0.560297,-0.037666,0.271805,-0.087341,0.651521,1.366992,0.118672,0
-1.035384,0.477873,0.774647,0.035134,-0.628225,0.714330,1.023225,0.637668,-0.244012,-0.969357,-1.033303,0.176017,0.518240,0.532603,-0.441954,-0.130066,-0.717857,0.131306,0.376906,-0.214774,-0.307144,-1.495729,0.248003,-1.128530,-0.749527,1.166073,0.731185,-0.533676,0.569959,-0.241676,0.494819,-0.804302,1
0.478155,0.329189,-1.803785,0.377173,0.187484,0.332631,-0.040398,-0.322718,-0.479987,0.157477,1.632442,-0.608937,0.048027,0.501331,0.464742,-0.783056,-0.415011,0.747121,0.610394,1.383011,0.907018,0.175779,1.066056,0.547810,-0.791841,1.766004,-0.957917,1.050565,0.274564,0.466928,0.299624,-0.093839,0
-0.953416,1.092054,-0.317934,0.152917,-0.087561,1.591676,0.692997,-0.591666,1.426582,-0.287201,0.568786,0.268149,-0.719845,0.266088,-0.309911,-0.685395,0.127402,-0.196869,-0.520293,-1.504674,-0.238701,0.481667,0.052094,-0.430446,-0.784642,1.279987,-0.629016,-0.102818,1.265052,0.290558,0.329095,0.891625,1
1.442017,-1.729002,-0.046875,0.515177,-0.790745,-0.759049,1.649870,-1.419574,0.319047,0.199519,-0.592631,1.492686,-0.449216,-0.623059,-0.092634,1.607763,1.128703,-0.198447,0.035810,-1.079812,0.267179,0.142518,-0.493237,0.624080,-1.014337,0.675879,-0.411902,0.344388,-1.578178,-0.939763,0.037846,-1.454998,0
-0.802774,0.170326,-0.601242,1.020956,-0.699674,0.192472,0.091674,1.137326,-1.327060,1.492387,-0.383370,-0.168229,-0.843958,0.638152,1.174087,-0.810722,0.965913,0.424418,-0.817332,-1.102899,0.405893,-1.121493,0.901369,0.655397,-0.748848,-0.561501,0.109861,-0.836362,-1.021487,0.453966,-0.518597,-0.048794,1
1.690280,-0.791421,0.385377,0.943548,0.327159,0.761816,-0.485941,-0.812023,0.746825,-1.506580,-0.757343,0.078547,-0.807146,0.737759,-0.083118,0.181229,1.300967,-1.171560,-0.341969,0.054124,-0.049565,0.223848,0.527148,1.552117,-0.724179,-0.623242,-0.227535,-0.988896,0.104987,-0.826150,-0.325143,1.007763,0
-1.069427,-0.053876,-0.088536,-0.426521,-0.438000,-0.035320,-1.050442,-0.752731,0.674332,-0.078106,1.025280,-0.889242,-0.601432,0.151884,0.484819,-0.984349,0.297823,-1.526943,-0.759674,-2.493946,1.088215,-2.162690,-0.261546,1.869443,0.056134,-0.723068,0.271618,-0.227427,0.929474,-0.973580,1.104480,1.477008,1
1.092542,-0.402358,0.239115,-0.138852,-0.435609,-0.818931,-1.215195,0.210154,-0.066011,0.242898,0.052991,0.487004,-0.207936,-0.186009,1.148059,-0.449954,-0.763106,0.213871,0.443290,1.996701,0.183442,1.890075,-0.341574,0.702688,-1.000430,0.086139,0.599817,1.250743,-0.321619,-1.587204,-1.555534,-0.455436,0
-0.101755,-0.682371,-1.373116,0.278798,0.423873,0.818606,-0.095562,-0.878571,0.922238,-0.850982,0.577724,0.345537,0.866371,0.534204,0.216223,1.402994,0.138745,-1.094940,0.613704,-0.754917,-0.663881,0.208721,1.232839,-0.720723,1.142812,-0.566924,0.328112,0.656957,-0.719526,-0.014636,2.073233,-0.286074,1
1.367437,-1.183677,-0.977326,0.462655,-0.052873,0.161892,-0.921044,-0.177145,0.137037,-0.028913,-0.570333,1.147270,0.276813,1.161246,1.229808,-0.120311,-0.848401,-0.374613,-0.410398,-1.796043,-1.012691,0.320887,1.535098,0.075253,1.191489,-2.294881,1.444772,-0.476718,0.047924,0.349829,0.772621,-0.785676,0
-0.821390,0.265474,0.504448,0.288233,-0.942777,-0.631586,-1.266044,1.004660,-0.525624,-0.223532,-1.669301,-0.570584,-0.500361,-0.503081,-0.378181,0.193255,-0.109388,0.031077,0.303708,-0.107888,0.199767,0.131154,-0.512942,-0.297910,0.498730,-0.183289,0.454589,-0.057843,-0.131283,0.523513,-1.193333,-0.071577,1
1.312748,-0.500625,-0.523716,-1.195981,0.969398,0.296946,-0.433421,-0.110551,-0.590093,-0.852541,-0.311083,0.449061,-1.314681,0.459430,0.748586,-1.948381,-0.303711,0.278121,-0.071329,0.288268,2.276899,0.096736,-0.194996,-0.104712,0.091581,-0.481833,-0.600414,-0.040846,-0.045115,0.866515,-0.321616,0.797902,0
-1.617349,-0.723130,0.388482,1.467151,-0.098055,-0.720638,0.636961,1.021395,-0.653656,1.422816,0.493315,-0.380991,-1.675862,0.004223,-0.043104,-0.012318,1.018293,0.690046,0.881853,-0.936326,0.793167,-0.041540,0.730797,0.331300,0.457119,-0.284755,0.797901,-0.151241,-1.020190,0.262927,0.298601,-0.001842,1
0.971901,-0.827718,-0.750775,0.624930,0.201805,-0.288096,-0.153713,1.200253,-0.116590,-0.820825,-1.306390,-0.104382,0.069162,0.537746,0.269867,1.551701,-0.437801,-1.035817,-0.123795,-1.343806,1.836285,-0.948890,-0.191426,-0.028676,0.531517,-0.451658,-0.511582,0.625956,-0.930459,-0.601981,-0.204444,0.178386,0
-2.095501,-0.018158,0.637840,-0.524675,-0.471434,-0.686749,0.959968,-0.451743,0.929906,0.301176,0.186212,-0.806899,0.495808,-0.296700,-0.283142,0.384919,-0.237759,0.194195,-1.175159,0.029133,0.461424,1.375373,-1.514114,-0.070809,-0.284110,-0.044086,0.973916,-0.350793,0.169351,0.393110,-0.411664,-0.624728,1
0.070124,0.105263,0.000956,-0.134107,1.214304,0.301502,0.398726,-1.333377,0.380584,0.020467,-0.419132,-1.615745,-0.320111,-0.549109,-0.865813,-0.066430,0.398484,-0.160790,1.336551,-0.506010,0.152029,0.091583,-1.522610,1.032477,-0.640773,0.167003,0.288895,-0.995481,0.459412,-0.157574,-0.487727,-0.164200,0
-0.659316,0.519575,-1.264468,0.492831,-1.698241,0.374371,1.385871,-0.040146,0.332322,0.599946,-0.008674,0.280243,-0.481713,2.250061,-1.205359,1.821200,-0.103060,-0.604923,0.207956,0.274968,-0.302278,0.694623,-0.212351,0.661397,-1.882439,0.093909,-0.585625,-1.450316,0.581645,-1.118167,0.367221,-0.009500,1
0.292208,-1.219537,1.150451,0.070771,1.499979,0.305201,0.226786,0.942528,0.826949,-0.060783,-1.207613,-0.098440,1.166533,0.535937,-0.734247,-1.338418,-0.516950,-0.763080,0.856741,0.419425,1.360424,0.592531,1.166874,0.545888,-0.375228,-0.180533,-0.589530,0.880603,-0.890033,0.352087,-0.938323,-0.831978,0
-1.651823,-1.071717,0.341244,-0.080820,-0.345283,0.746354,0.315833,-0.065729,-0.263432,0.924992,-0.354167,-1.390895,-1.651535,-0.372849,1.434516,0.637097,-0.719008,0.848415,0.921095,-0.187962,0.755083,0.404011,-1.190381,0.609286,0.109911,-1.126572,-0.243199,0.513736,0.946607,1.021884,1.020902,-0.228905,1
0.369881,-0.405093,-0.812040,1.628285,-0.462598,-0.514733,0.289749,0.033708,0.735494,0.963433,0.204588,0.544149,1.192765,0.186998,0.545013,0.848263,-1.138829,1.478133,1.144165,-0.725164,0.133175,0.529401,0.413056,-0.000062,-0.007881,0.182622,-1.183439,-0.972748,0.954783,0.827240,-1.537452,-0.724358,0
0.263766,0.356354,-0.465624,-0.739448,0.882104,0.297732,-0.485831,0.695073,-0.069115,-0.780092,-0.793063,0.563316,-0.556602,-0.171134,-0.178847,-0.753572,-0.142200,-0.489117,0.248829,-0.597018,-0.151725,0.578500,-0.213041,0.264662,-1.718154,-0.039200,0.446712,-0.167861,-0.256771,1.626788,-1.119896,-1.845546,1
-0.184016,1.233854,-0.029521,-0.240969,0.465611,-0.607398,-0.171792,-1.525682,-1.259274,0.847907,1.079948,0.017040,-0.255025,-0.972160,0.803808,0.351374,0.126413,0.167530,0.111340,1.001310,-0.693421,-0.012433,0.446686,-0.674336,-0.001956,-0.857577,0.379747,-0.591876,0.543256,0.291153,-0.171173,-0.188905,0
0.368280,0.090936,0.242740,-0.940974,-0.018742,0.475687,0.362794,0.023078,0.400639,-1.080636,1.057012,0.773795,1.286521,-0.664334,0.727994,1.051224,0.112500,0.159963,0.407089,0.631371,-0.020316,0.142959,0.058153,0.640952,0.998573,-0.468718,-1.547277,-0.902402,-0.411294,-0.967172,0.287976,0.367965,1
1.356683,-1.236448,-0.526134,1.451089,-0.980031,0.355144,0.388921,-0.804051,-0.600362,-0.296428,-0.225476,-0.154479,1.647624,-0.174297,-0.112019,-0.032636,-0.218373,0.560349,0.430597,-0.820822,0.392767,-0.837350,-0.935904,0.706740,0.238026,-0.251029,-0.487728,0.495038,-0.154375,0.054996,-1.362690,0.081992,0
-1.443118,0.178245,-0.259434,0.654888,0.195188,0.033587,-0.006394,-1.275644,0.531566,0.087920,-0.816243,-0.800931,-0.162323,0.663758,0.297480,0.132964,0.180891,0.243969,0.965050,-1.066218,0.615642,-0.833849,-1.431789,0.696000,0.770221,1.155205,-0.495495,0.165096,-1.119006,0.180433,-1.811522,-0.259150,1
1.535240,-0.059757,0.115699,-0.627281,-1.008058,0.638210,-0.433056,-1.481633,-2.009307,2.061063,0.242837,1.113400,0.012641,0.335829,0.725261,0.591522,0.507037,-1.086026,1.069610,-0.424782,-0.118731,0.116526,-0.921141,-0.704838,0.959842,-0.517506,0.092858,-0.367615,0.030438,0.856334,0.357285,-0.608340,0
-2.479147,-0.683723,0.524362,-0.094193,0.276237,-0.120273,-0.245175,0.617646,0.298023,-0.415643,0.097681,-0.414916,0.291479,0.355154,0.946016,-0.470464,0.224008,-0.951515,-0.070131,-0.519948,0.922227,0.394089,-0.633670,-1.134368,0.215338,-0.143135,0.430427,1.201178,-1.121368,0.732466,-0.130631,1.233990,1
0.792552,-0.130570,0.286048,-0.345076,0.375782,0.825237,-0.900121,0.422118,-0.985391,0.132074,1.088212,-0.640133,-0.723046,0.460808,-0.014767,0.441992,0.855485,1.140625,-1.263300,-0.592541,-0.386163,0.512565,-0.468710,-0.113594,-0.466446,0.527533,0.508083,-0.808443,1.491898,-0.017058,0.918030,-0.719149,0
-0.209555,0.565935,-0.103702,-0.815788,-0.956575,0.578667,1.111964,-1.537678,-0.500350,-0.614848,1.052496,-0.288347,-0.826465,-0.818766,0.233258,0.255020,-0.390886,-1.016603,-0.600548,-0.255439,-0.311696,1.809610,-0.286616,-0.130273,0.605892,-0.880274,-0.241784,0.000772,0.523397,-0.005939,0.553441,-0.072680,1
0.843570,-1.276357,-0.432688,-2.008855,-0.088442,0.175894,-0.219059,-0.142332,-0.725417,0.178195,0.252777,-0.532455,-1.021559,0.630269,1.044513,-0.837775,-0.301857,-0.346684,-0.052457,0.086253,-0.032742,-0.562574,-1.075515,0.097601,-1.156541,0.489393,-0.438901,-0.337357,-0.194726,0.137670,-0.734592,-0.485020,0
-1.724209,0.054883,-0.617985,-0.989811,-0.422065,-0.900185,0.902351,1.002024,-0.679533,-0.087386,-1.566708,1.182319,0.097263,-0.480957,0.722452,0.927230,-1.175779,2.133552,0.385559,0.381083,-0.014909,1.444979,0.190574,0.651559,-0.420369,0.425088,0.205336,0.443572,0.197415,0.155529,0.775047,0.514005,1
1.314204,-1.269196,-0.373940,1.346267,-0.518770,0.077881,-0.725419,-0.659742,0.270562,-1.081857,-0.518835,-0.509028,-0.336865,0.740344,0.973986,0.149762,0.367556,-0.466411,-0.815629,0.783633,-0.194525,0.106929,1.428502,1.199698,-0.034741,-0.089067,1.452256,-0.360841,0.087175,-0.880590,0.623842,-0.092387,0
-0.775773,1.102480,0.422773,0.360242,0.097885,0.678451,0.065322,-0.115505,0.165777,-0.828399,0.158906,-0.325923,0.112232,-0.836630,-1.152260,0.463428,1.369515,0.370031,1.381322,0.203434,-0.131774,-0.448597,0.027645,-0.323404,-1.452249,0.393273,0.219426,0.327827,-0.078297,-0.826374,0.343451,0.863374,1
0.251067,0.519669,-0.456030,-0.643656,0.504597,0.681507,0.145266,0.625341,-1.559149,-0.532783,-1.286484,2.149747,1.844654,0.247521,0.305548,-0.028242,0.266717,0.495832,-0.187139,1.094768,-0.749769,0.705025,-0.601270,1.690903,0.934993,1.083513,0.066546,0.369469,-0.768945,-0.604028,0.421935,0.078888,0
-1.189477,0.055628,0.321315,-0.904157,-0.185848,0.228171,-0.378189,0.121295,-0.294114,-0.534430,0.627700,0.408485,-0.293638,1.437643,-1.225613,0.758758,0.632704,-0.772544,0.519043,0.054713,0.330281,-0.189816,0.339599,-0.209415,-1.441241,0.216556,0.684144,-0.120166,0.241368,0.276005,-0.421076,-1.353894,1
2.461957,0.177001,-0.136741,0.974644,-1.147478,-0.396290,0.136693,0.294494,0.318814,0.131794,-0.065274,0.330241,0.014896,-0.482858,-0.512910,0.050222,0.306928,-1.338682,0.380696,0.072139,-1.827501,1.516542,1.239114,1.404556,-0.844743,-0.247059,-1.551347,-1.009718,-1.842430,-0.499547,-0.530618,1.101178,0
-1.297449,0.703303,1.141463,0.678717,-1.271291,0.897091,-1.679002,-0.483586,1.137282,-0.203174,1.165188,1.500604,-0.283345,0.607939,0.054454,-0.429519,1.540082,-0.836039,1.192199,0.099987,0.035756,-1.334632,0.196477,0.414667,-0.545362,0.425305,0.260318,0.458722,0.005811,-0.672698,-0.760179,-0.912839,1
1.535949,0.445525,-0.765943,0.546086,0.272822,-1.707002,-0.116545,0.386610,0.104992,-0.715825,1.486196,-1.231753,-0.731511,0.250891,-1.262326,-0.366153,0.100556,0.798337,-0.117488,-1.425005,0.379892,-0.187595,0.637603,0.843973,-0.010530,-0.885819,-0.110663,-0.845407,1.107817,-0.356130,-0.045483,0.526159,0
0.146361,1.027039,-0.636241,0.400246,0.767865,1.994818,1.194167,0.498526,-0.547238,1.472347,-0.511528,0.772464,-0.427582,0.285922,-1.078075,-1.229231,-0.439025,0.389821,-0.819273,0.332028,0.084373,-1.661235,0.304393,0.386744,0.957597,0.419396,0.521634,0.046053,-0.007382,-0.553369,1.089847,-0.194146,1
1.540441,-0.357749,1.119814,-1.398071,-1.232974,1.529723,0.084107,-0.161781,0.769278,0.023252,-1.767539,-0.050460,0.534687,0.526074,-2.054391,0.152856,0.562595,-0.586416,0.430127,-1.039153,-0.712746,-1.294554,0.912923,-0.694926,-0.997315,-0.366631,1.137421,-0.204788,0.971753,-0.834560,-1.026311,1.819432,0
-0.525037,-1.012822,-0.034561,-0.462433,0.594761,0.830666,-0.782078,1.002789,-1.534226,-0.554595,1.968157,-0.471991,-0.383816,0.018263,-0.864135,-0.957064,-0.381327,-0.208877,-0.207453,-0.929950,-1.574689,-0.295944,0.880663,0.380357,0.098368,0.251331,1.223643,-0.160114,-0.067560,-0.424145,0.337595,0.118389,1
0.953316,-0.151784,-0.128259,-0.571398,-0.602226,-0.507311,0.082734,-0.275112,-0.311162,0.143552,0.423716,-0.609530,-1.207546,-0.260796,-0.845015,0.219485,1.113722,0.914737,-0.761998,0.093493,0.813872,-0.014407,-0.541272,-1.084461,-0.048345,0.110846,-2.121440,1.277280,0.047537,0.399827,1.259714,-0.834727,0
-1.394800,1.428817,-0.009622,-0.977017,-0.501038,0.840662,0.404263,-0.237182,1.124004,1.155122,-1.004159,0.035558,0.281261,1.128320,-0.846004,0.473683,1.314447,0.050664,-0.013566,-0.625545,-1.549892,0.128941,-0.720005,0.499895,-0.035842,-1.915130,-1.600345,-0.731080,0.621074,0.628651,0.294734,-1.160741,1
0.751525,-0.150141,0.923747,-0.239481,0.323989,1.200179,0.261184,-0.948657,-0.647366,0.922987,2.343028,-1.100694,0.022281,0.777518,1.388589,-1.210933,-1.356893,0.281907,0.297854,-0.381472,0.548730,-0.897294,-0.339265,0.321479,-0.532460,0.285940,0.067384,-0.740526,0.336432,-0.691962,-0.573901,-0.853189,0
-1.298986,-0.584755,0.392543,0.188160,-0.004880,1.134106,-0.825318,-0.457721,-0.457411,-0.335153,0.362452,-0.124238,1.162669,0.926231,-0.430670,0.998555,0.346372,-1.446540,0.321200,1.379665,1.011669,-1.043448,-0.810652,-0.469531,0.778032,-0.268872,1.042152,-0.577284,-0.121257,0.388366,0.478847,-1.132464,1
1.407797,0.816683,0.521364,0.271901,0.136672,0.880531,-1.093059,-0.084329,1.696840,0.409171,1.758674,-0.427607,-0.697344,0.252433,0.392604,1.595321,0.093466,0.554859,0.842375,0.958715,-0.908422,-0.397855,0.019717,-0.431082,-0.725789,0.622145,-1.312797,-0.988599,-0.969989,-0.462049,-0.424026,-0.103741,0
-1.062793,-1.721783,0.474216,-1.396487,0.410759,0.027140,-0.759802,0.178072,0.800671,-0.207191,0.553413,-0.238145,-0.212874,0.748675,-0.235660,0.065329,0.110447,0.308271,-0.442616,0.301121,-0.250984,0.342070,-0.060614,-0.204431,-0.107464,0.775770,0.775038,0.467080,-0.856937,-1.457701,-0.837072,0.606310,1
0.094719,0.106924,-1.127232,1.882437,-1.533941,0.047752,-0.738477,0.917506,0.052706,1.116387,-1.169214,1.141381,0.420240,-0.827075,1.080121,0.421070,0.948321,-0.023275,0.673516,-0.725005,-0.872181,-0.062133,-0.312163,0.261760,1.491179,-0.656116,0.097778,0.241809,-0.790946,-0.327622,0.499501,1.463687,0
-0.504326,0.601337,-0.982361,0.040589,-0.431557,-0.279957,-0.493323,-0.701849,-0.560103,-0.637282,0.103509,-0.143772,0.682289,0.215895,-0.578683,-1.499890,0.328026,-0.664852,0.179474,-0.917738,0.532588,0.315171,-0.014452,-1.263726,-2.865943,1.056762,-1.060071,-0.820920,0.273765,-0.074814,-0.467661,-0.763173,1
0.846712,-0.011641,-0.918106,1.175384,-0.090032,-0.107480,-1.197697,0.301131,0.564431,0.005325,-1.101171,-0.148452,-1.211975,0.003514,0.022163,0.396714,-0.831948,-0.489075,-0.034703,0.609612,0.105480,-0.183744,-0.165083,-0.054512,0.908858,1.592570,-0.597898,1.101277,-0.972627,0.356707,0.050620,0.350275,0
-0.110592,-1.150811,-0.671636,-0.357442,-1.039561,-0.891253,-0.955670,-0.881851,0.950782,0.469087,1.786112,0.218046,-0.912147,-0.268111,0.332898,-0.582338,1.611419,-0.059788,0.057968,-0.986522,0.847711,-0.516091,-0.390455,-1.233431,0.626632,0.601762,-0.146210,0.210802,0.217982,0.200976,0.121252,0.305215,1
0.988657,-0.763685,-1.175331,-1.229331,-0.386087,2.720054,-0.625618,1.003338,-0.899155,1.527108,0.584369,-0.375322,0.545304,1.216336,0.124598,0.813118,0.772147,-0.378123,-0.963846,-0.583850,-0.432965,-1.554068,0.466405,-0.083097,-0.656018,-0.826989,-0.501334,-0.145290,-0.668463,0.537595,0.218859,0.257660,0
-1.406369,1.182510,-0.258747,-0.617732,-0.688994,0.283277,0.864010,0.653541,-0.562361,-0.577927,-1.312047,1.356622,-0.456209,1.036051,-0.553640,-0.615508,0.264898,0.416416,-0.329302,0.125176,-0.874624,0.177476,0.004748,-0.991529,-1.356051,-0.024220,-0.380030,0.633442,-0.590629,0.267967,-0.512848,0.214449,1
2.187135,-0.042532,-0.375211,-0.177866,-0.476495,0.061935,-0.436650,0.360904,0.572804,-1.128109,0.734629,0.414146,-0.414205,-1.212585,0.081852,-0.022538,-0.882785,0.075694,0.525448,-1.373535,0.880570,-0.543888,0.139696,-1.088091,0.474899,0.270773,-1.075069,2.534657,-1.276707,-0.056011,-0.700342,0.365064,0
-1.728885,0.954992,-0.657421,-0.221014,1.759683,-0.627529,-0.694605,0.537421,0.032069,1.690223,0.795744,-0.269508,0.627861,-1.304643,-1.205323,0.012939,-0.969062,0.692162,-0.159905,0.702142,0.489388,-0.445226,-1.197196,-0.472710,0.012222,1.713030,0.639601,-0.502595,2.116225,-1.163074,-1.182878,0.593764,1
2.701110,0.577637,0.486603,-0.336449,0.002508,-0.082952,0.313822,1.104210,-0.916274,-1.460324,-0.983618,0.138504,-1.001057,0.620590,0.094161,0.430187,-1.436048,-1.279009,-1.032259,1.255472,0.032383,0.308992,-0.128217,-0.210954,0.087447,0.644381,1.235904,0.092842,0.207913,-1.652722,0.306716,-0.860320,0
-1.660348,-0.668793,-1.317899,-0.417350,-0.868708,1.109153,0.568427,-0.450279,0.347264,-0.279668,-0.482630,1.136134,0.385619,-1.836076,-0.883063,0.102533,-1.135547,1.187625,-0.044566,0.034462,0.512028,-0.925306,-0.557166,-0.895505,-0.682279,-0.521718,0.483865,1.322627,-1.268626,-0.702849,1.445626,0.463586,1
1.418964,-0.687548,-1.690372,-0.477206,0.699987,-0.831904,-0.402269,-0.120969,-0.165442,0.463484,-1.582118,0.651577,-0.601240,0.082060,1.037916,0.127239,-0.255169,0.568207,0.618666,1.284790,-0.969586,-0.618856,0.153488,-0.668185,-0.151009,-0.811727,-0.292170,-0.894622,-0.778092,-0.928141,2.066042,0.729550,0
0.761728,-1.107351,-0.473453,-0.778335,-0.573127,0.334080,-0.389031,-0.201168,1.102730,-0.774400,-0.292956,-0.578835,-0.155963,-0.684170,1.157532,-0.056536,-0.459306,-1.045518,-0.588447,0.413206,0.146644,-1.009855,0.392390,-0.987334,-0.399755,-1.481429,0.247701,-0.196661,0.510718,-0.982978,0.486518,0.190774,1
-0.167714,-0.038260,-0.265039,-0.073437,0.361441,1.853115,0.566741,0.670915,-1.046192,0.233098,-0.481996,1.039314,-0.057543,0.651637,-0.240107,-0.176661,-0.441898,-0.911222,0.187601,-1.048532,1.333149,-0.516693,-0.695047,0.737042,0.656068,-0.514233,-0.481567,-0.763394,-0.160932,-0.719659,-0.632803,-0.405032,0
0.045362,-0.148222,-0.160657,-0.263637,0.349408,-0.253366,-1.306574,0.058969,0.570746,-1.359380,-0.902121,0.104223,0.534307,0.606808,-0.272135,0.035943,0.552114,0.082469,0.346811,-0.801417,0.149444,-1.005059,-0.500610,-1.050664,0.070905,0.619984,0.167037,0.091768,0.512015,-0.302387,-0.129034,0.179129,1
-0.383392,-0.185838,-0.221329,-0.243704,-1.650150,-1.526360,0.660317,0.404451,-0.242833,0.599607,0.468822,1.106718,-0.807114,-0.042343,-0.115923,-0.395363,0.402385,0.267011,-0.687842,0.058407,-1.218732,-0.603322,0.021054,0.549998,-1.472457,1.653104,-0.414689,0.417297,-1.533552,0.002433,1.063212,0.325740,0
0.143524,-0.522301,-0.221052,-0.318282,-1.046921,-0.282635,0.768282,0.588032,1.017658,0.891884,0.411328,0.552302,0.273032,0.909007,0.880455,0.357637,0.967407,0.550199,0.637245,-0.674849,-0.503929,0.038997,1.090168,-0.426446,0.245099,-0.597492,-0.744652,0.093532,0.496245,-1.522923,1.000921,0.597492,1
0.801798,1.422128,1.529449,0.440965,0.982387,-1.600462,0.017964,-0.856401,0.639128,-1.049210,0.004067,-0.724975,-0.895606,-0.067018,0.860698,-0.271859,-0.747380,0.241674,0.092130,-0.299840,-1.316420,-0.655574,-0.383108,1.146095,0.084692,-0.161316,0.859391,-0.184664,0.587721,-0.142913,-0.083673,0.713609,0
-2.128820,-1.365294,1.274584,-0.831333,0.769514,0.391382,1.157567,2.456115,0.272893,0.440215,-0.432866,-0.322361,0.484891,-1.065436,1.280369,0.096616,0.104292,-0.573672,-0.892386,-0.698276,0.404903,-0.336303,0.726864,-0.360234,-1.222775,0.938864,-0.345212,-0.784423,0.346239,0.367128,-0.616022,0.027611,1
2.116845,-0.705057,1.136354,-0.665399,0.613083,1.915189,-0.327502,0.751881,-1.808638,0.803420,0.440990,0.769093,0.390500,-0.805529,1.112342,-0.705890,0.432278,0.749233,0.213610,0.457472,-0.205294,-0.991146,-0.335513,0.406220,0.945369,1.065811,0.477897,-0.136711,0.316848,0.373649,0.624085,-0.166179,0
-0.264533,-0.391778,0.831073,-0.727248,0.048777,1.226390,-0.492617,-0.483376,1.379126,1.076112,-0.882358,-1.083021,0.834709,0.110388,0.033426,0.091685,-1.675179,-1.342101,0.326373,1.437485,1.525549,0.531667,-0.265557,-0.663060,-0.311394,-0.837038,1.052260,0.769836,-0.102371,0.014796,0.128396,-0.600583,1
1.505574,0.269223,0.199802,-0.758240,-1.078562,-0.258835,-0.049921,1.763372,0.111871,0.448659,0.082045,-0.023209,0.555088,0.184396,-0.542172,0.902470,-0.991180,0.448780,-0.744425,-1.728208,-1.029095,-0.735396,1.557657,-0.278814,-0.729872,0.120521,-0.392270,-1.300433,-1.103904,-0.572153,0.601183,-1.053713,0
-1.342315,-0.522524,-0.194130,-0.235579,-0.441283,0.233743,0.423617,0.039468,-0.905462,-0.807396,1.661525,0.178122,0.323876,0.336611,0.767050,0.770680,0.685054,-1.356969,1.897115,-0.966401,0.190778,-0.167063,0.405297,-0.996181,0.960835,1.153262,0.672978,1.654971,-0.578681,-0.634630,-1.057664,1.203709,1
1.048128,-0.444972,-0.007390,0.604309,0.911742,1.398544,-0.261544,1.460950,0.178125,-0.247492,0.475576,0.936891,-1.165279,-0.011272,-0.395131,0.474676,0.623421,1.201108,-0.273205,1.513411,0.330499,-0.047734,-1.584070,-0.716857,0.234652,0.293604,-1.183340,-0.122367,0.837839,0.245400,-0.840042,0.088583,0
-1.086353,-1.217058,-0.421217,-0.239672,-0.617090,0.677561,-0.627537,0.153147,0.197226,-0.402653,1.220689,-0.190849,0.056622,0.410633,-0.027628,0.215840,0.368454,0.303910,-0.430966,-0.081493,-0.393493,-0.270905,-0.189400,1.096325,-0.696629,-0.299639,0.560588,0.314913,0.464874,0.508149,0.707946,-1.150529,1
1.505639,0.637411,-1.162682,0.218631,0.693139,1.454544,0.756887,-0.910480,0.755842,-0.366463,0.978358,0.037523,0.727367,1.304776,0.346114,0.571380,0.093201,0.437560,-0.001437,-0.816779,0.106261,-1.254790,-0.128209,0.754256,-0.456331,0.320089,-0.392117,0.179462,-1.536725,-0.147742,1.419860,-0.747004,0
-0.104268,0.467493,-0.429328,0.846983,-0.252693,0.694497,-0.279552,0.289863,0.436189,-1.394887,0.653643,0.457782,-0.182579,0.641577,-0.035264,1.192850,-0.649796,1.127627,-1.490449,0.235155,-0.353194,0.173617,0.664881,0.472898,-0.097967,0.122529,0.338926,-0.503947,-0.381142,0.033686,1.640164,-0.152676,1
2.671657,-1.462333,0.103854,-1.438572,1.095612,0.020119,-0.127993,-0.551615,-0.873689,0.184908,0.135329,0.607504,-0.637595,0.052692,-0.759861,0.991259,1.189966,0.565878,-0.357116,-1.356782,-0.058926,-1.324585,0.012526,0.387480,-0.638254,0.634842,-0.040493,-1.513739,-0.559604,0.752637,-0.036616,-0.618061,0
-1.354081,-0.383792,-0.272620,1.634847,0.962639,-0.020136,0.350599,0.600763,1.476738,-1.209213,1.727001,-0.075613,1.389043,-0.283922,0.100180,-1.614478,1.923632,1.293679,-0.133011,-0.070502,0.541755,-1.849519,-0.463162,-0.512505,0.095870,1.760724,-0.241659,-0.105256,0.195187,2.274025,0.952275,-0.672160,1
0.693709,1.198852,-0.186995,-0.321156,0.967211,-0.281393,-0.943164,0.222183,0.898473,-1.835619,0.342460,-0.000535,0.377345,1.404779,0.401947,-0.185547,-1.091662,-0.786865,-0.474193,-0.645895,1.164316,0.793067,0.951598,0.471395,0.535612,0.420266,0.803013,-0.171870,1.161841,-1.481248,0.643993,1.269110,0
-0.593441,0.350105,0.818003,-0.734397,-1.731352,-0.573854,-0.844813,0.329417,1.298699,1.639190,0.778262,0.126870,0.449522,-0.279236,-1.565606,0.517406,-0.211330,0.136071,-0.531585,1.321688,-0.557435,-0.163425,0.737986,0.675333,-0.320940,1.119504,-0.411286,-0.195777,-1.134476,-0.012344,-0.027694,0.284920,1
0.521528,-0.586572,-0.720822,-0.193383,1.615197,0.463594,0.227672,-1.291761,-0.496237,-0.292104,0.285449,0.531554,0.793195,-0.635784,-0.826385,1.017895,0.677164,0.565629,-0.117966,-0.330395,-0.083493,1.112876,0.012895,-0.279526,-0.199223,-1.290862,0.559368,-0.698993,0.164901,-1.777496,-0.542715,0.596910,0
-1.130124,-0.664410,0.315219,0.282993,0.850952,0.051313,2.196702,-0.883283,1.135119,-0.358469,-0.638635,-0.589354,0.631052,0.153750,0.214936,0.378482,0.703696,-0.442023,-0.709119,-0.765373,-0.878388,-0.348357,-0.243941,-0.356233,0.202735,0.082303,-0.455490,-0.127600,0.765317,-0.487293,-0.859596,-0.254152,1
-0.102810,-1.249608,-0.121204,1.383178,-0.942426,-0.504133,0.310205,-1.008910,-0.154305,1.138558,0.762669,0.399141,-0.478968,0.300401,-0.484896,0.235958,-0.350850,0.074954,-0.600724,1.243174,1.199673,0.964733,-0.542926,0.809304,1.833641,0.907990,0.133599,-0.110428,0.313501,-0.646304,0.975690,0.781054,0
-1.155632,-0.899641,-1.734909,-0.281901,-0.728460,-0.690853,0.715019,0.320275,-0.120680,1.640609,-0.383373,-0.476346,-0.663839,-0.907554,-0.857999,-0.235367,0.263465,-0.713163,0.652189,0.781505,1.085070,0.345940,0.221189,-0.418817,0.279899,-0.971414,0.527538,0.468590,1.367038,0.993009,0.662656,0.221192,1
-0.007779,1.178013,0.216787,-1.430439,-0.313604,-0.298348,-1.295860,-0.540689,-0.972041,1.091099,-0.212998,-0.553009,-0.674827,0.148257,0.876092,-0.776738,-0.548113,-0.115896,-1.103110,-0.544417,-0.039629,-0.737532,-0.213901,-0.170774,0.233220,0.719886,-0.676724,0.278516,-0.787636,0.625985,0.301474,0.830610,0
-1.113451,0.198003,0.062405,0.412868,0.191948,0.770272,-0.431035,-0.237949,0.217804,-0.232085,-1.174733,-1.247030,0.969362,-0.616268,0.708348,-0.469324,-0.364995,0.539603,0.010770,-0.151707,-0.375903,0.955384,-1.581693,0.606424,-0.260157,0.525443,-0.039771,-1.143285,0.421859,-1.305416,0.165260,-0.342328,1
1.260978,0.702745,1.550335,1.790688,-0.892199,-1.057747,-0.529833,-0.118505,0.169117,0.662991,-0.025017,0.212635,0.788862,0.280338,-0.643728,0.246001,0.179173,-1.690145,1.135032,0.160723,-1.140474,-2.055937,-0.676885,0.819094,-0.033668,-0.124372,-0.724889,-0.584475,0.252211,-0.639864,0.208938,-0.205850,0
-2.370369,0.492383,0.189008,-0.001902,0.148253,0.797557,0.250577,-1.241957,0.826835,-0.589636,-0.754865,0.592109,-0.008543,0.464418,-0.701053,-0.255488,0.158357,0.803031,1.472018,-0.024211,0.515378,0.176646,-0.928643,1.385015,-0.122131,-0.917280,-1.496102,-0.325037,1.200736,0.015921,1.098838,0.383490,1
0.497779,-0.417385,-1.730719,-0.115385,-0.806396,0.924158,1.373785,0.762006,-0.234139,-0.950470,-0.860986,-0.331444,0.108741,-2.225172,0.157553,0.714861,-2.128741,0.745661,0.471758,-0.611858,1.070211,0.150074,-1.378859,0.706743,-1.017946,0.753538,-0.591079,-0.307102,-0.170396,-0.032421,-1.258494,0.880730,0
-1.693167,0.055174,-0.134745,0.712812,-1.710904,0.352417,1.210667,-0.799143,0.678455,0.551402,-1.156071,-1.506886,0.253445,-0.671207,-0.105903,-0.666174,-0.519085,-0.163601,1.045598,-0.354097,0.055686,0.307862,0.026900,-0.760027,-1.465172,1.229398,-1.351070,-0.063696,-0.675263,0.898404,0.313606,-0.341375,1
0.327887,-0.837165,-0.586992,0.094988,-1.211764,-1.050803,1.174908,-1.072782,0.185810,0.003058,1.017017,-0.161970,-0.119400,0.234704,0.213608,-0.176526,-0.563717,-0.301574,0.083656,0.808448,0.171472,-0.332425,-0.935651,-0.394497,-0.796575,-1.273034,-0.138945,0.447283,-0.897945,0.240373,0.255490,0.038231,0
-0.968721,0.863707,0.809192,0.039557,-0.476897,0.022060,-1.557812,0.395931,0.368068,-0.203716,-0.476816,-0.439637,0.414728,-0.550364,-1.278266,0.115199,-0.217417,-0.267240,-1.711514,0.990178,0.009303,-0.411912,0.585093,2.381956,0.062940,0.818333,-0.889303,-0.142745,0.261736,-0.714948,-1.311025,-0.810447,1
0.574114,-1.297116,-0.224717,-0.563545,-1.556763,-0.619084,1.727292,0.112932,0.085989,2.102594,-0.840542,0.824036,0.732290,0.618609,-2.325790,0.276597,0.348233,-0.270250,0.719854,-0.047953,-0.858944,1.390796,-1.680768,0.137018,-1.524020,0.193907,1.225662,0.446526,1.148641,-1.210634,0.100178,-0.392685,0
-1.664259,-0.290354,-0.883455,-0.929088,0.036631,-0.320673,0.348474,0.163041,-0.375308,-0.257734,0.376300,0.567818,-0.869281,-0.042125,-0.743946,0.015886,0.175887,-1.521975,-0.505614,-0.210665,-0.643870,0.057452,-0.609317,0.719711,-0.242337,-1.046327,0.400542,-0.146552,0.152015,-0.001173,-0.345791,0.289913,1
1.487934,-0.083024,-1.084893,0.271359,-1.078498,1.092173,0.859890,-1.315766,-0.915144,-0.369361,-1.421750,-0.966968,0.233087,-2.179022,0.869837,1.043412,1.703613,-0.626119,-0.276174,0.024178,-0.296175,1.157137,-1.677443,0.605747,0.193940,-0.781507,-1.346623,0.117701,-0.330922,-1.413670,0.554787,-0.345840,0
0.241245,0.867942,-0.392547,-0.628108,-0.048675,0.318201,0.559273,0.891795,1.335219,-0.099410,0.313303,0.253809,-0.499541,-1.368076,-1.617097,-1.171859,-0.691966,0.650847,0.770744,0.316936,-0.062014,0.494687,-0.315363,-0.238875,-0.096437,0.179643,-0.020473,-1.092330,1.175869,1.032820,-0.766552,0.538429,1
1.741128,-0.403187,-0.817178,-0.927856,-1.607138,0.119789,-0.882711,-0.555911,-0.919526,0.205365,0.291348,1.048638,1.219996,-0.642919,-0.088988,0.505505,-0.469514,-0.583835,0.042914,0.364415,-0.945690,1.276510,-0.075804,-0.609197,0.608946,-0.640645,-0.338316,-0.092648,1.099068,-0.510455,0.263439,1.334417,0
-0.631208,0.240740,-0.012991,1.564744,-1.579996,0.406315,-1.154062,0.233786,-0.615944,-1.363381,0.769945,-0.747893,0.701481,0.254664,0.651116,-0.544074,-0.089486,-0.342988,1.000201,-1.365156,-0.605918,-0.259634,0.432724,0.074396,-0.830690,0.127231,-0.471795,2.101401,0.512991,0.456640,-0.401473,-0.645944,1
0.962986,0.265200,-0.137311,-0.185402,1.071429,1.155499,0.205837,0.762771,-0.727067,-0.026363,-0.081874,1.583884,0.740934,-0.591429,1.070795,-0.004632,-0.021310,0.635132,0.653654,0.078425,0.166427,-0.083805,0.643487,-0.389500,-0.039679,-0.300192,-0.306230,0.763709,-0.632535,0.253576,-0.163766,-1.697265,0
-1.999326,-0.609719,0.528317,-1.412774,0.490818,0.530118,-0.367449,-1.096774,1.200282,-0.141353,-0.064234,-0.769506,-1.081071,0.774701,1.303202,-0.106367,-1.409306,0.817744,0.149634,-1.362329,-0.229972,1.699297,-0.658648,0.313727,0.017581,0.619323,-0.023922,1.110717,-0.262230,-0.983607,-0.258114,-0.508951,1
-0.089391,-0.054075,-1.606438,1.001233,0.031054,-0.993705,-0.118843,-0.551253,-1.221192,1.522227,-0.955630,-0.213449,-0.759870,-0.260380,-0.652551,0.478725,-0.156435,-0.467600,0.825997,-0.163013,0.641936,-0.236034,1.376880,0.108315,-0.831389,0.061319,0.917421,-1.816556,0.387491,-1.012361,-0.072001,-0.738666,0
-2.009973,-0.352864,-0.575931,2.050350,-0.468988,1.339065,1.567315,-0.595562,1.031356,0.388194,-0.017833,0.058799,0.358458,-0.632543,-0.278742,0.450974,-0.011354,-0.389440,0.304652,0.308667,0.303773,0.330985,-1.519792,-0.953756,-0.320040,-0.658771,-0.708200,-0.201426,-0.017727,-0.500834,1.306834,-0.535890,1
0.939539,0.446466,0.481945,-0.282762,0.139787,1.600888,2.022497,-0.452219,0.575668,-0.517510,-0.431272,0.278106,-1.544912,1.323685,-0.845628,0.379365,-0.839057,-0.808703,-1.175352,-0.899585,0.924075,-0.516801,1.059165,-0.392071,-0.343607,0.594667,-0.355186,0.669613,0.161916,-0.015985,-1.409612,0.979624,0
-0.932043,-0.236117,-0.000139,0.864366,0.550050,0.184666,-0.385996,0.152962,1.076294,0.253837,0.824090,1.509677,0.550703,1.180623,-0.266194,0.758520,-0.645260,0.512650,0.328588,0.471437,0.487409,0.857744,-2.124045,-0.535212,0.823216,-0.615702,0.721081,0.775636,-0.332896,1.125399,0.063761,-0.148400,1
0.228053,-0.055932,-0.591784,-0.628768,-0.167019,-0.202344,-0.658656,0.846522,-0.925812,-0.416671,0.572113,-1.157815,-0.308104,-0.432475,-0.185047,0.303322,1.329792,1.107042,0.646957,0.262762,-0.520648,0.326011,-0.015877,-0.165259,0.026245,0.749673,1.199349,-0.550343,-1.142822,-0.583469,-0.215806,-0.145747,0
-1.571299,-0.436520,-1.198252,-0.486635,-0.306637,0.607383,0.398626,0.947093,-1.522026,0.694273,0.584243,1.308560,0.061560,-1.237190,0.260212,-0.634915,0.913913,-0.969298,1.014398,-0.473563,0.766752,1.558277,-0.473625,-0.071780,-1.398795,-0.300600,-0.218954,0.212069,0.009787,-0.233135,-0.105106,-0.049797,1
1.217655,-1.161300,0.708780,-0.445488,-0.206449,0.898196,-0.019525,-0.981597,0.428531,-0.362992,0.832146,0.432471,0.831038,-0.783678,0.197566,-0.559357,0.204332,0.623250,1.143257,0.394068,1.459196,0.370058,0.004098,1.101009,-0.055969,0.138475,0.023299,0.918409,-0.200694,-1.029706,1.445482,-0.548730,0
0.828403,-0.001533,-1.382492,1.253836,-0.648072,0.607214,-0.161039,-0.683522,1.320774,-0.599285,-1.611042,-0.170771,-1.095975,0.831187,-0.659809,-0.208383,-0.850900,-0.025250,-0.003642,1.500127,0.099942,0.803900,-0.487843,0.384168,0.390817,-0.817135,-0.777835,1.056628,0.090779,-1.418026,0.109367,0.794785,1
-0.673870,-0.173865,-0.909107,0.053648,-1.013626,-0.424594,0.326998,-0.940895,-0.085894,0.788661,-0.680945,-0.199605,-0.204958,-0.026569,-0.379845,1.556782,-0.644804,-0.759025,0.546039,-0.052230,0.597831,-1.726686,-0.069719,-0.865705,-0.270681,1.210506,-0.032171,0.145500,0.519071,-0.578541,0.985287,-0.141284,0
-1.334186,-1.636876,-0.960052,0.390966,-0.034672,0.618528,0.548757,-0.598830,1.046880,0.082658,-1.305221,-0.057354,0.286928,0.246086,-0.009408,0.154743,-0.909516,0.544996,1.218352,-0.572424,-0.074543,0.110049,1.410275,-0.119658,-0.301167,-0.873525,-0.728347,0.829177,-0.945519,-0.555653,-0.265111,0.677995,1
1.384135,-0.032480,-0.183089,0.380244,-1.013928,0.825161,-0.626277,0.311981,-0.048371,0.121363,0.062683,-1.080414,0.428284,0.747076,-0.687572,0.328848,-0.093446,-0.572279,1.169980,0.060365,0.103647,-0.525022,-0.664435,-0.511136,0.712478,0.859489,-1.812266,-0.735892,1.216966,0.552414,0.757437,0.370679,0
-0.691219,0.257867,-0.087120,-0.204451,-0.356738,0.189582,0.413474,0.654077,0.726219,-1.060862,-0.188371,1.325369,-1.624209,-0.358293,0.027170,0.913672,-0.060638,1.597717,-0.686971,0.415393,0.739544,-0.019196,-0.570359,-1.400765,-1.746504,-0.245546,1.552173,2.091842,0.914869,0.030768,-0.024067,0.902919,1
2.254827,-0.098290,1.084460,1.662290,0.030529,1.043566,-0.076611,0.203894,0.194793,-0.131014,0.701976,0.265283,0.583877,0.426308,0.548134,0.076119,-0.096011,-0.179591,-0.277101,-1.034372,0.435429,0.272088,-1.053413,-0.079174,0.009577,-0.045137,-0.129540,-0.621455,1.725363,-0.375782,0.930557,-0.154990,0
-0.422566,1.382533,0.659594,-1.873953,0.264726,-0.727237,0.345083,0.266612,-0.981948,-0.239927,0.440505,1.187718,-1.422628,-0.085802,1.018090,-0.511561,0.125577,-0.120300,1.008667,-0.131814,0.084906,0.417514,0.162809,-1.021757,-0.038346,-0.491143,0.199425,0.300163,0.651797,0.963724,-0.176959,1.123172,1
0.864339,-0.852073,-1.222264,1.383438,0.137460,-0.603807,0.533073,-0.298908,0.145359,0.123000,0.273021,-0.678005,0.300059,-0.206018,-0.673601,1.571480,-1.520942,-0.924296,-1.420576,0.604759,-1.489956,-0.003694,-0.089381,1.085726,0.609874,-0.039403,-0.126982,-0.388016,-0.518031,0.245867,0.997475,2.133412,0
-1.892023,-0.445018,0.724783,0.136882,1.081992,-0.899314,0.058476,0.407694,1.402095,-0.527342,0.969756,0.593351,0.480252,-2.160800,-0.780864,1.075355,1.047632,1.167442,0.636832,-0.554051,-0.583147,0.036857,-0.064795,0.325618,-1.041111,0.362318,0.057935,-1.895453,1.080788,-0.403175,0.219403,-0.241531,1
2.218123,-0.319920,0.683515,-0.189416,-0.534527,-1.450310,-1.547475,1.228584,-0.404741,-0.310523,0.564139,-0.054718,-0.455466,1.265505,1.148880,0.312553,-0.489509,-1.516316,0.133712,0.798105,-0.958986,0.047481,-0.724217,-0.899823,-0.258505,-1.042358,1.019714,0.766824,-0.669879,0.413434,-0.473065,-0.478751,0
0.285404,0.221504,-0.229152,0.200669,0.361980,-0.539088,0.197523,-0.031792,0.269134,-0.211003,-2.161792,0.654757,-0.126295,0.627152,0.786831,0.164025,2.048328,-0.143052,-0.300105,0.245816,-0.870471,-0.281338,0.508955,-0.155754,0.143586,0.908973,1.087650,0.543074,-0.333698,0.560896,-0.268301,1.081811,1
0.933964,0.505883,1.624152,0.427124,-0.337617,0.316106,0.876023,-1.129053,-0.283179,0.603931,-1.409657,-0.586979,-0.509574,-0.557941,0.393578,-0.255798,0.197050,-0.255827,0.491498,-0.662501,0.570980,-0.519374,-0.473159,-0.683757,1.187117,-0.127158,1.078292,0.385007,-0.574053,-0.626027,-0.059434,0.226662,0
-0.701643,0.473130,0.909028,0.378430,-0.219787,0.115096,-0.969952,0.594853,-0.436944,0.041491,0.965899,-1.022649,0.905478,0.152674,-0.276377,-0.092668,-0.721600,0.206396,-1.294238,-0.070896,-0.039412,1.759679,1.412682,-1.440246,1.040725,-0.443058,-1.259409,-0.075952,-0.648456,-0.166822,-0.898996,0.026694,1
1.551085,0.153478,-0.178780,-0.324275,-1.251946,-0.534362,-0.260317,-0.305027,-0.416485,-0.464649,-0.006853,-0.331693,-0.007774,0.586608,-0.634698,1.281111,-0.552829,-0.601536,-1.015403,1.340784,-0.319323,-0.455535,1.134849,-0.511136,0.186268,-0.013934,-0.330616,0.605265,0.548225,-0.713449,0.036223,0.408909,0
-0.942170,0.396531,0.478546,0.588264,-1.182679,-0.056345,-0.847206,0.590767,-0.498359,1.819682,-0.402742,-0.055003,-0.783566,0.936596,0.447341,-0.506636,-0.179879,-0.494574,0.342925,-0.068037,0.207922,0.679579,-0.001235,-1.081152,-0.319387,-0.157278,0.301258,-1.627630,-0.836764,-0.265835,-0.175009,-0.187664,1
1.234121,-1.504337,-0.325094,0.047753,-0.658525,-0.761060,-0.007985,-1.533739,0.195872,-0.538332,0.688391,-0.645364,1.131245,0.355182,-0.005450,-1.236972,0.335456,1.319168,-0.013359,-0.510477,-0.173196,-1.814312,-0.425233,0.519695,-0.604044,0.088817,1.275108,1.251415,0.866347,-0.563457,2.143343,0.575600,0
-0.049414,-0.450402,0.466408,-0.093297,0.843852,0.077198,-1.316113,0.033072,-0.112471,0.839931,0.336048,0.526076,0.011046,0.962903,0.991123,-0.015421,-0.704136,0.634372,0.238339,-0.189813,0.465541,0.169177,-0.014898,-0.598665,-0.115883,0.726503,0.744024,0.409900,0.365937,0.288405,1.765906,0.653720,1
0.831020,-0.110015,0.509995,-0.162025,0.512223,-0.164037,-1.173204,0.233613,0.154958,0.722885,-0.514596,-0.541149,1.314331,-0.241744,-0.417424,-0.246088,-0.248521,0.604288,1.345655,-0.157900,1.057539,0.171261,-0.873085,-0.843521,-0.607712,-1.794314,0.676062,1.184610,-0.501800,0.661452,-0.279101,-0.185021,0
-0.617109,0.880960,-0.804672,-0.327012,-0.100191,1.793584,-0.161803,-0.243001,0.624256,0.032395,0.167722,0.032203,-0.859627,-0.495969,0.787836,1.271142,-1.030819,-0.372440,-0.500654,-0.376977,-1.307133,-0.294374,-0.096034,-0.607591,-0.127412,0.511460,-0.681328,-0.648695,-0.270280,-0.746443,0.259226,0.403977,1
1.673969,0.217992,1.072548,-0.101288,-1.752302,-0.172123,-1.030892,0.479370,0.368623,1.186039,-0.299822,0.426156,1.095525,-0.534784,-0.542951,-0.353085,-0.031098,0.939276,-0.030619,0.992535,-1.218347,1.507883,0.301504,0.709677,0.183630,0.193369,0.472486,-0.864662,0.177232,1.463925,0.272789,0.245859,0
-1.102319,0.139334,0.401160,0.480694,0.219741,-0.368819,-0.578023,0.194511,0.194360,-0.152329,-0.266220,1.197562,-0.943042,0.269569,1.968720,0.735200,0.554775,0.237223,0.140572,-0.264552,-0.567003,0.107917,-0.612914,-0.207243,1.305850,-0.833292,0.427068,1.460575,-0.270168,0.238552,-0.658383,0.256091,1
-0.249710,-1.299656,0.099900,0.204286,0.360375,-0.360989,0.344715,1.517699,-0.094665,0.930090,0.335469,0.396108,0.145314,-0.455324,-2.156184,0.099013,0.653511,-0.439093,0.110350,0.628073,-0.236733,-0.340691,-1.021589,-0.367518,0.553128,-0.369346,0.048590,-0.127834,-2.213579,-0.790370,0.228783,-0.209902,0
-0.551623,-0.466367,-0.646629,-0.096384,-0.435550,0.181762,-0.945608,-0.863921,-0.113719,0.819856,0.640276,0.204690,0.314055,1.212340,-1.721531,-0.211848,0.508871,-0.166773,1.624030,0.014567,-0.135927,-0.712017,-1.033632,-0.886847,0.705661,0.824250,-0.085001,-1.232372,-1.542383,0.963346,-0.726060,0.986996,1
0.397028,-0.946953,0.096545,0.159079,-0.039049,-0.175354,-0.342691,-0.088837,-2.244164,0.707013,0.754446,-0.648930,0.602010,0.278793,-0.430169,-0.850105,-0.095585,-0.174686,0.231230,-0.672964,-0.481667,-0.230024,0.299771,-0.545467,0.327398,0.722006,0.004941,-0.575109,1.525809,1.054323,0.159476,-1.103291,0
-1.374215,-0.016470,1.090963,0.548114,-0.390711,-0.127887,0.629424,-1.150723,-0.222059,-0.619925,0.291642,-0.855356,-1.058803,0.684815,0.519029,-0.368042,0.407168,0.638078,1.275117,0.250450,0.164371,0.804338,0.979350,0.823047,0.100317,0.474378,-1.312078,-0.152459,-0.606305,1.134054,-0.125273,-0.037130,1
-0.306307,1.472158,0.121418,0.190509,0.291692,0.084465,-0.853427,-0.087132,-1.772101,0.615196,1.102196,-1.541337,0.124334,-0.664544,-0.855391,-0.556028,-0.716167,-1.473321,0.573781,1.801723,-0.494039,0.962832,-0.498537,-0.854532,-0.883591,-1.041566,0.457796,1.111488,-1.220454,-0.093163,0.544188,-0.004022,0
0.019832,-0.164618,-1.538533,0.030285,0.406303,0.561798,0.959899,0.719976,-0.648412,-0.912020,-1.598206,0.352212,1.425470,-0.054749,-0.007317,-0.410025,-0.499187,-1.141043,-0.674558,0.427738,1.628411,-0.094476,0.804645,0.325656,0.384220,0.258456,-0.159364,-0.036833,-0.674915,-1.167201,-0.103981,-0.006382,1
1.878059,0.930391,-0.682881,0.009994,-0.156799,-0.567390,-0.046960,1.692386,-1.268390,-0.558138,-0.496403,0.587461,0.119363,0.207863,-0.677202,0.610749,-1.143314,0.601828,0.186294,-0.407134,0.076115,-0.406104,0.456470,-0.289627,-1.539324,1.281451,0.462659,-0.357584,-0.547672,1.246608,0.118724,0.164050,0
-0.572928,-0.280464,-0.433205,1.167343,0.165283,0.811707,0.643102,0.452852,0.276493,-0.213381,0.428326,1.229334,0.681338,1.098493,0.492439,0.862283,-0.017313,-1.242876,0.341180,-0.388558,0.301837,-0.824804,1.876303,-0.641410,0.075427,0.447811,-0.084663,-0.291016,-0.764768,0.042116,-0.277347,0.865709,1
1.053584,0.430034,-0.983838,-1.067366,-0.257444,-0.424595,0.240810,-0.785701,-0.895390,-0.086441,-0.389126,0.330690,-0.086305,-0.351763,-0.635777,-1.577479,-1.642943,0.013032,-0.095549,-0.565269,0.724606,0.712371,0.745021,0.110821,-0.152544,-0.761416,1.212804,-0.739667,-0.783788,0.400017,1.237174,-0.113438,0
-0.841649,0.790787,0.285110,-0.850705,0.605715,-0.515748,0.358588,0.498159,-0.490665,1.499027,-0.238420,-0.571093,0.628759,-0.676408,0.074759,0.609128,0.501179,-0.061658,-0.235281,-0.707070,-1.062750,0.736602,-0.455710,1.555253,0.707505,0.095143,-0.801785,-0.219991,0.085192,-0.245924,-0.094563,1.379802,1
-0.005529,0.251821,-0.384595,1.263612,0.458082,1.222299,-0.142236,0.341624,0.876031,0.091392,0.344212,0.575466,-0.121708,-0.145279,-0.849971,1.178080,-0.838375,-1.098663,0.893976,-0.148743,1.443978,-0.567942,-0.753053,-0.057797,0.531524,0.320807,0.098010,-0.668696,-1.260811,0.034653,-0.266956,0.824268,0
-0.482878,-0.350590,-0.973327,0.115991,0.085703,-1.985098,0.483905,0.666661,-0.984910,1.525874,-0.980545,-0.651021,0.187342,-0.045549,-0.358389,-0.429275,-0.683368,1.052053,0.177340,-1.079386,0.485543,-1.657552,0.751847,-0.262678,-0.256392,-1.177744,-1.330874,-1.150052,-0.042998,0.357093,1.721673,0.173032,1
1.228387,1.093871,-0.907825,0.246676,0.485890,-0.213347,0.352702,-1.604988,0.266839,0.506074,0.608178,1.068664,0.445440,0.748971,-0.518999,-0.396243,-0.254657,0.059890,1.397090,0.522521,1.220730,-1.244178,0.688664,0.227538,-0.065477,0.648791,-1.197266,-0.403432,-0.789764,-0.325004,0.414540,0.369577,0
-0.097249,0.252943,-0.735703,0.016079,0.262176,0.152672,-0.106864,-0.363518,0.035183,0.469475,-1.557445,0.426491,-1.026345,-0.880270,0.020941,0.191099,-0.247878,0.451001,-1.019549,0.977889,0.106651,0.183225,0.423363,0.085709,-0.451491,0.232574,-0.639683,-0.505398,0.305463,-1.093011,-0.550569,-0.179409,1
1.901826,-1.459309,-0.364959,0.666838,-0.839672,-0.038866,-0.465887,0.745864,1.035114,-0.580851,0.414570,0.420136,0.349089,-0.344423,0.884563,0.640320,0.791456,0.535882,1.372272,0.399210,-0.438975,0.604027,0.517885,0.048758,1.550962,-0.417242,0.341930,-0.584386,0.205770,-0.936743,0.061126,0.974047,0
0.019102,-0.505587,0.360403,1.456608,0.023224,-0.356090,1.411201,-0.956302,-0.203279,0.353473,0.653219,-0.154316,-0.108334,-0.195268,0.858809,-0.906046,0.177412,-0.027384,0.453442,0.184189,-0.903642,-0.067051,-0.158374,-1.178583,0.637809,0.180242,0.988649,0.892215,-1.883887,0.823302,0.504988,0.020445,1
0.482929,-0.415983,0.453963,-0.877405,0.844921,0.433187,-0.382826,0.969496,-0.727719,0.497266,-0.469752,-1.119929,0.700408,0.058286,0.119027,-0.395431,1.718680,1.378396,-0.403062,-0.127185,0.508794,0.818657,-0.569985,-0.819416,0.600746,-0.128312,-0.211701,0.429712,0.271155,0.923644,-0.348657,0.659789,0
-2.256897,0.849986,-1.102178,0.029959,-0.086156,-0.641000,0.833539,0.240354,-0.300236,-0.782482,-1.236587,1.350859,-1.285562,0.366066,-0.076455,-0.079114,0.163267,-0.514840,0.639641,0.180258,-1.222210,-0.368758,0.116306,-0.072650,-0.586401,0.864482,-1.330224,1.503713,-0.329758,-0.593916,0.546756,0.778182,1
0.762317,0.724104,0.381621,-0.508867,-0.008928,-0.591293,0.280040,-0.940823,-1.133239,0.145852,-1.111914,-0.234771,0.968812,0.588819,-0.282650,1.198076,-1.167391,0.208623,0.807937,-0.663144,-0.146672,-0.099143,0.631522,-0.466719,-0.106094,-1.603267,-0.680361,-0.218055,-0.095664,0.090049,1.838146,-0.215541,0
0.578471,-0.523758,-0.009422,0.214255,-0.245296,0.403552,-0.233592,1.266192,0.170741,-0.571230,0.552300,-0.208288,-0.381600,1.066319,-0.372022,-0.462890,0.375075,-0.918551,-0.562469,0.433590,-0.759621,0.208175,-0.821600,-0.412412,-0.566271,-0.575752,-0.523546,0.400333,-0.431282,0.268942,0.597470,-1.593166,1
1.695965,-0.880661,0.551768,0.167166,-0.789257,-0.571393,-1.168318,0.132976,0.324286,-0.876054,0.739948,0.338882,0.274602,-0.059629,0.493501,1.329871,0.672715,0.090731,-0.716873,-0.608679,0.881968,-0.832363,0.074950,-0.364252,-1.003081,0.682404,-0.210719,-1.564055,0.075772,-1.192203,0.566975,0.129387,0
-1.194705,0.339669,-0.732649,-0.139996,0.801184,-0.265510,-0.005932,-0.798314,-0.212206,-0.741883,-0.085836,-0.289887,-0.104686,0.038973,-0.574152,0.530775,-0.306727,0.723583,0.386397,-1.160291,-1.609278,-0.168544,1.468657,1.418801,-1.103818,0.221241,-0.559165,-0.576454,0.309605,-1.020827,0.956946,0.296114,1
0.112442,-0.849309,-1.009758,0.189425,0.071017,-1.718604,1.061014,1.295526,1.362756,-0.394954,-0.421028,1.576312,-0.333407,0.226195,-0.647513,1.383371,-0.963139,0.559610,0.881276,0.435500,-0.982492,0.442271,-0.125370,-0.425171,-0.177533,-0.626655,-0.082111,-0.272004,-0.333873,0.258842,-0.729319,-0.342722,0
-1.107856,0.136033,0.735196,-0.191395,-1.294747,-0.812087,-0.800410,1.480501,0.796783,0.205909,-0.179751,-0.704529,0.532302,0.050899,-0.628016,-0.085442,0.577921,-0.398136,-1.899441,-0.549607,-0.300484,-0.187767,-0.384293,0.164026,-0.539067,0.198298,0.724373,-0.002754,-1.754663,-0.072069,-0.637327,0.605684,1
0.881002,0.464313,0.666970,0.862387,1.395326,0.078098,0.772653,0.045205,0.772051,0.334075,-0.456295,-1.829897,-0.247325,0.067155,-1.505520,0.141187,-0.059219,-0.472619,0.324893,0.005438,-0.703142,0.600643,-0.259615,-0.632368,0.249422,-1.208663,-0.075099,-0.642019,-0.873327,1.641804,0.978749,-0.021124,0
-2.427869,1.248121,-1.261425,1.006753,0.594095,-0.006789,-0.729964,-0.576091,-3.168596,-0.824758,-0.490156,-0.307391,-0.337701,-0.496806,-0.680247,-0.059310,-1.171448,0.501998,-0.750842,1.557889,-0.045948,0.916437,-0.786158,1.123527,1.322886,1.156160,-0.657623,-0.071359,0.130614,-1.009507,1.226583,1.500937,1
0.112663,-0.649149,-0.773037,-0.377499,-1.114494,-0.394377,0.582043,-0.551909,0.289605,-0.290929,-0.025562,-0.466466,1.619188,-0.118182,0.691565,0.700465,-0.108551,0.019039,0.187575,-0.275460,-0.552626,1.025317,-0.585521,-0.919333,-0.621089,-0.080714,0.781585,0.126719,-0.633538,-0.296895,0.162498,-1.945985,0
-0.632300,-0.079435,-1.469007,0.682347,1.556755,-0.018652,0.587850,-0.611509,0.259662,0.027314,-0.952277,0.624353,-1.224862,-0.915161,-0.964951,1.364834,2.120570,0.512505,-0.823865,-1.188815,0.393780,0.083866,0.191911,0.021950,1.286995,-0.120699,0.131394,0.368140,-0.003926,0.911561,-0.469180,0.097623,1
0.877608,-0.907048,0.423462,0.167348,-0.313540,-0.493345,-0.523371,1.999016,-1.024671,0.433310,-0.218242,-1.258348,-0.959560,0.278771,0.625675,-0.190763,-1.024021,0.556738,0.078995,-0.044661,0.485895,1.035642,-0.751305,-0.566683,0.216138,-1.018971,1.540482,0.342789,-0.010166,-0.142268,0.968485,-0.146223,0
-1.256481,-0.388206,-0.232772,-0.269853,-1.028295,0.211267,0.445156,-0.922637,-0.817290,-0.308562,-0.562312,0.085566,1.261049,0.026937,0.092173,0.499427,-0.757642,-0.282569,1.338969,0.528667,-0.874820,-0.378323,0.876409,0.236087,0.472379,-0.734683,-0.232854,-0.509349,-0.540382,-1.088879,1.171706,0.372858,1
1.220608,0.649934,-0.026152,0.014832,-0.263151,0.568976,0.190460,0.067175,0.122070,-0.920287,1.158402,-0.075167,-0.852415,0.391025,0.168554,-0.059836,-0.294849,0.819068,0.328606,0.976963,0.272063,-0.127318,-0.529209,-1.411924,-0.460855,-0.970911,1.746440,-0.972495,-0.108677,0.878504,-0.854063,0.078543,0
-1.145329,-1.081657,0.778100,-0.426718,0.499907,0.207747,-0.344721,-0.052082,0.765979,-0.205378,0.723796,-0.541137,-0.972411,-0.573703,-1.043881,-1.187555,1.544398,0.170390,0.579137,-0.844372,0.749571,0.429781,-0.063322,-0.452981,0.119423,-1.841174,0.505368,0.510055,0.072762,0.523083,-0.186486,-0.215088,1
0.939293,0.106185,0.085019,-0.436571,1.573604,0.793554,0.277002,1.301798,0.232937,-0.192668,-0.801607,0.309579,-0.461101,0.319293,-0.383434,-1.360380,-0.669409,0.387126,1.752556,1.012014,-0.878272,0.408329,-0.221029,-0.036287,-0.044872,0.206352,0.690918,-0.659415,-1.248270,1.118784,0.056041,-0.768514,0
-2.239079,-0.231163,0.708203,-0.450053,-0.882130,0.015133,-0.045835,0.242889,-0.110523,0.860649,0.618290,-1.561378,-0.183650,0.371470,0.690989,0.550493,-1.458519,1.540397,-0.044317,0.597544,-0.065148,0.117568,-0.577629,0.626077,-0.000361,-0.225927,1.102194,1.438122,-0.692494,0.383344,0.223443,-0.158664,1
1.828847,0.013914,0.615367,-0.616228,-0.522257,-0.128098,0.259929,-0.205761,-1.319301,-0.828140,0.124072,0.576764,-0.254538,0.496108,1.068547,-0.337242,1.279799,0.157243,-0.604889,-0.839162,-0.281263,0.330844,2.656152,-0.439415,0.438091,-0.119385,0.459992,0.837543,-1.120009,0.104319,0.785707,-0.344825,0
-0.519140,0.154445,1.023100,0.265378,-0.067385,-0.294215,-0.030542,0.216816,-0.062798,-1.045848,0.443464,-0.216404,-0.857160,0.639226,-0.694593,1.879453,-1.036490,-0.132724,1.581269,-1.350877,0.316975,-0.892061,-0.042886,-0.105583,-0.803797,-0.145304,0.527594,0.724432,-0.081811,0.500718,-0.875144,-0.270585,1
1.415475,-0.079004,1.118219,-0.060633,0.374506,-0.383477,0.360011,0.204989,-0.025285,0.525414,-0.036631,0.356915,-0.434911,0.611910,0.895153,1.582845,0.452441,-0.143933,0.804398,1.289414,0.465571,-0.714694,-0.748173,0.518047,1.065233,-0.583931,-0.511829,-0.044008,-0.375528,-1.009545,-0.456331,-0.550384,0
-1.868669,-0.395165,1.905343,0.611297,-2.072449,0.731755,0.337600,-0.075354,-0.128260,0.840015,1.200348,-0.731844,1.006201,-0.965974,-1.078620,0.430693,0.629279,0.669855,1.231059,-0.312347,-0.739473,0.881371,-0.076515,0.876230,-0.878177,1.166032,-1.799339,-0.464459,0.394697,1.905025,0.633536,0.138392,1
2.182225,-0.284671,-0.591916,0.144961,-0.125436,-0.944442,-0.567065,0.104461,-0.674552,0.494131,-0.253792,-0.572449,0.497709,1.575979,0.534548,0.414249,-0.609168,1.146767,-1.246349,-1.161746,-0.539482,-0.143415,-0.165050,-0.552620,-1.957847,-0.870390,2.584150,-0.312677,1.218094,0.142063,-1.437075,-1.231369,0
-1.128120,-1.645607,1.041052,0.151098,-1.346516,-0.140402,-0.263811,-1.237708,0.926363,0.052135,-0.017395,-1.576031,-0.810082,-1.262019,-0.430756,0.092202,-0.655324,-0.081700,-0.109311,0.213399,-0.313733,1.040830,-0.223048,2.042094,0.234834,-0.484872,-0.066164,0.551184,0.472134,-0.015955,-0.946094,-0.194843,1
1.094433,1.295511,0.178082,0.327790,0.050411,0.644565,1.760653,0.244474,-0.258267,-0.216781,-0.542986,1.414199,-0.862301,0.054083,-0.755329,0.050069,0.209041,1.091843,-0.672628,-0.294795,-0.041164,2.101533,0.092761,-0.823120,0.219612,-0.807642,-1.160422,1.576125,-0.568394,0.542694,-0.076145,0.053299,0
-0.988233,0.345524,0.417740,0.017729,-1.324104,-0.990857,-0.206511,-0.020782,-0.341555,-0.125719,-1.415472,0.350878,0.562084,0.338279,-0.517208,-0.876969,-0.880651,-1.839047,1.217690,0.687771,-0.808839,-0.868788,-0.866034,-1.432812,0.376441,-0.020368,-0.087606,0.324792,0.787555,0.434161,-0.709992,-0.796961,1
0.930131,-0.021075,0.769405,0.826015,-0.130730,-0.532612,1.815873,0.722472,1.993087,0.162645,-0.211970,1.204125,-0.523328,-0.038358,-0.497543,0.200664,-1.472656,-0.984075,0.044281,0.525250,0.120204,-0.034946,0.411115,-0.686272,1.044785,-0.072372,-1.189126,-0.068832,0.566002,-0.319747,0.608944,-0.026718,0
-2.123491,0.018314,-0.555333,-0.534438,-0.678978,0.889792,-0.123299,-1.473203,-0.446533,0.195790,0.684132,-0.173143,-0.087571,-0.076602,0.410524,1.723754,0.505263,0.360059,-0.005559,0.026466,1.235707,-0.916561,-0.048646,0.069731,-1.533219,0.454507,1.373092,0.360754,-0.688761,-0.199909,0.378217,-0.952676,1
0.325314,0.370436,-0.748741,0.751470,0.416073,-0.216616,-0.898740,0.847814,-0.149753,-0.117843,0.246391,1.089792,-0.153910,0.756940,-0.841254,0.238415,-0.467600,-0.697970,0.605920,0.541954,2.279146,-1.026167,0.330004,0.565763,0.741701,-0.055473,-0.783113,0.547378,0.048446,-1.001033,0.336616,-0.358954,0
-0.517424,-0.344718,-0.494193,-0.621113,0.018988,-0.730535,0.316444,0.694998,0.135318,0.661193,0.588812,0.583288,-0.106240,-0.365166,-0.133807,-0.130993,1.047748,-0.489160,0.152526,-0.948261,0.995497,-0.023324,1.395022,0.608097,0.332604,-0.079564,0.267134,0.150532,1.275687,-0.473233,0.244034,-0.980219,1
1.240314,0.946526,1.103349,1.272739,0.020479,1.353821,0.655456,0.473247,0.643501,0.090390,-0.509553,-0.052780,-2.000116,0.068748,-1.035837,1.197507,-0.802725,-0.043911,-1.012754,-0.322002,-0.939863,1.623611,0.206674,0.566649,0.760863,1.324154,0.508878,-0.214034,1.027568,0.658874,0.472888,-0.024662,0
-0.565226,0.268201,-0.178196,0.577659,-0.472107,-1.365766,0.056623,0.903432,-0.442218,0.630367,0.754141,-0.811549,-0.081085,0.044744,-0.289922,1.097227,-0.336718,0.612820,-0.110267,0.005005,-1.244290,1.409414,0.369326,0.344257,0.478280,0.457805,0.364625,0.670092,0.980994,-0.099320,-1.882988,-1.302224,1
1.214300,-0.982232,-0.874343,0.557350,1.785801,1.672369,1.893382,-1.056933,-0.626503,-0.459901,-0.112447,-0.269432,0.249821,-0.187066,-0.217911,0.599644,0.908510,1.077943,-0.175076,-0.038949,1.077576,0.977649,-0.157100,0.205461,-0.853586,0.034876,-0.924643,-1.238018,-1.051349,0.305078,1.573782,0.504377,0
-0.793718,-0.372241,1.219215,-0.040423,-0.101801,1.634341,-0.238360,1.147456,-0.006371,-0.554557,-0.789824,-0.282729,-0.551101,1.527282,0.344293,1.105984,0.693281,0.834907,0.695386,0.804401,0.013844,1.299155,-0.578135,-0.985552,0.030930,-0.331267,-0.072054,-0.197138,0.439799,0.277604,-0.284670,0.594984,1
0.824637,-1.567618,-0.913183,0.623356,0.369911,-0.098863,0.604015,1.020947,0.543209,-0.735316,-0.192871,-0.825099,0.015223,-0.614816,0.674741,0.699116,-0.165395,-0.450432,0.647153,0.087207,-0.005184,-0.192260,-0.521855,-0.236763,0.711547,-0.874189,-1.164900,0.719021,-0.554208,0.365757,-0.460818,-0.155785,0
-0.819975,-1.426205,0.185327,-0.414265,1.840297,0.030431,-0.656516,0.459058,-0.042715,-0.213134,-0.411974,0.747844,-0.494052,-0.833695,-0.571323,-2.812496,-1.043016,-0.941789,0.422717,0.964282,1.358007,-0.468127,0.541838,-1.212567,-1.348519,0.431820,-1.118776,0.960971,-1.461672,1.374679,0.116943,1.330430,1
