1.397091,-0.774662,0.692877,0.855789,0.192875,-2.000431,-1.631779,2.059186,0.255538,-0.211449,0.251850,1.288137,0.742745,0.065081,0.531204,-0.197978,-0.679483,-2.534590,0.261244,0.539345,-0.561922,-0.281232,0.264158,-0.592811,1.330888,0.318846,-0.230361,1.557006,0.796563,0.376345,-0.199803,-1.034473,0
-0.176077,0.015278,-0.753601,0.165593,-0.914659,-0.234125,0.593257,-0.397088,-1.452255,-1.172920,-0.309170,-0.869394,-0.271740,-1.818492,-1.057128,-0.279367,0.519570,-0.285570,1.022640,-0.718902,0.306305,0.313008,2.235894,-1.599505,-0.069039,-0.742322,1.027914,0.282788,-0.909581,0.458083,0.894865,1.285943,1
0.714428,0.148661,-0.221019,0.612157,-0.600554,-0.685014,1.237294,0.974730,-0.185554,-0.824443,-0.593758,-0.787172,-0.012328,1.373298,-0.143581,-1.200666,-1.250028,0.278130,0.317984,-0.324875,-0.941796,1.011504,-0.472810,0.968443,0.257697,0.899396,-0.545590,-0.112339,-0.086146,-0.106319,-0.956865,-0.014963,0
-0.783016,0.551284,0.326855,0.891870,-0.047466,0.786643,-0.875734,0.093791,-0.097338,-0.087636,-0.364492,0.795120,0.496980,1.012310,-0.227673,-0.544767,1.036509,-0.720454,-0.310862,0.066398,1.215221,-0.695867,0.501063,-0.313608,1.046981,0.240466,0.353089,-0.670108,-1.036546,0.773039,0.906108,0.863981,1
0.886132,1.153881,-0.416751,-1.530125,-0.376820,-0.675679,0.250637,-0.500350,-0.281316,-0.572576,-1.198655,0.111249,0.821157,-0.097108,0.359105,0.006307,-1.454660,-0.237519,-0.123501,0.008722,-0.250096,1.452633,-1.644196,0.336382,0.269142,-0.254001,0.661640,0.310125,-0.006333,0.509176,-0.323673,0.257199,0
-0.059415,1.882078,1.206581,-1.963304,-0.159217,0.645018,-0.364460,-0.524113,1.478100,0.733362,0.272629,-0.302728,1.111014,0.799179,1.587889,-1.043584,-0.567221,-0.542654,1.302474,1.163230,-0.331314,-0.330179,1.605934,-0.111710,-0.780430,0.536083,0.223949,-0.476737,-0.763197,-0.399097,0.277678,-1.061075,1
0.269231,-0.418852,-0.280355,-0.187331,-0.497515,1.612623,0.402685,0.150704,-0.845475,-0.441174,-0.479573,-0.227486,0.386486,0.166766,-0.569839,0.539073,0.258495,-0.440305,-0.520701,-0.493134,0.273853,0.637968,0.247650,0.143296,-0.662847,0.821155,0.011271,-1.336824,-1.002160,-1.181521,0.037361,0.457919,0
-0.451171,0.146806,0.012222,-1.346859,0.008191,-0.196385,-0.226804,-0.205567,0.808181,0.952365,-0.096627,0.233050,-0.394142,-0.721921,1.116141,0.020941,0.376080,-0.511504,0.388071,0.487968,1.097090,-0.092960,1.026080,0.839059,0.354992,0.031376,-0.240068,0.285399,-0.725498,-0.844645,-0.747466,-1.547056,1
2.156776,-1.068126,-1.095759,0.595788,-0.390853,-0.143048,0.285727,-0.357062,0.623680,-1.443422,-1.116290,0.730627,0.405197,1.378628,-1.325266,-0.073299,1.227126,-0.196403,1.757538,1.544698,-1.778403,-1.563893,-1.639771,0.985039,1.292672,-0.829282,0.172812,0.486047,-0.598616,0.447078,0.320026,0.232497,0
0.380195,0.790905,0.517648,-0.335026,-0.115467,0.331910,-0.151282,-1.425376,-0.004159,0.660676,-0.498338,-1.237896,0.776773,-1.242480,0.881753,-0.920630,-0.488531,-0.490404,0.451751,0.252399,0.034420,0.227772,1.144806,0.476491,-0.407225,0.696346,1.315437,-0.123388,0.418615,0.648425,-0.484424,-1.298898,1
0.408519,0.417743,1.431613,1.297994,0.796347,-0.604824,-0.300108,-1.305491,-0.060290,-0.196668,-1.087425,-0.154400,0.955675,-0.291557,1.031172,-0.019274,1.225207,0.476921,-0.228709,0.938144,-0.023200,0.504743,-0.040365,1.279433,1.074703,0.097067,-0.348524,-0.074076,-0.116171,0.541298,0.977551,-0.084529,0
-0.166170,0.346707,-0.693607,-0.231325,0.396719,0.717458,0.384117,0.038757,0.422627,-0.400116,-0.943741,-0.532212,-1.114730,0.053976,1.568911,-1.274826,-0.196519,0.772499,0.444564,-0.053518,0.160305,-1.298459,0.152882,-0.606864,-0.124388,0.624108,0.357918,0.697276,0.298853,-1.056892,0.993969,0.317685,1
0.552229,-0.702273,-0.645397,-0.446922,0.404974,-0.063387,0.744130,0.333350,1.217823,-0.788516,1.198936,-1.012761,0.541836,-0.842733,-0.420429,0.607317,-0.002001,-0.710487,-1.645444,-0.642346,-0.508584,-0.595274,-1.281517,-1.342559,0.253986,-0.625526,0.149709,0.892916,1.086048,0.175110,0.162237,0.237511,0
0.127496,-0.929979,0.064701,-0.197761,0.487198,-1.075088,0.011958,0.517026,0.938030,-0.762319,0.141916,0.170913,0.399851,-0.935362,1.200032,0.423126,1.234801,0.957585,0.560511,-0.757371,-0.387213,0.026015,-0.126166,-0.624543,-0.438935,0.372555,-1.212424,-0.092653,-0.712527,-0.663255,-1.647350,0.031480,1
1.151595,-1.456529,-1.324276,0.995056,-1.234534,0.024633,-1.169180,0.918352,-0.898931,0.291124,-0.038793,-0.265853,-0.208157,0.135309,-0.135908,0.347871,0.151448,-0.240805,-0.300642,-0.290696,-0.365487,-0.638948,-1.283332,1.134499,0.169883,0.832484,0.628630,1.040429,1.422366,0.282956,0.583243,-0.728108,0
-0.945384,-1.165421,-0.707640,0.169966,0.590164,0.928421,-0.136981,0.227030,-1.247070,0.816718,0.584736,0.962034,-0.096524,-0.102752,2.276378,0.399084,-0.196932,0.066415,0.868814,-0.336155,0.984328,-0.065866,-0.432075,-0.667841,0.291737,-0.528559,-0.536615,-1.275930,-0.161366,0.490101,-0.339654,0.981617,1
1.505909,0.243218,0.373737,-0.232402,-0.449535,-0.483618,0.620293,-0.870770,0.109637,-0.291582,0.116726,0.381584,-1.086425,-0.625719,-1.557048,1.157139,-0.798619,-1.094177,-0.437906,1.025446,0.334869,-1.045974,-0.566721,-0.316797,-0.318784,-0.713131,-0.074715,0.490079,-0.730007,-0.139214,-0.706245,-0.685784,0
0.644792,0.700582,-0.094389,-0.832146,-0.682379,0.140602,-0.938851,-0.438345,-0.699597,0.453979,0.699986,0.652447,-0.273223,0.398850,0.677807,-0.025321,1.052145,1.290539,-0.246202,-1.010452,-0.296077,-0.644490,1.231761,1.267454,-0.525108,-0.709521,-1.359141,-0.514225,-0.985135,0.662156,0.692680,-0.697893,1
0.466008,1.204767,0.405793,0.466214,-0.779936,-0.329551,2.169476,0.750178,-0.647982,-0.034289,0.406272,-0.234821,0.076376,-0.212871,0.057438,-1.137886,-0.456049,-0.100837,0.739215,0.633784,-0.972405,1.276047,0.197984,-0.440485,0.717996,0.475420,-0.732206,0.508432,-1.265374,-0.208844,0.120469,-0.806087,0
-1.876562,-0.140854,0.623978,-0.613410,-0.295798,0.627010,-0.099955,-0.456685,-0.167972,0.338437,-1.448512,0.627442,0.303853,0.758234,-1.058523,0.556474,-0.335454,0.377155,-0.761670,-0.239653,0.741467,0.355432,0.534086,-0.802925,0.800247,0.611454,-0.374943,0.083092,0.314558,0.406655,1.204383,-1.344059,1
1.407121,-0.045438,-0.000118,0.619319,-0.686748,-1.193650,-0.933675,-0.674848,0.201275,-0.196284,-0.030510,-0.305749,-0.133127,0.158015,0.319981,-0.216729,0.373698,-0.821423,0.429168,0.069913,0.243500,0.640930,0.944117,-0.396641,-0.282035,-0.062369,0.356926,0.123768,-0.388198,1.391769,0.643567,1.193955,0
-1.916038,1.301710,-1.153054,1.764747,-0.477632,-0.777369,-1.579231,-0.683088,-2.050885,-0.101268,0.377536,0.108298,-0.769981,-1.151962,-0.120685,-0.648942,1.082861,-0.000668,0.178787,-0.097784,0.943672,0.844631,-1.625425,0.465589,0.676224,-0.053520,1.040192,0.399326,0.793865,0.209266,0.121804,0.513324,1
1.365547,0.407333,-0.018319,0.306728,-0.242518,0.282096,-0.715432,0.309185,-0.993533,2.033264,-0.019135,-0.334171,-0.643535,-0.570215,-0.204358,-0.924460,-0.238033,0.194644,-0.974259,1.228770,-0.543966,-1.249415,0.635504,-0.193527,-0.840656,1.202675,0.934436,-0.248078,0.463014,-0.374094,-0.396132,0.278572,0
-0.863382,-0.679095,-0.630180,1.591778,0.684544,1.483036,-0.335014,-1.904614,-0.593177,-0.602885,1.029532,-1.036729,-1.040196,0.042585,0.145406,0.274914,0.429730,0.640019,0.549027,-0.356162,-0.080361,0.260885,-0.252946,-0.107668,-0.071265,0.881353,1.039504,0.601881,0.697795,-0.803606,0.429871,-0.119261,1
-0.000066,0.186730,-0.877115,0.581010,-0.086174,0.826095,-0.399147,0.092678,0.696681,0.316433,-0.369034,0.694302,-0.337464,-0.227104,-0.292743,0.911152,0.587290,-0.468415,1.443093,0.340452,-0.788435,0.248027,-0.535179,1.344155,-2.034292,-0.299931,-0.703975,1.402567,-0.274413,-0.193760,1.128956,-0.360841,0
0.386514,-0.613174,-0.463257,-0.604332,0.404517,0.398162,-0.866310,0.236066,0.172763,0.319009,0.266779,-0.053836,-0.710791,-1.314362,0.571168,-1.438731,0.519777,0.275642,-0.839992,0.491126,-0.159618,0.747792,-1.627244,0.557583,-0.334773,0.332471,-0.765462,-0.596850,-0.313785,0.507920,1.620044,-0.638586,1
0.963624,-0.493446,1.271853,-0.966136,-0.694064,0.434428,0.505592,-1.277559,-0.067972,0.108291,-0.308331,0.047644,-0.792058,-1.174150,-0.250731,-2.105619,1.820240,0.004724,-0.960590,-0.090255,0.405503,-0.421072,-0.652551,0.544463,-2.355652,-0.166322,1.029989,0.653620,-0.615672,0.297481,1.052733,-0.359153,0
-0.578877,1.187279,0.430985,-0.746624,0.286191,-0.250441,0.411265,0.645824,0.274947,0.006260,-0.001480,-1.177958,-0.758246,-0.520872,0.248539,-0.809122,0.024846,-1.828449,0.070241,1.712510,-0.988033,-0.840418,0.272310,1.041212,1.414140,1.018578,-1.178188,-1.207676,0.079325,-0.375094,0.312814,0.200196,1
1.273788,-0.592753,-0.345597,1.129750,0.154947,0.960416,1.272361,-0.223356,0.099683,-0.430618,-1.533085,-0.248726,1.505262,0.121833,0.539758,0.521245,-1.222796,0.539697,0.196038,-0.161080,-0.740450,0.486270,-0.460334,0.850630,0.139807,-1.400514,0.052773,0.160506,0.574262,-0.137407,1.820451,-0.257623,0
0.779952,1.269692,1.015725,0.286973,-0.519834,-0.040703,-1.098966,0.704582,-1.008556,-2.406809,-0.647585,-0.457420,1.221232,0.244362,0.235967,-0.542629,-0.171538,0.525622,-1.367349,0.517434,0.478254,-0.846045,0.089628,0.088200,-0.935124,-0.608937,0.454726,0.114541,0.158150,0.105411,1.075197,0.088648,1
0.495614,0.237202,0.639309,-0.954618,-1.274333,0.288170,1.307039,1.446229,0.013095,-0.717202,1.015676,0.294823,-0.559476,0.363984,0.238070,0.006076,-0.759221,1.035740,0.070354,-0.348056,0.085898,-0.678450,0.478879,-0.111592,1.510812,-0.192295,1.439127,-1.026452,0.082644,-0.026927,-0.397848,-1.761406,0
-0.901634,0.439626,0.299046,-0.387137,0.046603,-0.324581,0.599196,0.282105,-0.975828,1.263343,0.994697,-1.595354,-0.295395,0.628258,-1.138537,-0.644108,0.172332,0.217782,-1.162358,-0.016123,-0.060564,1.096494,0.106386,-0.796840,0.315810,-0.129059,0.226717,-0.453643,0.143190,0.222892,0.032692,-0.012334,1
0.189282,-0.396548,-0.329618,0.291705,-0.122540,1.453576,0.263861,-0.357913,0.689134,0.197492,-0.867220,-0.992284,0.982768,-0.600864,-0.156976,0.947136,0.958636,-0.089083,-0.695480,1.205814,0.536189,0.029787,-0.912646,1.102505,-0.004498,-0.878718,-0.225292,0.257893,-0.153620,-1.125834,0.254646,0.829852,0
-0.404782,1.018099,0.216940,-0.682750,0.895719,-1.361230,-0.598891,-1.681119,-0.615669,0.024170,0.317474,-0.233446,-0.427649,-0.613242,1.275510,1.109940,0.276707,0.876678,0.805393,2.070371,-0.573836,-0.542590,0.123092,1.034886,0.044937,-0.588961,-0.237427,0.278238,-0.814283,-0.337903,-0.855091,-0.863169,1
0.439646,-0.078815,-0.188322,-0.146880,0.163148,-0.208688,0.883867,-1.750683,0.166858,0.909503,1.428993,-0.626733,-0.378079,-0.888163,-0.203944,-0.499184,0.060063,1.029037,-0.214787,-0.419333,0.246270,-1.886220,0.122333,0.696224,-0.178368,-0.439810,-0.587027,0.535223,0.024426,-0.393775,-0.153404,0.691104,0
-1.150572,1.415521,-0.125211,-0.011660,0.486093,0.700588,-0.119998,1.596316,0.324479,0.313629,-0.957624,-0.466372,0.385489,-0.419664,-0.799481,-0.096093,0.582242,1.584929,0.186105,1.631438,-0.901161,-0.007037,-0.402959,0.046843,1.169492,-0.453171,-0.592143,0.244652,-0.754649,-0.936796,0.824913,0.031295,1
0.828725,-1.210708,-0.002632,-0.754687,-0.245053,-1.075872,-0.165633,-0.343431,1.400576,-0.038197,-0.144983,-0.292522,-0.123321,0.388992,1.086324,-1.221179,0.371544,0.453864,-0.305879,2.027458,0.155123,-0.525557,0.442797,-1.017800,-0.540318,-0.290912,0.153639,-1.556810,0.043145,0.645861,-0.642556,-1.205994,0
-1.959932,0.190332,0.806078,-0.147993,-1.479361,0.968074,-0.235458,1.049877,-0.448232,-0.501360,-0.422456,-0.788269,-1.060379,-0.383323,-0.569109,-0.569384,-0.496674,-0.483120,0.286077,-0.009751,1.192286,0.433707,-0.892133,0.054064,0.237450,0.080482,0.263116,-0.503316,-0.306636,1.611367,-1.200305,-1.701652,1
2.301645,-1.290337,1.612799,0.887922,0.320297,-0.288313,0.961073,1.431308,-0.029664,1.067979,0.488143,0.334712,-0.984854,0.448190,-1.056796,0.024766,1.445701,0.171847,-0.119222,-0.146900,0.089874,0.454952,-0.912776,-0.265977,-1.684601,0.425134,-1.021044,-0.958997,-0.297606,0.693979,1.037853,0.080009,0
0.167383,0.078435,-0.455627,-0.169635,-0.187138,0.691840,-0.924158,-0.155083,0.625720,-1.207191,0.624587,-0.842148,0.280676,0.341163,-0.210628,-0.103015,1.503677,0.234333,-0.786351,-1.190652,1.721483,-1.004374,1.122752,-0.478621,-0.309815,-0.210994,-0.490083,-0.505445,-0.797548,0.964542,1.009971,0.217075,1
0.333140,-0.216199,-0.043627,-0.618857,0.584357,0.116850,0.794268,-0.200104,0.566023,1.624240,-0.568572,-1.883209,-0.870443,-0.025725,1.339857,-0.197336,-0.988470,-0.245056,-0.957466,0.630775,-0.496850,0.060984,0.433346,-0.938295,0.934444,-1.065759,0.346169,-1.194060,0.326300,0.504980,-1.117183,0.599185,0
-1.216223,0.543565,-1.084647,-0.290120,-0.371650,0.356995,0.159369,-0.781733,-1.036987,-0.954978,-0.576739,-0.687485,0.670922,-0.754166,0.409162,0.341714,-0.998544,-0.798414,-0.533124,-1.633040,-0.185294,-0.099125,-0.295127,0.857743,-0.157752,0.198735,0.895650,-0.385496,-1.279291,0.335945,0.475763,1.349464,1
0.986413,0.445657,-0.228340,0.306839,0.628551,0.105295,0.109185,0.498821,-0.051672,-0.092319,-0.658191,-0.605410,-0.145634,-0.864057,0.589193,0.063413,-1.049917,-1.196802,-0.381237,0.340434,0.580948,0.063891,0.682414,1.154540,0.048317,0.049989,0.633648,0.924494,-1.201181,0.084588,0.085318,-0.209879,0
-1.394840,-0.571518,0.710677,-0.124671,-0.058265,-0.013175,-0.385773,-0.715951,0.026807,-0.891038,1.311107,0.309477,1.317916,-0.410888,-0.524173,-0.000223,1.276636,0.096743,0.974245,-0.877932,-0.535360,0.470044,0.131515,-0.256077,0.166503,-0.423565,-0.422962,-1.071383,0.716632,0.958420,-0.359794,0.056361,1
0.545322,-0.809650,-0.592015,-1.433855,0.379386,-1.059422,-0.456253,-0.017790,-0.414912,-0.371571,-0.041807,-0.394484,0.132966,0.645149,1.241357,1.005256,0.841769,0.509615,-0.081807,-1.424106,-0.603174,0.467787,0.037410,0.106841,-0.459459,0.734909,-0.626000,-0.079371,-0.352847,0.813817,0.560827,-0.043671,0
-0.172605,-0.675985,0.274349,0.464570,-0.246420,0.133266,-0.819878,-0.290373,-0.708350,0.705110,0.560666,1.100512,-0.539778,-1.491528,-0.427096,0.251413,1.073538,-0.020781,-0.044515,-1.090594,-0.404001,-1.438343,-0.329201,-0.529704,0.992600,-0.070827,-0.353485,0.223690,-0.325237,-0.419314,-0.261917,0.188808,1
-0.136381,-0.202079,1.438760,-0.689271,0.842561,-0.698028,-0.485768,-1.512000,-1.433765,-0.185773,0.323423,-0.465012,-0.895522,-1.007115,-0.210321,-0.176673,2.177681,1.663283,1.043144,-0.626221,-0.281577,0.816888,-0.438595,0.561599,-0.173156,-0.940491,-0.380147,-1.077522,-0.173559,0.028834,0.003320,-1.276867,0
-1.831277,-1.101256,-0.282051,-0.029611,-0.059669,0.620839,-0.115530,0.913326,0.770489,-1.427722,0.464916,-0.117395,1.321768,0.377718,-1.285871,-0.163164,-1.229959,-2.098217,0.219537,-1.427001,1.007063,0.012945,-0.012605,0.856673,0.446034,0.594295,0.722048,-0.886181,-0.355475,-0.527268,-1.119462,0.212976,1
1.477147,0.877063,0.231905,0.082022,-0.417969,-0.368368,0.137970,0.773171,0.052463,-0.192034,1.508585,-0.616612,0.906707,-0.864665,-0.925996,0.313253,0.354066,-0.091921,-0.371892,-0.533324,-0.503624,-0.677459,-1.022617,-0.939018,-0.158644,0.864741,-0.147535,0.034568,0.211235,-0.617354,0.776695,-0.117422,0
-1.956526,-0.135263,0.101063,1.192732,0.145675,-0.343971,0.366765,0.453768,-0.595750,0.342569,-0.655088,-0.815330,0.113519,1.329582,-0.289788,0.286878,-1.437615,0.060652,1.254888,-0.885664,-0.425558,-1.228919,-0.124163,-0.460181,-0.447593,0.010297,0.113105,0.219024,-0.551218,-0.830318,0.006104,-0.854171,1
1.688793,-0.531310,-0.621465,0.105483,-0.389800,-0.082960,0.162786,-0.972236,0.765996,0.534799,1.198258,0.372162,0.242634,-0.363021,0.097073,-0.530710,0.452482,-0.064928,0.289791,0.475302,0.912201,-0.378758,-2.099391,0.176000,-0.309026,-0.558259,1.462682,0.939750,-0.817856,0.244018,-0.334463,-0.380073,0
-0.178158,0.218267,0.868468,1.001085,-0.507612,-0.240165,0.512087,-0.285704,-0.029137,-1.125921,0.361719,-0.424539,-0.800015,-0.696501,0.941418,0.685047,0.359390,-0.318084,1.112283,-0.110307,-0.754599,-0.647550,-0.911025,1.272216,1.272039,1.325781,1.528900,-0.869176,0.389838,1.274824,0.870026,-1.071794,1
1.158808,0.609096,1.302602,-0.700020,-0.658869,0.733193,-1.018253,2.136608,-0.407194,0.398299,1.593440,0.161413,-0.348573,-1.106754,1.149333,-0.162827,1.145190,-1.128268,-0.128405,0.673412,0.530834,-1.438109,1.999199,-0.209630,0.412994,0.949703,0.730882,-1.218846,0.469240,0.769819,-1.533051,-1.147427,0
-1.338375,0.353433,-0.234446,1.080155,1.171700,0.872105,-0.420317,0.535613,-0.204357,-0.279041,0.220309,1.357137,0.552564,-1.492296,0.865779,-0.434826,-0.743832,1.878454,-0.158593,0.324666,0.365923,0.298911,-1.106388,-0.285171,-1.389886,-0.696916,0.030586,-0.914473,0.895588,0.401433,1.409737,0.935142,1
0.750384,-0.321332,0.199612,-0.225265,1.828563,0.817483,1.172743,0.230717,-0.049144,0.452943,-0.660706,0.757950,0.458147,0.593110,-0.178920,-1.008674,-2.290447,0.560272,0.358479,-0.403185,0.072749,0.389934,-0.278426,-0.000300,-0.369816,0.279256,-0.684449,-0.007229,-1.033480,-0.102173,0.289371,0.829122,0
-0.441282,-1.046610,0.172387,-0.611973,-0.963389,1.172099,-0.334819,-0.103977,0.083731,0.850041,-0.337053,-0.537024,0.548099,-0.507342,-0.214287,-0.447894,1.891942,-0.056251,-0.191403,0.135529,-0.282863,0.457410,-0.447110,-1.329312,1.480424,0.886963,-0.773301,-0.280760,-0.973735,0.149466,-1.166164,-0.924505,1
0.366195,0.531848,0.475105,-0.903738,0.046138,-0.346838,-0.562437,0.413403,0.977056,-0.282761,0.238061,-0.175717,-0.742618,1.176340,1.128686,0.458047,-0.460640,0.728603,-0.025598,-0.386164,-0.707344,-0.212299,0.953519,0.368458,-0.489462,-1.116055,-1.106737,1.525306,0.705253,-1.071403,-0.349710,-0.179533,0
0.053351,0.159578,1.375120,-1.264009,-0.944481,-0.388818,0.751642,-0.747828,1.083675,0.359854,0.517346,-0.028080,-0.168415,0.830068,0.168463,-0.184984,0.617135,0.565863,-0.100822,0.085186,-0.148754,0.287184,-0.106995,-0.400066,-0.576245,0.227439,0.908909,0.745846,-0.677347,-1.608986,1.212042,0.819106,1
1.435331,0.254314,0.319955,-0.011540,-0.007706,-0.704539,-0.589995,1.036226,-0.446056,0.880796,-0.937860,0.797875,1.288675,-0.046527,-0.214722,0.059244,0.762544,-0.294991,0.641067,-0.271859,0.863078,-0.130791,0.671838,-1.252733,0.312498,-0.665139,1.269600,0.258971,-0.453273,-0.900651,-0.015346,0.353537,0
-0.785162,0.355411,-1.334511,-0.909376,-0.404262,0.734246,-0.615985,-0.553093,0.836989,0.863231,0.487465,-0.498799,1.260345,0.085481,0.246066,-1.114448,0.257850,-0.028994,0.593645,1.000239,0.653560,0.368085,-0.061665,0.935180,1.155329,-0.096981,-0.007482,-1.957564,-0.296094,-1.107364,-0.418111,0.764540,1
1.420758,0.717169,0.699956,1.088683,-0.220951,-0.631255,0.006594,1.245634,-1.095138,-0.027105,0.538913,0.155674,1.453572,-0.445701,0.289511,-0.854460,-0.610512,0.149345,-1.131326,-1.216007,-0.122616,-0.325261,-0.283942,0.288266,1.469086,-0.221496,0.454693,0.076412,-1.930185,-0.303774,-0.556000,-0.643155,0
-1.668721,1.085768,1.192711,-0.394409,0.604884,-1.404882,0.664547,-1.685054,-0.606049,-1.084002,-0.112264,-0.884721,0.758151,0.926979,-0.790338,0.611658,0.138130,0.953148,0.889043,1.519246,-0.710124,-0.693562,0.102482,1.013413,-0.129076,0.916770,0.287091,1.496802,1.195633,-0.305256,0.819898,-0.773510,1
0.790541,-0.868453,0.620032,1.720038,-1.014783,0.119602,-0.158509,0.254979,0.909826,0.005126,-1.014686,-1.288242,2.392151,0.358991,1.835340,-1.680789,-0.600931,1.259915,-0.257647,-1.201866,-0.584977,-0.375030,0.224733,0.317914,-0.600185,1.187768,0.047310,-0.768660,0.616533,1.339002,0.171986,0.959959,0
-0.565171,-0.414713,-0.217752,0.608753,0.202704,-0.225015,-0.579625,0.592981,-1.313441,0.502932,1.837187,-0.430851,0.402059,-1.155630,-1.063223,0.816633,-1.347803,-0.964937,-0.589649,-0.414426,-0.179096,1.130061,0.257448,1.150237,-0.232835,0.225563,-0.185723,1.017623,0.290272,-0.160385,-0.185583,-0.268689,1
1.916296,0.146403,-2.456111,0.891049,0.221053,-0.612847,-0.267886,-0.762679,0.819515,-0.944860,0.743038,0.030839,0.062948,0.541378,-0.352448,-0.878732,0.426586,-1.283476,-0.500868,-0.743382,-1.248577,-0.448116,-1.053044,-0.210789,0.168136,-0.597282,-0.053489,0.355344,1.070923,0.879458,0.388306,-1.396605,0
0.142390,0.551128,-0.375820,-0.587516,1.122302,0.553467,-0.747173,-0.172309,-0.953511,-0.354073,0.314263,0.459329,-0.462872,-0.110955,-0.751137,1.035162,-0.445057,0.144376,0.446602,0.214765,-0.488717,-0.840398,0.176215,0.891655,0.230961,-0.361170,0.187326,1.440716,-0.948756,-0.309992,0.664198,-0.714518,1
-0.397604,-0.155989,-0.561491,-0.612704,0.236526,0.626787,-0.626336,-0.800136,0.498023,-1.656815,-0.560656,0.013867,0.192732,-0.142434,-1.139941,-0.031349,0.887678,0.418521,1.500562,0.480152,0.177336,-0.555572,-1.943823,0.735448,0.711508,0.881596,0.038365,0.476559,-0.101016,-0.211886,-0.187678,0.526359,0
-0.647286,0.461769,0.337479,-0.596460,-1.295719,-0.250408,0.619849,-0.136939,-0.409001,-0.562992,0.026709,-0.042899,-0.411644,1.348311,0.948987,0.804353,-0.252278,0.773421,0.230695,0.880564,-1.446839,-0.351793,0.237100,-0.387578,0.710246,0.072187,-0.197863,-2.089903,0.506390,-0.415915,1.357137,0.806997,1
0.996690,-0.432141,-0.670693,-0.342178,-0.355525,0.137972,0.775711,-0.214492,0.618458,0.787128,1.233394,-0.027875,-0.662675,0.554302,0.508015,-0.041419,0.053650,0.238722,0.958845,0.791559,0.914916,-0.825997,-0.438892,-0.650923,-0.152169,-0.116717,0.189525,1.065239,1.320684,-0.788651,-0.120833,-0.182984,0
-2.342239,-0.819377,-0.744461,-0.497616,0.481019,0.295970,1.301265,0.940517,0.027605,1.311119,-1.105377,-0.210464,-1.349869,-1.003434,0.573384,-0.535238,0.456696,0.101019,-1.444983,-0.682150,-0.452821,-0.229398,0.050972,0.283264,0.060731,1.034580,-0.080531,-0.399902,-0.408837,0.246610,0.617987,-0.113851,1
-0.037373,-0.333255,-0.382323,0.142487,-1.108729,-0.867914,0.498987,0.002888,1.010060,0.001302,0.951431,0.195798,-0.170150,0.823732,0.878972,-0.979143,0.771471,0.764436,0.902834,1.465920,1.090262,0.263204,-0.005697,0.611533,-1.174756,0.650305,-1.086253,-0.781208,-0.175564,1.548037,0.262914,-0.138005,0
-0.280448,0.939000,-0.645360,0.124570,-1.284608,-0.188807,0.866936,0.239908,1.396929,-0.178929,-0.046512,-1.220396,-0.933952,-0.397064,0.007522,0.339558,-0.482131,0.167124,0.253122,0.371132,0.602727,1.063046,1.258905,0.650432,-0.311542,0.792772,-0.859197,-0.271488,0.477251,0.719719,-0.998632,-1.351533,1
0.158117,-0.407105,0.959299,0.303890,0.363466,-0.743835,-0.602286,-0.731493,-0.668067,-0.713578,-0.630374,0.744392,-0.214630,-0.423000,0.575135,-0.383635,0.661498,0.762407,0.967817,-0.683315,-0.279048,-0.028761,-0.622480,0.318826,-0.984042,-0.959551,0.597955,0.670287,-0.095407,-0.407851,-1.062156,-0.315397,0
-1.564017,0.629415,-0.327088,-0.759754,-1.444004,-0.114930,0.546946,0.405409,-0.009362,-1.207895,-0.114541,-0.375551,-1.347777,-0.476691,-0.746649,-0.338539,-0.508589,-0.633671,-1.108280,-1.391387,-0.061938,-1.363955,-0.159855,0.479080,-2.061263,0.017737,-0.044868,0.153831,-0.519737,-0.521896,-0.391635,-1.045690,1
0.983557,0.000530,0.191496,0.134940,-1.261013,-1.167214,0.808807,-1.533220,0.502202,-1.301437,-0.661376,0.503679,0.390260,0.646222,-0.649220,0.183136,-0.115156,-0.303077,1.111842,-0.543532,-0.614579,0.738248,-0.755219,-0.038170,1.260533,0.842974,0.389321,0.672548,0.123910,-0.872733,-0.726588,-0.652981,0
-1.554288,1.098948,1.510203,0.058334,0.948070,0.547969,0.851534,-1.758918,1.753673,0.533419,0.655423,0.247159,-0.052033,-0.934840,-0.891756,0.525453,0.528341,-0.109356,1.086993,1.146074,-1.416302,0.077439,-0.402818,0.466481,0.294015,0.168656,0.706568,0.154940,1.404332,1.012951,0.736490,0.304671,1
2.057902,0.203982,-0.853388,0.360883,0.719556,-0.966815,1.320117,-0.202239,0.403647,0.226878,1.272342,-0.213893,0.293967,1.551380,1.400377,-0.317724,0.903615,1.006948,-0.912327,-0.274348,-0.000735,2.314407,-0.886836,-0.337794,-0.819084,-1.075310,-1.302532,1.739145,0.588024,-1.951366,0.085854,-1.206424,0
-1.389279,-1.748428,-1.227990,-0.143863,0.842338,0.441391,-0.294422,0.063608,-0.169430,-0.959085,-0.314321,-0.537080,-0.087835,-0.687767,1.015053,0.794345,0.662614,0.002454,0.141460,-0.272629,-0.322554,1.063173,1.002616,-0.283388,-0.592267,1.375642,-0.174232,1.133871,-0.386292,-0.068339,-0.298510,0.346510,1
0.769442,-0.554836,-0.866542,-1.450614,0.508053,-0.132022,1.225487,0.218553,1.418772,0.370766,0.228607,-0.134775,1.144710,-0.823096,0.727261,0.387805,0.377631,0.679745,-1.015824,0.063675,-0.851391,1.253739,0.374711,-0.001767,-0.215241,0.053151,-0.916400,-0.948963,0.599380,-0.648964,-0.983774,0.656163,0
-0.957882,-0.201838,0.117039,-0.655969,-0.203175,-0.562724,-1.249855,0.406197,-0.580833,-0.637203,0.544966,0.693176,-0.357452,1.299568,0.364777,1.744508,0.594103,-0.933198,-0.812798,0.127879,0.524061,-0.759710,-0.191244,0.372140,0.997947,0.939915,-0.864591,-0.071530,0.755338,0.679101,-0.652131,-1.078998,1
1.730289,0.275039,0.729717,-0.744304,0.774167,-1.024991,-0.709341,-1.082963,-0.630672,0.735722,0.576079,-0.785267,0.325345,0.853069,-1.998214,0.117498,-0.329398,1.511483,-0.306474,0.820201,0.288793,-0.470409,-0.005649,-0.278954,-0.409034,-0.183378,-0.772223,1.295037,-0.108195,0.854370,-0.239761,1.086154,0
-0.860815,0.188932,0.838622,0.854096,0.484375,0.142960,-0.925525,0.165398,0.674303,2.296721,-0.759334,-1.190651,0.795487,0.881970,0.641670,2.830763,1.440188,0.302346,0.065576,-0.337946,-0.718939,1.473302,0.248795,0.457143,-0.813373,-0.254143,-0.561689,-0.241201,-0.171709,0.321610,-1.778778,0.280741,1
0.841013,-0.680979,-0.195879,-0.116145,0.353257,-0.869898,0.291919,0.363256,1.318768,-1.146837,-0.785141,0.305897,-0.364595,1.309270,0.051345,-0.352739,1.038578,-0.429628,0.274275,0.317675,-0.218693,0.086318,1.539348,-0.644406,-0.681506,1.326333,0.973097,0.564144,-1.355279,-0.157163,-0.402347,0.301265,0
-1.149937,0.481380,-0.779402,0.999728,-0.914113,0.484568,0.516951,1.418807,-0.583819,-1.508802,0.430047,-0.493368,-0.055748,-0.551063,0.878833,0.317662,-1.557896,-0.984019,-0.383074,-0.085127,-0.471396,0.254493,0.025348,0.609254,0.111056,-1.006294,0.748360,0.607879,-0.178567,-0.200714,1.122711,-1.449700,1
1.185066,-1.153956,-0.420759,0.262425,-0.403114,-0.697111,0.052881,-0.379931,0.788230,0.857771,0.417064,-0.357434,0.523825,0.666780,0.549897,1.359176,-1.603998,0.420230,0.275744,1.585457,0.592474,1.038482,0.095607,0.071224,-1.481527,-0.526264,-1.599253,0.490096,-0.101190,0.994784,0.425202,0.093287,0
0.254266,-1.801326,0.506394,-0.439121,-0.285698,-0.311334,-0.454310,-1.169565,0.730181,0.367063,1.045066,0.737504,0.153120,-0.532624,-1.472796,-1.392287,0.250615,0.981912,0.110495,0.514870,0.310961,-0.119365,-0.426851,-0.635989,-0.562374,-0.019554,-0.527624,-0.681895,0.661014,0.376632,1.642598,0.081747,1
1.431295,-0.803692,0.043157,-0.126111,-0.744064,1.406355,0.872471,-0.192812,0.061272,0.529217,-0.041530,0.200569,-2.418647,1.256236,-0.636305,0.548400,0.186736,-0.474299,-0.437880,0.261847,1.196391,-0.959634,0.009555,-0.488759,0.526520,-0.414381,-0.049174,1.005631,-0.570029,0.613682,-0.398530,-0.391128,0
-1.679897,-0.068976,-0.680739,0.605745,0.251726,-0.605162,-0.998134,-0.835417,0.528349,2.677127,-0.764158,0.235330,0.399632,1.027791,-0.198709,-0.778701,0.104466,0.303043,1.535291,0.663907,0.091216,0.048587,-0.337082,0.533478,0.733010,-0.022034,-0.667088,0.515476,-1.334818,0.578481,-0.329363,-0.341548,1
1.933087,-0.258520,0.158116,-0.753896,-0.848930,0.302230,-0.154275,-0.156544,0.744173,-0.437985,0.568776,0.661589,-0.446565,0.348790,1.438772,-0.149765,1.833950,-0.082464,-0.082921,1.048427,-0.771970,0.706322,-0.116139,0.985428,-0.337614,0.655636,-1.298710,0.812634,-1.175636,-1.498900,-1.731035,0.844189,0
-0.792250,1.652331,0.041184,0.289478,0.121786,-1.867212,1.926359,-0.880607,0.355665,0.739642,0.208547,0.077251,0.889020,-0.398044,-0.221638,0.441367,-0.978988,-0.001338,0.676076,1.179224,-0.944528,-0.715634,-0.507321,0.170058,-0.247483,0.913914,0.456909,0.268917,-0.136239,-0.542583,-1.454920,-0.707227,1
0.394601,1.087806,-0.364653,0.298207,-0.917484,-0.590231,0.656367,0.525625,0.491049,-0.995446,0.544390,0.126508,-0.642090,0.466373,0.030770,-0.543141,0.321366,-1.210650,-0.293819,0.593912,-0.573892,0.871248,-0.406949,0.759964,-0.517180,-1.287632,0.799415,-0.925949,0.753944,-1.577409,0.202893,0.087144,0
-1.104799,1.167621,0.174087,0.404373,0.608176,0.691654,-0.366825,0.068743,-0.029937,-0.108274,-0.263325,-0.145174,-0.804571,-2.193888,0.453982,0.606481,-2.253027,0.421096,0.533986,0.685162,-0.067006,0.246800,-0.541876,0.444988,-0.773681,1.047000,-0.119477,1.383477,-0.145390,-0.537991,0.137744,0.270556,1
-0.642959,-0.239515,0.282433,0.035778,1.279812,1.417857,-0.383790,-1.026425,-1.467464,0.121061,-1.041972,0.700636,0.339144,-0.360402,-0.469158,-1.184647,-0.658123,0.983859,0.636845,0.243918,0.463858,-0.107773,-0.842686,0.567750,0.722082,-0.199729,-0.194667,-1.157942,-0.715452,-0.166878,-0.202585,0.376461,0
-1.453133,1.492483,0.552475,-1.444286,-0.423556,-1.224191,-1.207847,-0.861255,-0.519679,-0.129004,-0.249322,-1.712442,-0.150863,0.206743,0.130792,-1.200651,-0.656350,0.392328,0.509577,0.803128,-0.017290,0.754993,-1.283533,-0.904574,-0.065614,0.087131,-0.929371,1.214045,-1.413883,0.070094,-0.020438,-0.413887,1
0.622870,-0.900603,0.685473,0.423290,-0.592052,0.281986,1.564123,1.721893,-0.036372,-0.511415,-1.239005,0.552543,0.058224,0.687553,-0.739056,-1.932499,-1.023340,0.069285,0.773984,0.659187,0.638381,0.660255,-0.170528,0.658357,-0.705778,0.162102,1.093308,1.932325,-1.064322,0.493890,0.335139,0.344276,0
-1.945328,-0.311341,-0.875066,-0.449081,-0.066464,-0.185073,-0.362715,-1.205530,0.633751,-0.458978,-0.731767,0.213112,-0.556776,-2.037785,-0.459695,-0.526620,1.069898,-0.361618,0.664346,-0.176786,-0.187502,1.911131,-0.011213,-0.268035,1.393728,-1.971120,-0.110046,0.225826,-0.242014,0.465025,-0.997603,-1.332192,1
0.058525,1.180846,0.310033,0.169825,-0.468130,0.844298,0.885590,-0.132279,-0.233748,0.882364,0.491959,-1.408476,0.246229,1.184684,1.008989,1.107875,0.480541,-1.288330,0.895619,1.779396,0.482027,-1.315450,2.378548,-0.389324,1.843217,-0.127171,0.289792,-0.306786,-0.268770,-0.963753,-0.375897,-0.440438,0
1.390316,-0.084388,0.781340,-0.139246,0.747309,0.748543,0.013095,0.934397,-0.211561,0.721059,-0.089669,1.493064,-0.776482,-0.770693,-0.790933,-0.358622,0.125466,-0.127126,-0.107887,-0.686296,-0.605654,-0.008116,0.207856,0.518120,0.842883,-1.443868,0.276942,-0.824676,-0.571238,0.144033,0.465173,-0.903368,1
0.321393,0.731918,-0.244954,-0.411381,-0.321346,-1.016340,1.639817,-1.272243,-0.620213,0.895986,-1.204379,-1.872436,-1.598131,-0.424128,-0.944096,0.001609,0.803152,0.064035,-0.492125,0.338983,-0.110240,0.507187,-0.048832,-0.091865,-0.170048,0.810987,-0.110691,0.542027,-1.290159,0.350695,0.104120,-1.455225,0
-0.986358,-0.992986,-0.347229,-0.546719,-0.300115,1.028539,-0.772792,-0.132365,-1.087375,0.720052,0.142493,0.200200,-0.250672,-0.463569,-0.852532,0.170260,-0.589855,0.360390,-0.837681,-0.280418,1.134296,-0.105277,-0.920854,0.143662,0.211381,0.684624,0.454257,0.970510,-0.236194,0.391534,-0.258542,-0.096034,1
0.421569,-0.206881,0.146637,0.349660,-0.296774,-1.261532,-0.163028,-0.174583,1.011282,0.825661,-0.148248,-0.607679,0.558905,-0.368699,-0.126512,-0.615592,0.046909,0.342286,0.639222,0.225819,0.001173,-0.709926,1.012540,0.562989,0.706371,-0.182919,-1.105396,0.961955,-0.323012,-0.464907,-0.057399,0.388023,0
-0.386370,0.219501,0.156657,0.406700,-0.434664,-0.512534,-0.667689,-1.122169,-1.384661,-0.238026,-1.853584,0.474921,-0.815470,0.763984,1.402063,-0.556029,-0.127214,0.807456,-0.218186,-0.835137,-1.902185,-0.061134,1.342146,-0.106747,-0.365949,0.290899,0.652154,-0.177098,-1.545187,-1.789947,-0.162912,0.348909,1
-0.211940,0.429081,0.800898,-0.417765,-1.121260,-0.089030,0.072649,0.567815,0.744171,-0.412886,0.738104,-0.372429,1.065181,0.744890,-0.774019,-0.229102,-0.181834,0.256718,0.089647,0.643173,0.549128,0.213804,-0.558650,-1.116920,-0.109858,-0.460068,1.342582,-1.436917,-0.050954,-0.130140,-0.689615,-0.860655,0
-0.939470,0.387636,0.215925,-1.650676,-1.156142,-1.211327,0.786155,0.092793,-1.000178,1.258700,-1.073233,-1.046980,0.312423,0.811456,-0.478171,0.234775,1.317162,-0.555724,-0.358257,0.207820,-0.492208,0.387750,-0.336939,0.039406,0.489131,0.507352,-0.370422,-0.195398,0.276172,0.775045,1.323329,1.197649,1
1.169066,-0.924310,0.421179,0.633141,-0.230436,0.085131,-0.792506,-0.042050,0.467395,-0.550057,0.648739,0.014986,-0.089874,0.412825,0.113687,-0.694697,0.882854,0.211475,-0.321440,0.383277,-1.434256,-0.154180,-1.639689,1.467374,0.167684,-1.040790,0.795887,0.806628,0.420821,-0.097495,0.626996,0.449310,0
-1.960521,-0.171483,-0.510041,-0.103352,-1.678225,0.088705,0.163810,-0.525620,-0.688171,0.423453,-0.263088,0.439585,0.811652,-0.198570,0.213212,-1.083177,0.005748,-0.252826,-0.319525,0.113642,0.676560,0.578570,-0.276379,-1.801684,0.418516,0.521160,-0.593309,-0.253603,-0.501144,-0.106473,0.514085,0.345022,1
0.468258,2.135680,0.408396,0.473077,0.033098,-0.207852,0.146700,-1.536088,-1.144163,-1.281175,0.125962,-0.119529,0.337858,0.255711,1.379485,1.076752,-0.130968,0.881678,-1.416922,0.010674,0.771312,0.256708,-0.220869,-0.628619,1.169350,-0.384322,-0.543378,-0.054690,-0.573596,1.371621,-0.270277,1.002002,0
-0.555014,-0.577518,0.117627,0.028140,0.378618,0.561988,-1.619565,0.218228,0.684870,0.515125,0.535398,-0.260457,0.857569,1.084742,0.340623,-1.021431,2.111753,-0.353061,-1.233088,1.078016,0.400747,0.212754,1.215862,-0.490952,-1.319073,0.951795,0.720680,-0.885369,-0.415351,-0.929074,2.451769,-0.206749,1
-0.264036,0.753089,-0.448904,0.546709,0.037382,-0.801828,0.483903,1.555050,0.530499,0.233541,-1.004046,0.574828,-0.788251,-0.177690,0.158581,-0.316444,-0.036267,1.196065,1.135518,1.188450,-0.247512,0.670189,0.950439,0.412744,-0.282008,0.700648,-1.068412,-0.897944,-1.054842,1.043778,-0.101820,-0.018012,0
-1.024739,-0.764189,1.245003,0.139924,1.213220,0.333080,-0.076212,0.771189,1.619969,-1.081615,-0.186551,-1.003503,0.271056,1.008833,-0.475007,0.555065,-1.162089,-0.903301,0.237537,-0.173607,1.007340,0.053290,-1.121532,1.394111,0.048528,-0.853577,-0.477572,-0.944661,0.733641,-0.448429,0.321623,0.636421,1
0.020279,0.621154,-0.004709,0.666993,-0.630787,0.069620,-0.885868,0.187641,1.133596,-1.276803,-0.689224,-0.277922,-0.640630,-1.335138,-1.805097,0.370019,1.138102,0.942172,-0.621052,0.911220,-0.035658,0.370330,-0.040149,-0.023310,0.275585,-1.596471,-0.610499,1.122183,1.097682,-0.109377,0.584507,0.485408,0
0.953176,0.311454,-0.591376,0.261171,-0.149264,-0.828600,-0.074264,-1.268834,-0.214183,-1.287194,0.017664,-0.820783,0.418839,-0.801166,-1.025683,0.685782,-0.205464,0.145808,-0.273146,1.459251,0.718835,0.923593,1.772812,0.125168,-0.277882,0.726790,0.097208,-0.880892,1.438931,0.077471,-0.143478,-1.140207,1
1.656550,0.194350,-0.609702,-0.222094,1.157009,-2.073665,-0.922700,-0.423038,-0.602145,0.330121,-0.141689,0.490529,-1.758312,-0.198482,0.166016,-1.690586,-0.028506,0.487057,-0.141770,-0.172703,-0.384414,-0.196221,-0.257630,-0.365850,0.558340,-0.193709,-0.119825,1.720740,0.006207,-0.280699,-1.176919,0.334312,0
-0.992734,0.587950,1.297265,0.176945,0.721008,1.666890,-0.275112,1.063417,0.262216,-0.565900,0.241336,0.498185,-0.264315,1.084283,0.629612,0.626946,-0.338005,-0.468660,-1.076980,0.042699,0.956494,0.168545,-0.124185,1.016765,-0.410012,-0.327343,-0.591397,0.320458,0.099844,-0.347374,1.570401,-0.396922,1
1.565535,-0.132185,-0.512312,-0.580432,-0.830738,0.595500,1.077880,-0.719397,1.350619,-1.580892,0.545492,-0.196677,0.096998,0.547475,-0.797340,-0.017762,1.315954,1.280512,-0.336431,-0.706822,-1.489853,0.988374,1.089911,-0.416409,1.551719,0.193928,1.237949,0.798824,0.682858,0.172103,0.385767,0.296959,0
-0.389480,-0.450778,0.369086,0.058094,0.820162,-0.379392,-0.280767,-0.684677,-1.014351,1.400721,-0.598109,-0.535590,-2.081451,0.560067,0.472653,1.296685,-0.658460,-0.772847,0.528191,-1.387395,-1.494228,1.069272,1.751894,0.799708,-0.683952,-1.209769,0.281216,-0.178147,-0.179077,1.040185,-0.041164,0.019878,1
0.720033,-0.053114,1.005591,-1.372667,0.329059,-0.938864,-0.121771,0.072653,-1.022012,-0.109450,-0.330392,-1.343196,-0.970391,0.091787,-0.480719,-0.474377,0.466694,0.166639,0.563431,-1.162686,-0.258950,0.330449,-0.033978,-1.002624,0.763168,-0.910645,-0.483004,-0.129413,0.504972,-0.197746,0.048998,-0.181150,0
-1.141134,-2.083276,1.111920,-0.391493,1.919793,-0.155546,0.685225,-0.982968,0.013728,-0.501169,0.693121,-0.296365,-1.244226,-0.511471,0.234790,-0.157821,0.718292,1.360963,0.262562,-0.369883,-0.934430,0.268655,0.271283,-1.602559,-1.141536,-0.903152,0.539313,0.001978,1.383834,0.410923,-1.215084,0.995745,1
0.455611,-1.914878,-0.507544,-0.990398,1.038025,-0.711234,0.645243,-0.252724,0.092202,-0.622226,0.858450,0.327715,1.297671,-0.538370,-2.040624,-1.520132,0.226930,-0.337772,0.427410,-0.081915,0.313026,0.997487,-0.810310,0.172778,-1.116986,0.618565,-1.440052,-1.176399,0.613141,0.538250,-0.360295,-1.629798,0
-1.934025,-0.352310,-0.399607,0.367948,-0.039465,-0.336857,-0.809651,-0.802242,-0.114570,1.180310,0.731282,-0.009079,0.667616,0.268819,0.926916,0.457562,-0.251965,-0.726347,-0.217076,0.304126,-0.512929,0.363993,1.163069,0.354830,0.493547,-0.017529,-0.144007,0.329940,0.268215,0.710095,0.986537,0.031198,1
0.238502,0.924707,0.136185,0.823666,-0.211257,0.204775,-0.139757,-0.249537,-0.121769,-0.009463,0.029559,-1.348055,0.474622,-0.360368,0.627329,-0.638385,-0.217233,0.459423,2.064395,-0.604644,-0.587185,0.328148,-0.979166,-0.471175,0.667368,-1.076392,0.266461,1.154301,-0.638548,-0.268196,0.411050,-0.243855,0
-0.394586,0.563823,1.118661,1.787025,-1.652956,-0.198325,0.176821,-0.573988,-0.128826,0.193542,0.249642,0.572760,-1.375665,-0.387854,0.173628,0.068721,1.119266,-0.939814,0.078142,0.055055,0.594305,0.148784,-0.196469,-0.092392,0.771541,0.291817,-0.101185,-0.785578,-0.973022,-0.712152,0.663162,-0.822119,1
0.196415,-1.511196,1.543730,-0.532532,-1.532973,-0.116369,-0.026415,0.158033,-0.211864,-0.925610,-1.874541,0.507581,0.726619,-0.691880,-0.477968,-0.474484,1.304858,-0.443420,-0.983871,-0.467692,-0.244299,-0.857913,0.733198,0.386511,-1.054791,-1.083562,-1.792768,0.525166,0.218107,0.713174,0.289030,1.081552,0
-0.375991,-0.381684,-1.029440,-1.172219,0.947454,-0.223114,-0.130398,-0.142168,-0.431072,0.366349,-0.095949,-0.758125,-1.021291,-0.029464,0.878411,0.602396,0.139490,-0.215205,0.560488,-0.479496,-0.270880,-0.263207,0.171740,0.215743,-0.072014,-0.637588,0.169913,0.825776,-0.347765,-0.021031,-0.286379,0.236588,1
0.839295,-0.628578,-0.042811,-1.245509,1.780812,-0.187080,-0.082622,-0.968600,-0.463660,-1.222527,1.519992,-1.127069,-0.439579,0.477066,-0.310708,-0.203053,0.274111,-1.003530,-0.244652,0.237512,-0.687307,-0.918393,0.184392,-1.145658,-0.030596,1.628700,-0.701966,0.751334,-0.996442,-0.681994,0.253426,0.430960,0
-1.438202,-0.402369,-0.048326,-1.430986,0.045231,-0.406270,-1.028306,0.145000,-0.309283,-0.872588,-1.144992,0.016216,0.218656,-0.516706,-0.199811,0.174658,-0.835378,-0.861801,1.189251,-0.092448,-0.333101,0.802404,-1.107347,0.881516,-0.653286,-0.707774,0.185305,0.080653,-0.840439,-1.707494,1.664923,0.106018,1
0.655799,0.985712,-0.670054,-0.233962,-0.824235,1.352774,0.500196,0.497692,0.584687,-0.110423,1.250169,1.068475,-0.461180,-0.104470,-0.799909,0.084345,-0.368080,0.436744,-0.238336,1.023079,-0.098171,-0.841552,-0.670758,-0.070091,0.022108,-0.626506,0.752182,0.411431,-0.676283,-0.503977,0.763581,0.630601,0
-2.192819,-0.643767,0.806522,0.613716,-0.097323,0.529060,-1.314085,-0.060542,-0.955806,-0.464044,0.711024,-0.346754,0.059660,-0.200618,-0.259658,0.124881,0.110572,-0.839774,0.300973,-0.316838,-0.297144,-0.874089,0.327355,-0.559984,0.955037,-0.142745,-0.421905,-0.559292,-0.383873,-0.821261,1.377605,-1.741234,1
0.937480,1.833923,-0.382888,-0.303669,0.191960,0.426859,-1.062082,-1.375316,1.228572,-0.239769,-0.916156,-0.223603,0.021548,-1.154552,0.768164,-0.997866,-0.991281,-1.816000,-0.854323,-0.332242,-0.130081,-0.162202,0.816180,0.313430,-0.692684,-0.672169,0.236647,1.424227,-0.382641,0.199843,-0.858906,0.865707,0
-0.411470,0.551164,-0.359745,0.169861,0.574816,-0.159291,-1.204615,-0.053663,1.278389,-1.129918,-0.830199,-1.472551,0.700662,-0.911400,-0.567828,-0.324213,1.535728,0.294269,0.347270,-0.679193,-1.001253,0.344040,-0.962056,-0.282844,-1.294005,-0.306286,-0.120243,-0.538182,0.091450,-1.717236,-1.497071,0.272106,1
0.614616,0.574939,-0.276061,0.073558,1.043322,-0.916467,0.366741,-1.123486,-0.333743,0.055790,-1.329601,0.197064,-0.179953,0.316303,0.509537,1.487163,-0.412323,-1.214582,0.295719,1.643347,1.238293,-0.356220,0.524247,0.377344,-1.469782,0.796459,-0.233070,-0.405032,0.925767,0.038330,-0.188789,-0.692365,0
-1.240505,-0.497925,0.082015,-0.000851,0.003295,0.286484,1.162032,0.739788,0.706983,0.259652,1.762174,0.126684,-1.158600,0.268980,-0.215113,-0.592039,-0.152094,-0.129884,0.343861,0.012221,-0.617766,1.354457,0.437273,-0.222106,1.445751,0.288504,0.105880,-0.124260,-1.125544,0.042593,-0.732612,-0.205197,1
1.721185,1.129243,0.263320,-0.977620,0.062768,0.896713,0.493555,-0.565249,-0.411154,0.471974,0.826647,0.120467,-0.424247,-0.471987,0.789969,0.288199,-0.002372,1.011742,0.238407,1.385045,-0.287105,-0.139157,-2.120713,-0.992825,0.586057,1.076545,-0.703317,-0.404138,0.750255,1.365253,-0.337542,-0.786123,0
-2.365492,0.213552,-0.758356,0.760236,-0.207655,-0.400989,-0.825817,0.266917,-0.051693,-0.330682,0.202498,0.705072,-0.994625,0.563316,0.174920,-0.040752,-1.200514,-1.064552,0.037768,-0.123934,-1.239906,0.406859,-0.630328,-0.201622,-1.428663,0.090828,1.476014,1.442622,-0.637963,-0.350436,-1.091305,-0.681582,1
-0.139890,-0.898934,-0.209885,-0.681725,0.660597,0.666158,-0.478404,-0.274554,-0.673335,0.376701,0.884882,2.025822,-0.162539,0.061290,0.552233,-1.095877,0.030542,0.566847,-0.241554,0.762713,0.636937,0.313479,-0.781216,0.365017,-0.056863,0.558209,-0.748023,-1.034627,0.327104,-0.048165,-1.179718,-0.520673,0
-0.991163,-0.599334,1.702266,0.848410,1.105165,0.220831,0.607771,-1.322659,0.019319,0.508020,0.764226,-0.004582,-0.134391,-0.336093,-0.166655,-0.589979,-0.286341,0.004223,-0.191492,-0.851779,1.004538,0.060089,-0.122810,0.515405,-0.829641,1.593712,0.639858,1.138887,0.815517,-1.013288,-0.762445,-0.974113,1
-1.443875,1.496296,-0.251487,0.425594,0.575135,0.885846,-1.398347,0.030063,-1.279915,0.322049,-0.287268,-0.856258,1.988317,-0.803068,0.639901,-1.062815,0.421323,-0.612838,1.317461,-1.762778,-0.424782,0.077143,-0.202587,0.370886,-1.515323,1.227416,-0.254918,0.590562,1.231508,-0.397847,-0.151559,1.514029,0
-1.692520,0.243418,0.109665,1.088813,0.935589,0.706753,0.425374,0.101558,-0.035094,-0.625280,-0.606287,-1.171353,0.132817,-0.660645,-0.323392,1.063553,-0.462937,0.773797,0.137466,-0.438671,0.821414,0.055785,-0.640969,0.535053,0.405452,0.586591,0.820201,0.185668,0.122105,-0.413867,0.466376,1.322242,1
0.302260,0.136214,0.411896,-0.140506,0.404234,-0.708771,0.297992,0.568184,-0.981496,-0.343033,-0.182237,0.092611,0.086858,0.204735,-0.175667,-1.032997,0.202609,0.925137,0.467266,-0.514648,-0.234044,-1.310950,0.830478,0.248627,-0.596226,-0.486562,-0.433467,-0.315636,0.550943,-1.143783,-0.017136,-0.254481,0
-1.276303,0.291516,1.014451,-1.324297,-0.196565,-0.325747,0.003322,0.645256,0.480307,0.138083,0.142273,-0.038081,-0.807880,-1.210001,1.561189,-0.607374,-0.582688,-0.560430,1.104994,-0.393952,0.469645,-0.776393,-0.822264,0.249117,-0.053183,0.741606,0.350204,-0.707845,1.021595,-0.058684,-0.568515,0.501612,1
1.320041,1.439972,0.341559,-0.952585,0.088652,1.932036,-0.529623,-0.160414,0.168020,-0.731865,-1.293831,0.245182,0.301028,0.268117,-1.785262,-0.996771,0.600458,-0.823228,-0.770436,0.485415,-0.983712,-0.135913,-0.894515,0.703993,0.977798,0.817740,1.058411,0.458813,-0.771973,-0.274457,-1.133955,0.288788,0
-1.223933,-0.694067,-0.739522,-1.871002,0.307960,0.635663,-0.871899,0.940194,1.217948,0.655035,1.101574,1.158388,-1.055376,-0.289483,-1.281928,0.487190,1.694538,-1.681072,-0.705686,0.469059,-0.910288,0.058901,-0.562241,-0.313869,1.512173,-0.345519,0.218311,0.152215,0.089203,0.085134,0.144455,0.933518,1
0.643841,0.103357,0.391052,0.520755,-1.453447,-0.020606,1.689637,-0.027848,-1.348125,-2.016426,0.110718,-0.510385,0.525921,-0.492785,0.058421,-0.524925,0.975295,-0.368596,0.596255,-0.398051,0.173926,0.557511,-0.260523,0.640701,0.799384,1.146732,0.077121,-0.909115,-0.855977,0.385375,-0.313617,-1.014306,0
-0.371687,1.301780,-0.930550,-0.289734,0.781339,-0.209695,0.384192,-0.744140,0.189191,0.430611,0.920123,0.424824,-0.177937,0.464417,0.658611,-0.210760,0.903811,-0.865568,-0.055501,0.487542,0.711459,-0.247838,1.154160,0.921026,-0.729246,-0.040024,0.614635,-1.030073,-1.563156,1.864895,0.518407,2.397587,1
0.372362,-0.433972,-1.569480,1.339926,1.215431,-0.931991,1.004478,-0.478002,0.494598,-0.967899,-0.103812,0.100388,0.994333,-1.029421,0.490516,0.384936,0.409806,0.897281,-0.099038,0.212564,-0.165049,0.725249,0.503728,-0.764214,-1.143887,-0.474409,0.386420,-0.178310,0.112210,1.321759,0.923856,-1.239702,0
-1.593066,0.134833,-0.800783,0.349656,-0.715338,-1.114450,-0.556025,-0.344035,0.273379,-0.040197,-0.070898,-0.454592,-0.164180,0.044849,0.455750,0.125832,1.705770,-0.394763,-0.490705,1.059017,-2.408298,-0.260118,-0.111166,0.739672,0.992081,0.345281,-1.040015,-0.338600,-0.664471,-0.029999,-0.569804,0.192127,1
1.482188,0.095369,-0.949302,0.012636,-0.311795,-0.038655,-0.086447,-1.338514,-0.674100,-0.413467,1.180574,-0.402111,-0.184035,-0.184770,0.991845,0.032141,0.288226,1.550439,0.650873,-0.575615,1.080110,1.908016,0.017264,-0.236412,-0.349144,1.062711,-0.112194,-0.229715,-1.318620,0.029177,0.103353,-0.341570,0
-0.273128,-0.925813,0.008421,1.032861,0.602835,-0.629884,-0.487278,0.603684,-0.253548,-0.137646,1.498696,0.636578,1.406576,0.827104,0.739347,0.153821,0.646332,-0.742202,-1.609647,1.319292,0.521333,-0.039859,0.510068,0.649540,-0.833181,-0.892883,-0.349751,-0.198472,-0.637009,0.844587,0.360079,-0.270525,1
1.770127,1.250959,-0.309896,0.156331,-0.120947,1.430060,-0.205946,-0.602449,1.374154,1.026727,-0.014256,-0.467948,0.366105,-1.324109,-0.567525,0.070604,0.733398,-0.451551,-1.033300,-0.170404,-1.109078,0.569816,0.386120,0.362857,0.031163,-0.152865,0.172600,0.659650,0.318984,0.632616,-0.209001,-0.900886,0
0.329807,-1.096538,0.790663,0.734021,-0.538843,-0.511141,0.620204,0.557814,0.125507,0.344236,0.037461,0.552716,-0.243154,-0.269433,-1.195040,1.240067,0.452007,-0.600783,0.161532,0.443308,0.310579,0.363129,0.332914,0.941067,-0.888539,-0.051568,-0.159979,-1.234469,-0.790233,-0.225694,0.182357,-0.189188,1
0.640972,0.524098,-0.301885,0.394175,-0.450705,0.450794,-0.077599,0.965778,0.157384,-0.041255,-2.573484,-0.379749,-1.755177,1.658557,-1.000433,-0.308897,-0.482464,0.570028,1.022290,2.053755,0.408751,-0.530350,-1.156817,-0.474471,-0.585158,0.304350,0.029397,-0.517513,1.550263,-0.180140,-0.179676,0.156285,0
0.061360,-0.447140,0.691482,-0.367627,0.535078,-0.459829,-0.145290,-1.703706,0.878632,-0.258389,-0.278704,1.144818,1.678952,1.530443,-0.932975,-0.271238,-0.172976,0.251492,0.791443,0.378474,1.108501,-0.018760,0.622592,-0.296510,1.206607,0.244162,-1.237872,-0.415736,0.945065,-0.360369,-0.491050,0.330011,1
1.412730,0.573494,-1.689539,0.631278,0.137155,0.407284,-0.237902,-0.009623,-1.379070,0.610337,1.338552,0.266229,-0.617009,-0.066949,0.093475,1.156864,0.347614,-0.680622,0.070649,0.053399,-0.035353,-0.796154,-0.763328,-0.185980,0.260820,-0.044405,-0.250005,-0.223064,-0.934449,1.080124,0.232107,-0.850098,0
-1.343430,-0.743482,-0.758342,-0.672741,1.410388,-0.383850,0.684039,-0.103127,1.263229,-0.559478,-0.051414,1.243449,-0.874876,-0.377003,0.264747,0.621622,-0.676154,-0.437895,-0.421610,0.375414,-0.491296,-0.934793,0.075024,0.378881,-0.553491,-0.371928,-0.029729,0.515722,-0.521236,-0.693836,-1.009875,0.687328,1
-0.079788,0.520540,-1.188102,0.589417,0.574195,1.255221,0.961783,-0.002067,0.842975,-1.407723,-0.415606,-0.618014,-0.103991,0.625605,0.613471,-0.131230,0.571003,-0.686892,-0.276357,-0.678860,0.280877,-1.196514,0.063103,-0.964123,0.080061,0.582599,-0.244863,0.418088,0.901480,-0.273120,0.322636,0.401249,0
-0.746996,-0.114862,0.282269,-1.315545,1.141384,-0.311525,0.865601,-0.551188,0.322019,0.357307,1.274808,-0.866571,0.020780,-0.157969,-0.848464,-0.716659,-0.550637,0.522807,-0.518111,-0.370234,-0.320187,-0.660606,0.148773,-1.304909,0.266007,-1.291336,-0.679551,-0.101171,0.250073,-0.443613,-0.418305,0.334795,1
1.072496,0.364159,-0.013040,0.889568,0.982373,0.435797,0.072350,0.106152,-0.711420,-0.694326,-0.309929,1.274501,0.754484,-0.344162,-0.199203,1.711955,-0.744104,-1.003836,-0.960364,0.481797,-0.577744,-0.486869,-1.645556,-0.685717,-1.398352,0.082662,0.504813,0.318593,-0.303016,-0.400308,-1.066023,0.672557,0
-1.631714,0.009421,-0.607710,1.053566,-1.054585,0.974586,-0.618205,-0.342751,0.635532,1.113980,-1.483145,0.178920,1.453418,-0.483429,-0.092068,0.607470,0.436401,-0.553648,-0.302958,-0.042987,-0.532584,-0.302832,-0.272948,-0.668672,0.572259,-0.484339,-0.976044,-0.741146,1.578488,0.719051,-1.177101,-0.208458,1
2.214298,0.448685,1.812025,-0.491843,-0.155528,-0.540410,-0.205294,-0.863161,-0.535491,1.036285,-0.361774,-0.034105,0.254190,1.081071,1.257639,1.065151,-1.302689,0.407966,0.491289,-0.165641,0.391790,1.194078,-0.237615,-1.346003,1.351915,1.374738,0.202755,-1.238306,-0.273392,0.086947,-0.174026,1.138350,0
-0.318400,-0.573475,0.165955,1.300903,-0.068755,-0.355310,-0.517684,0.196778,-0.920613,0.527802,-0.467386,0.019239,1.005404,-0.509757,0.379145,-0.203515,-0.910465,-0.107589,0.554001,0.023422,-1.865597,-0.702881,-0.549107,1.321973,0.521846,-0.299656,-0.577334,0.667815,-0.152283,-0.453132,0.866972,-0.330496,1
0.389435,-0.459914,1.180620,0.055287,-1.151077,-0.271650,-0.971588,-2.137176,0.598048,0.462064,-0.572159,0.421461,0.474065,-0.764817,0.466099,-0.196763,0.344384,0.218568,0.164004,-0.125835,-0.524110,-1.402412,-0.448855,0.475937,1.115691,-1.202260,0.620684,-1.097556,-0.163126,-0.680965,0.291268,-0.180243,0
-1.065816,-1.421227,0.235454,-0.839565,-0.311556,0.319425,-1.255194,-0.310875,0.273011,0.233494,0.490239,0.427262,1.183494,0.381768,0.464346,-0.069283,-0.433712,0.782488,-0.622703,0.650029,0.807252,-0.339708,-1.999931,-0.210045,-1.031831,-0.016075,-0.183835,0.970390,-0.500808,-0.500592,0.307681,-0.542732,1
1.007038,0.926116,0.241732,-1.479484,-0.165155,0.578271,2.113660,1.483020,-0.479657,0.741924,0.409268,1.193768,0.110345,-0.695540,1.176023,-1.310935,0.626396,-0.130084,-0.221433,-0.708991,-0.462847,-1.002064,-0.556157,-0.555863,-0.713068,-0.425541,0.797597,-0.404357,0.318607,0.153113,-0.885955,0.471250,0
-2.918835,-0.952497,0.222449,-0.800081,-0.064754,-0.627593,-0.607410,-1.341914,-0.558492,-1.434119,-0.459705,0.337022,1.107828,0.242541,-0.490826,0.135097,0.298199,0.071858,-0.480628,-0.330258,0.803933,-0.855389,-0.464943,0.658058,-0.757074,-0.073047,0.122793,-0.521221,0.904580,-0.004109,0.995240,1.225997,1
0.234463,0.756645,-0.021137,-0.340264,-0.393860,0.599054,-0.721572,-0.909632,0.658256,-1.003949,0.867074,1.307860,-0.991421,-1.274525,0.181040,-0.033723,-0.441971,-0.673686,0.600322,0.595114,-0.319945,0.420236,0.108340,-1.959144,1.650703,-1.501038,-1.198759,0.078665,-1.491179,1.769258,-0.148922,0.168370,0
-1.036045,0.353730,0.170485,-0.936975,0.691330,0.832788,-0.148938,0.722296,0.433316,-0.293060,0.344435,-0.468389,-0.220428,0.451300,0.165859,-0.296996,2.128618,0.306132,0.100138,-0.538560,-0.015465,0.044320,0.465935,-0.644817,0.301797,-0.301302,-0.223702,-0.701504,-0.386467,1.401702,-0.943931,0.410726,1
1.587316,0.257722,0.275710,0.425391,0.610189,-0.415860,-1.454117,0.525240,-0.117360,1.377700,-0.475141,-0.209791,-0.596152,0.611926,0.040570,1.449603,-0.177364,-0.099932,0.444527,-0.208731,0.031950,0.756970,-0.502140,-0.377333,-0.627236,-1.161512,-0.118245,-0.979072,-0.087772,-0.242221,-0.552989,-0.435098,0
-0.226274,0.094989,-0.791271,1.282624,0.476515,0.169745,-0.166660,-0.892829,0.875385,-0.501144,-0.846506,0.798476,-0.497541,0.004296,-0.190529,-1.089774,-1.510820,-0.003135,0.655147,0.417482,0.094572,-0.432839,-0.124308,-0.269588,0.111759,0.985011,-1.489579,-0.398412,0.295121,-0.513545,0.318379,-0.623954,1
0.152560,-0.240537,-0.270120,-0.651113,-1.163731,-0.440767,0.340981,0.211498,-0.005390,-0.901223,-0.164334,0.604970,-0.691446,-0.722976,-1.572620,-0.203975,0.444422,-1.117405,-0.300540,1.071631,1.422576,0.163405,-0.204032,-0.180508,-0.380755,1.170830,-0.900795,0.222520,0.705140,0.884673,0.189208,1.374921,0
-1.507833,0.651135,-0.424500,-0.793787,0.706532,-1.348574,2.033605,-1.225914,-1.155043,1.556484,-0.330116,-0.773800,-0.285269,-1.132110,-0.114425,-0.055191,0.854345,0.301285,-1.299373,-1.024117,-0.961245,-0.439042,1.531609,-0.334610,-0.657794,-0.587732,-0.256196,0.753080,0.173516,-1.619047,-0.130572,-1.220749,1
2.774279,0.079783,-0.039617,1.150352,-1.368507,-0.872782,0.278758,-0.250613,0.038745,0.812304,1.373390,1.225949,-0.692398,0.415559,0.242534,0.835299,-0.203754,1.323040,1.140576,-0.981131,0.287169,-0.361895,1.415061,0.344028,0.559941,0.237076,0.042939,0.737784,-0.904099,-0.558487,0.154608,-0.039433,0
-1.275354,-1.162603,-0.148789,0.123467,-0.777578,-0.052688,-0.852664,0.908676,0.457196,0.654533,1.036790,0.034637,0.498215,-0.651293,-1.007049,-1.863050,0.354192,-0.777873,-0.264067,0.767395,-0.373348,0.344890,-1.104967,0.719050,-1.108540,-1.400990,-0.383488,-0.059959,0.922601,0.233442,-0.227111,-0.545209,1
-0.503129,-0.625129,0.420123,0.617725,1.474884,-1.079334,-0.552348,-0.161087,-1.004011,-1.316586,-1.369786,-0.546358,-0.055243,-0.465497,0.392199,0.251404,0.212291,0.795203,-0.086117,-0.348088,0.581725,0.314004,-1.592605,-0.459067,0.992294,0.568638,-0.804503,0.338506,-0.825233,0.452861,-0.222580,0.316767,0
-0.945897,-1.141893,0.254242,0.254248,0.293113,-0.197668,-0.859410,0.663631,0.371999,0.127382,-0.025560,-0.151457,-0.687377,0.045086,-0.664194,0.750226,0.188242,-0.651561,-0.873639,-1.049709,0.830486,0.811682,0.689899,1.723895,0.221293,-0.327692,-1.147213,1.013692,0.368015,-0.447673,-2.033168,0.076578,1
0.782274,1.172119,-0.869716,0.160575,1.040417,0.634181,1.479155,0.193887,-0.575656,-0.424968,-0.822750,0.982591,1.318835,0.504343,-0.500255,0.587404,-1.180408,-0.485247,0.257935,0.163569,0.587188,0.523464,-0.638076,-0.242842,0.184440,-0.304518,-0.990309,-0.589299,-1.208068,1.043167,-0.115843,-0.986705,0
-1.626814,-0.351277,0.138528,1.363589,-0.045130,-0.172032,-0.587086,-0.100584,-0.382908,0.374779,-1.254813,-0.384288,-0.424580,0.303674,1.198025,-0.933393,-0.336831,-1.094535,1.812631,-0.531617,-1.105242,-0.587777,-0.888954,-0.180301,0.057741,-0.221164,0.995014,-1.249274,0.212304,0.611380,-0.917327,-0.159597,1
1.613512,-0.013303,-0.584511,-0.937274,0.739356,-1.041888,0.000294,-1.023659,0.045706,0.565164,0.051640,0.151441,2.073490,-0.087586,0.511184,-1.578122,0.501645,-0.698310,-1.461981,-0.603500,-0.231186,0.696565,0.543625,-0.140364,-0.625293,-2.144926,-0.255064,-1.185480,-0.346759,0.432696,0.779914,0.761086,0
-1.648061,0.343127,0.291404,-0.151528,-0.534518,1.044837,0.302536,-1.163462,-0.567111,-0.937859,-1.057673,0.115894,-0.375155,-0.895457,0.553224,-0.673102,0.479760,-0.545742,0.073373,0.026912,0.664490,0.797617,0.031299,-0.121809,-0.440430,-1.096873,0.281200,-1.706605,-0.265858,-0.274156,-0.765128,0.195910,1
1.688030,-0.402036,-0.836773,0.892274,-1.212991,1.386755,0.669013,-0.193780,-1.603576,1.232438,-0.224058,0.417058,0.108452,-0.705795,-0.409981,0.407666,0.685049,-0.645460,-1.603166,1.527120,0.816568,0.010830,-0.680486,-0.988465,0.053548,0.444720,0.445182,1.613950,0.505955,-0.127273,0.896555,-0.404765,0
0.413784,-0.566975,-0.459106,0.213987,0.316324,-1.811691,0.240235,1.100196,-1.603795,-0.670464,-1.005303,1.482633,-0.056214,0.308025,-0.161697,1.091743,1.322561,-0.163412,0.444772,1.250708,-0.675444,0.304972,0.037197,-0.705333,0.271775,0.678732,-0.319038,1.083692,-0.652427,0.049609,0.947019,-0.529225,1
2.692293,-1.028955,-1.256021,0.256395,0.076961,0.567311,0.270708,1.911321,0.162293,-0.992794,-0.501818,-0.439364,0.455814,0.923385,-1.744301,-0.207411,0.041462,1.805821,1.002601,-0.401254,1.977183,1.800462,0.818532,-0.583225,0.817680,-0.324006,-0.246547,0.088891,-0.111060,-0.694736,0.905491,0.300280,0
-2.163608,-0.261189,0.455602,0.588129,0.890321,-0.064488,0.303631,0.590071,0.348977,0.313551,-0.386592,-0.016449,-0.312854,0.843997,-0.869866,1.673876,1.283659,-0.514664,-0.437326,-1.358774,-0.284130,-0.203603,-0.535638,0.175121,0.842908,0.507149,0.011778,-0.337849,1.815912,0.089432,-1.105234,0.620305,1
1.026980,-0.336016,0.158238,-0.832561,0.285236,-0.141609,0.225474,0.662123,-0.558843,0.289565,0.243501,-0.943158,0.140623,0.553298,1.205889,0.135220,-0.809548,-0.500774,-2.212271,1.353753,1.230139,-0.629543,-0.023865,0.510370,-0.320121,0.137563,0.975514,-0.816123,0.560763,-0.985081,0.270752,-0.349706,0
-0.274340,0.983447,-0.251973,0.348352,1.441962,0.563696,0.124724,-0.026021,0.001662,1.103308,-0.192827,-0.347299,-0.534553,0.407304,0.886142,-0.312721,0.396451,-1.613844,0.855407,-0.542177,-0.030954,1.398851,1.595999,-1.035128,-0.304399,0.389969,0.023978,1.025593,1.155327,1.823188,1.786328,-0.816130,1
2.521172,0.291236,-1.423765,-0.449925,0.710109,-1.019714,0.727994,0.168463,1.049318,0.087962,0.478179,0.585737,-0.108541,0.826849,-0.712501,0.221257,-0.150900,0.420389,0.201813,-0.046001,0.588095,0.600587,-0.619576,1.171060,0.321920,0.841175,0.017528,-0.009743,-0.290543,-0.403833,0.018096,0.942782,0
-1.183807,0.729022,1.124663,-1.295156,0.060644,0.968267,1.952464,0.363282,-0.693999,0.134502,0.891123,0.609589,-0.794544,-0.033978,-0.214278,-1.858707,-0.865880,-0.851506,0.548769,1.065622,0.235782,-1.539200,0.520125,-1.200919,-0.146808,-1.161058,-1.059020,0.119421,-0.498938,-0.610073,0.572459,-0.180442,1
2.238775,1.414520,0.130480,1.004622,0.792645,-0.714557,1.378546,0.511207,-0.485168,-0.195815,0.167334,-0.189178,0.000123,-0.101278,-0.384764,1.410595,-0.337201,1.496046,-0.428331,-0.384186,0.877415,-0.688544,0.870935,0.667371,0.681138,-1.246247,0.675876,-2.550712,1.247038,0.944821,0.252198,-0.740063,0
-0.337896,-0.450217,0.284751,1.234764,0.365528,0.178567,0.296544,0.961649,0.559753,1.380062,-0.222624,1.020048,0.322101,0.189916,1.467727,-1.560635,1.506929,-0.498129,-0.229833,0.806687,-0.642948,0.369385,0.138921,-0.963817,0.153397,0.668689,0.608592,-1.194054,-0.849311,0.735109,-0.293451,-1.189978,1
0.442895,-0.321033,0.162194,-0.892338,0.376761,-0.468438,-0.136870,-0.579369,0.266821,1.914444,-0.132667,0.265851,-0.658851,-0.766371,0.025906,-0.929958,0.520364,0.463406,-0.888877,0.722052,-0.483391,0.450820,0.803330,0.569318,-0.293417,-1.097201,-0.675433,0.698911,-0.036058,0.478928,1.116758,-0.201569,0
-2.176677,-0.025651,-0.367362,0.043288,0.514922,1.309758,-0.534178,0.896472,-0.564754,-1.257545,0.374839,-0.668502,0.131716,0.801969,-1.113244,0.582839,-0.455061,-0.163221,0.360590,-0.354320,-0.429764,-0.488520,0.892697,0.648698,-1.796252,1.745259,-1.315368,0.974367,-0.817464,0.482331,0.979076,-0.379566,1
1.511512,-0.280974,-0.217903,0.056483,-0.630397,-0.118316,0.288169,-1.191504,0.432139,-0.116946,-0.143383,-0.912851,0.317111,-0.586040,0.483593,0.316469,-0.184990,0.130941,-0.615011,-0.267240,2.283503,-0.799423,0.010706,-0.826978,-0.849438,-1.114647,-0.292215,-0.993782,0.203397,0.126675,-1.696286,-0.326064,0
0.248569,0.714487,-0.339603,-0.354463,-0.029952,-0.722902,0.282341,-1.177688,-0.601975,0.358658,-0.247588,-0.391455,-0.243760,-0.246641,1.080914,1.375588,-0.691980,-0.159149,-0.358219,-1.850332,0.817855,-1.363728,1.360428,-0.378233,-0.214538,-0.615973,-0.507522,0.367974,-1.506835,0.312840,1.383372,-1.342277,1
0.265389,0.481166,0.646703,0.766356,0.703448,-0.586961,0.336983,0.223504,-0.137370,1.374575,0.210468,-0.033862,0.257084,-0.014495,-0.957159,1.226058,-0.810378,0.703597,0.197999,0.584769,0.627288,0.941771,0.852843,-0.251155,-1.407048,-0.282444,0.463742,1.711703,0.796621,0.870469,0.051338,-0.309163,0
0.156028,-0.387977,-0.424944,-0.683725,0.893733,-0.825601,0.283894,-0.410101,-0.863668,0.703265,0.827327,-0.408707,0.023842,-1.050883,0.450341,0.352324,-0.022988,2.341688,-0.161273,1.368909,-0.223522,-0.832100,-0.921411,-1.710745,-0.892639,-0.305115,-0.039724,-0.376840,-1.032740,-0.007630,0.130225,-0.447011,1
1.682813,0.248146,-0.409401,0.131061,-0.060113,-0.165586,0.933295,-0.903355,0.096226,-0.405726,-1.096487,-0.194878,-0.213858,0.762580,0.435084,-1.428885,-0.165140,0.274001,0.919447,-0.141832,-0.277860,-1.028621,-0.087116,-0.440428,-0.944395,0.620716,0.087705,0.941993,-0.299690,1.304805,1.456765,0.951929,0
-1.084547,0.171746,-0.659508,0.305372,-0.745138,-0.586307,-0.818806,-0.301025,0.014612,1.033938,0.245273,0.561387,0.626204,1.453407,1.925983,-0.227915,0.997179,-0.383505,0.140232,-0.128293,0.213153,1.257783,-1.275289,-1.475536,0.069252,-0.222440,-0.158009,0.124803,0.106916,-0.927632,2.787321,0.609720,1
0.714844,-0.935366,0.335793,-0.450294,0.957838,0.150921,1.455256,0.490733,-0.065644,0.374522,-0.644351,-0.691408,-1.828676,0.190113,-0.331099,-0.358008,0.389663,1.061860,-0.064858,-0.247087,-0.369044,0.452453,-0.778672,0.919601,1.507679,0.189625,-1.019553,-0.425881,0.875795,-0.046972,-0.377919,0.931646,0
-1.710679,0.159379,-0.491259,-0.364602,0.328757,1.101981,-0.787441,-0.155295,-0.998097,-0.018144,0.147715,-0.920201,-0.719958,0.151273,-1.287971,1.425724,-2.304709,-1.094155,-0.285023,0.493768,-0.926330,-0.120660,0.357235,0.232476,0.851067,-0.386458,-0.939206,0.324812,0.223460,-1.543388,0.763527,0.311687,1
0.743542,-0.283712,-0.177382,0.602759,0.254162,1.642510,-1.481577,-1.033724,-1.644342,-0.971418,0.892271,-0.208834,-0.853973,0.040650,-0.184959,-0.509787,-0.529913,-1.334878,0.886903,-0.288877,-0.057189,0.569883,-1.079293,0.390393,-0.517139,0.191174,-0.748614,-0.690161,1.820303,0.165909,-0.470527,-1.268966,0
-2.280114,-0.315573,-0.049843,-0.055815,0.299189,0.240691,-0.629884,-0.344338,0.031889,-0.003216,0.798742,1.562310,0.348829,1.090580,0.148245,0.449116,1.618131,1.034025,0.545739,1.220143,0.288746,0.127441,-0.901645,-1.006316,-0.034441,-1.648736,0.899646,0.698176,-0.508682,0.442132,0.169956,1.229186,1
1.368139,-0.511429,-0.473377,0.620745,0.507988,-0.297483,-0.211138,-1.056731,1.463198,-0.450726,0.069971,1.140476,0.620714,-0.486248,0.539710,0.613635,-0.333825,0.392869,-0.375364,-0.052222,-1.388631,0.496232,0.571437,1.388752,-1.474022,0.367604,0.528118,1.150090,-0.797726,-0.185033,0.327525,0.213290,0
-0.337674,-0.115596,1.621655,0.809481,0.332643,0.787083,-0.355315,-0.744818,0.938636,0.690882,-1.004212,0.950397,0.585622,-2.033895,-0.984916,1.751707,0.212477,-0.103094,-0.635967,-0.594821,-0.791585,-0.745654,-0.891509,-0.388612,0.319661,-0.264536,-0.807322,-2.687507,-1.048060,1.487548,0.141654,0.456401,1
1.440843,1.282473,0.197695,-0.199562,-0.800689,-0.565246,1.266966,-0.757632,0.231814,-0.876129,0.816007,-1.144071,-0.461513,0.062039,0.074810,0.273927,0.635928,0.848071,1.150588,-0.903050,-0.395888,-0.624706,-1.466009,-1.095026,-0.257210,0.901335,-0.250593,-0.335822,-0.966018,1.032883,-0.724929,1.255559,0
-1.621637,-0.693839,1.320435,0.150563,0.641898,0.235987,0.466502,0.646117,-0.226797,-0.456464,0.735073,0.189654,0.624411,0.887306,-0.107884,-0.232902,-1.644690,-0.274649,-0.308548,-0.443792,-0.213061,0.382978,0.577069,-0.365733,0.656132,-0.192549,1.116472,1.291628,0.702081,1.216673,0.266522,0.781497,1
1.220618,0.582084,0.091292,-0.414915,0.970505,1.196192,-0.541398,0.103616,-0.493208,1.659053,-0.835671,0.076816,-1.506298,-1.530984,1.450383,0.666888,0.689656,1.870102,-0.750909,0.825139,0.350487,-0.502367,-1.016923,-0.128133,1.246954,-0.563187,0.097769,0.281246,-0.201018,0.704825,1.111546,0.630715,0
-2.334654,-0.316427,0.875753,-0.369545,-0.504762,0.462725,0.017598,0.149982,0.175004,-0.662857,-0.003301,-0.836270,-0.752580,0.808908,0.008440,0.014569,0.014742,-0.900422,0.673508,0.010534,-0.259583,-0.083297,0.544343,-1.035373,0.555658,-0.090197,-0.289970,-0.707841,-0.797219,1.119623,0.942042,-0.324703,1
2.319618,-0.415739,0.403735,-1.310779,0.047204,-1.080177,0.949030,-0.431123,-0.646983,1.145139,0.990431,-0.236430,0.481296,0.393025,0.126986,-0.926281,0.351815,0.017909,0.707036,-0.363161,0.870952,0.987271,-0.010281,-0.928277,-0.809688,1.442510,-1.021070,0.865967,0.174710,0.910932,2.037491,0.025352,0
-1.256799,0.335327,-0.206655,-0.670893,-0.531492,-2.233859,0.207011,-0.582179,0.172622,-1.091102,-0.319235,0.160749,-0.147212,-0.109523,-1.248050,-0.334029,-0.236847,-0.416510,-0.488854,0.629426,-0.798600,-0.909077,-0.395442,0.140879,-0.580548,0.157276,-1.114701,-0.669169,-0.092363,0.984347,-1.220677,-0.357222,1
0.165393,-0.203835,-0.276874,-2.071153,0.299174,-0.050885,-2.104503,-0.403611,0.476402,-0.396912,0.248185,0.490972,-0.407748,-0.167554,0.426526,0.380502,1.014032,-0.168792,-0.041996,0.574167,1.084575,-0.467392,0.120508,-1.250264,-0.616488,0.945346,-0.850173,0.615296,0.011283,-0.926270,0.233407,0.713643,0
-1.326518,0.562406,-1.184270,0.137988,-0.561718,1.239526,-0.301972,0.245116,0.578965,0.232253,1.259299,0.854870,-0.729182,0.709712,0.587919,0.303675,0.640380,0.872904,-0.191921,-0.560964,-0.679286,0.654441,0.102851,0.150032,-0.235295,0.748065,0.627046,0.008487,0.085778,-1.160871,0.493409,0.274903,1
0.853581,-0.935450,0.874760,0.892668,1.386053,-0.813274,-1.368218,-0.734623,0.144790,0.211074,-0.734558,1.462426,0.345967,0.039711,0.955928,0.112354,-0.252981,0.942129,0.056906,0.387542,0.190509,0.669470,0.096932,-1.474965,0.394981,1.625329,1.787486,-0.380609,-0.188404,0.562528,-0.115490,0.651318,0
-1.625132,0.660383,0.214153,0.389392,-0.346258,-0.404049,1.242390,-0.162894,-0.004935,-0.033511,0.288681,-0.204665,-0.467962,-1.677347,-0.469217,1.117735,0.006058,0.122716,0.256265,-0.927372,0.311631,-0.679369,-0.156923,-0.724697,0.176277,0.115002,-0.865518,1.407107,0.214861,0.013052,-1.317058,-0.280795,1
1.466963,-0.746143,0.028067,-0.764921,0.356718,0.516998,0.446297,-0.253550,1.248176,-0.290783,-0.358318,0.255119,-0.623669,0.812471,-1.111865,1.011343,0.691456,-0.169274,-0.694690,-0.736313,0.906668,1.334430,-1.097361,0.062053,-0.887828,-0.856522,-0.517161,-0.221501,-0.429570,-0.019271,0.568233,1.818914,0
-0.415872,-0.308885,0.610241,0.251562,-1.270866,-0.000495,-0.141298,-0.183202,-0.689790,-1.222044,0.370650,1.396631,-1.118761,1.790017,-0.115050,0.773475,-0.471998,0.625087,-0.242164,0.532602,-0.181395,0.003309,0.281648,-0.578162,-0.235127,-0.672336,1.209177,0.514643,-0.420121,-0.386880,1.527088,0.252771,1
0.126681,1.218924,-0.900109,-0.000422,-0.091686,-0.417014,-0.075727,1.195266,-1.216144,0.718741,-0.374847,-0.251726,1.454947,0.921163,0.383792,0.102674,-0.189508,0.264689,-1.181014,-1.714319,-0.993373,0.681929,1.138264,-0.314685,1.353112,-0.845028,-0.299621,-0.382485,-0.069760,0.442740,-0.709191,0.610448,0
-0.869737,-0.669591,0.500533,-0.050015,-0.695917,-0.567593,0.074802,0.490207,0.434045,0.455140,-0.607886,0.276051,0.279931,-0.536123,0.110844,0.426838,-0.689461,0.849450,1.346218,-0.455787,-1.027995,-0.194020,1.182672,1.002498,-0.144810,0.326838,0.045835,-0.605716,-0.412874,-0.319328,1.252422,-0.344798,1
0.970991,1.322393,0.384104,-0.056207,-1.629490,-0.264567,1.752909,-0.509382,-0.708140,1.209708,-1.758077,-0.640654,0.047681,-0.075061,-0.408526,1.432771,-0.650776,-0.025336,0.069255,0.451249,0.660311,0.099013,0.969890,-0.196186,-0.537560,-0.597208,-0.155070,0.291633,0.803113,-0.472568,-0.157320,-0.536767,0
-0.683703,-0.250994,-0.208375,0.152114,-0.827044,-0.156502,0.527950,-0.085688,-0.879438,0.066976,-1.084160,0.014747,-1.050917,1.162907,0.027389,0.532795,0.863628,0.678278,-0.524224,0.100265,-0.120906,-0.542165,-2.103170,-0.754158,-0.083415,-0.107742,-0.812478,-0.317377,-0.476961,1.720269,-0.377069,-0.666479,1
0.651020,0.891758,0.060228,-0.206028,1.000171,0.217041,-0.775440,0.153641,-0.613810,0.250806,0.382923,0.296635,1.244038,0.215266,-0.342949,0.222614,0.271452,0.368627,0.489986,-0.501922,0.596877,0.481479,-0.221987,-0.834944,1.313510,0.539809,0.522918,0.791441,-0.611546,-0.151850,1.780964,0.452444,0
0.007764,-0.510123,-0.240387,1.262416,-0.685867,0.427538,1.150719,1.224385,0.972062,0.478583,0.234478,-1.141034,0.515221,0.172395,-0.477972,-0.830324,1.309747,-0.923276,-0.956702,0.420410,-0.963313,0.672154,0.056417,-0.480247,-0.178503,1.954035,0.066905,1.119250,-0.312357,-0.162216,0.212701,-0.333571,1
0.874644,0.850806,-0.867573,0.889391,-1.019918,0.382798,0.023489,-0.038306,-0.165021,0.679475,0.589007,-1.806162,-0.161274,0.558073,-0.364114,0.017159,1.198543,0.147341,-0.650656,0.047856,-0.433015,-0.242954,-0.717752,0.335469,-0.769874,0.071543,0.808648,-0.550686,-0.318420,0.629757,-0.489768,0.601836,0
-1.109893,-0.190457,0.995090,1.175253,-0.211592,-0.260920,0.901007,0.191910,0.594336,0.453773,-0.936316,-1.020235,-0.503098,0.908243,-0.482561,-0.442906,-0.902079,-0.652203,-0.059877,-0.420358,1.403400,-0.186598,0.400899,1.472678,0.762641,0.427408,-0.651803,1.001164,-1.257152,-0.072665,0.000006,-0.616643,1
1.922076,-1.137830,-0.546371,1.542850,0.173718,-0.156316,0.403807,0.026124,1.161818,0.033812,0.654562,0.475999,0.868232,0.007792,0.729502,0.448198,0.329883,1.211562,0.057036,0.389716,-1.220154,-1.010183,0.404964,-0.073924,-1.692498,0.347641,0.315998,-0.615669,-0.640700,-0.134705,0.437335,-1.112379,0
-1.111228,1.154763,-0.073158,-1.117932,0.631632,-0.510545,0.340718,-0.692458,-0.216934,-0.030090,-1.422284,0.072686,-0.138774,-0.089207,-0.190342,-0.071652,-0.278816,1.529316,-0.415808,-0.681458,0.445180,-0.096045,0.620167,0.146302,-1.706825,0.112763,1.391958,0.654108,-1.122240,-0.119401,-0.413931,0.214514,1
0.859110,0.417729,-0.727386,-0.495601,0.848891,-0.981485,0.594141,1.392000,-0.138277,0.142306,0.459927,0.826296,-0.323606,-0.403146,2.317190,0.554917,-0.781679,-0.404339,-0.578185,-0.513379,-1.376856,0.581841,-1.048176,0.557057,0.199688,0.823502,0.614859,0.376053,0.040213,-0.285672,1.125833,-2.022245,0
-2.018350,-1.988496,2.060425,-0.728667,1.266393,2.005854,1.119280,-0.168782,0.436367,-0.672829,0.400779,0.283807,0.259887,0.171368,0.079535,-0.327972,0.527226,-0.444083,-1.116621,-1.058546,0.475161,-0.040652,0.276874,0.639138,-0.365542,-0.068445,1.377943,1.257845,0.526978,0.483928,-1.325759,-0.839034,1
1.784300,-0.605203,0.522144,-0.347414,0.170206,0.713584,-0.284106,0.147122,-0.572417,0.784376,-0.529293,0.209382,0.575838,1.325138,1.328006,0.319995,0.334044,1.902539,0.116809,0.078794,-0.099256,-0.437016,0.533730,-0.197595,0.030850,0.136181,0.039486,0.165199,1.334427,0.559086,1.201667,-1.045661,0
-2.199379,-0.489562,-0.894542,1.035405,-0.278191,-0.585720,-0.162450,-1.058587,1.062504,1.149141,0.403549,0.537644,0.104726,1.647252,0.133609,0.427868,0.273876,1.200971,-1.478014,1.656516,-0.770777,1.117558,-0.480317,0.987904,1.181754,0.865368,0.519750,-0.235599,-0.047471,-0.142464,0.000821,0.399961,1
0.946646,-1.390241,0.497939,0.736401,-0.762594,-0.012277,0.381265,-1.495584,-0.114192,0.200273,1.220916,1.212713,-0.582597,-0.288561,-1.737462,-1.647890,0.057168,0.294742,-1.113774,0.028629,0.274349,0.202460,1.129245,0.225508,0.170787,0.005274,1.436175,-0.211488,0.388809,-0.413333,-1.415926,0.001905,0
-0.707999,0.854999,1.025215,-0.803733,0.741985,-1.455301,-1.079487,-0.072998,-0.962172,-0.084235,0.491864,-1.986228,-0.438291,-0.403274,-0.016781,-0.869693,-0.402366,0.222260,-0.021967,-0.185286,-0.722759,2.099318,0.265251,2.094569,1.270926,-0.618199,0.653483,-0.152795,0.388067,-0.437114,-0.838469,0.218442,1
0.208534,-0.773012,0.757124,-1.497629,-1.703514,0.597911,0.589532,-0.227863,0.026513,-0.428200,1.146252,-0.015297,-0.296071,1.468744,-1.004628,0.024799,-0.089425,0.435775,0.252668,-0.673531,0.562446,0.142081,0.168022,-0.286703,1.561960,-1.046773,-0.091018,1.350922,0.010017,0.437561,-0.316859,0.763976,0
-0.440406,-0.043939,-0.095679,0.634721,0.302826,-0.932652,0.601543,0.525189,0.746072,-2.124320,0.332143,0.494645,0.661728,0.903107,-1.460496,0.678367,-1.067181,0.569740,-0.464307,1.406970,-0.139955,0.638996,0.995911,-0.706084,-0.398564,-1.583105,-0.104672,-0.826620,0.893892,-0.385134,1.260493,0.803084,1
1.508307,0.238478,-0.081400,-0.220391,-0.619741,-2.040765,-0.094669,0.658534,0.342877,-0.128328,-0.498167,0.233042,-0.060242,-0.591103,-1.759701,-0.027520,0.848293,-0.002499,0.070003,-0.183607,-0.047566,-0.548050,0.428893,-0.686120,-1.496474,1.362243,-0.487573,-1.533644,0.653395,0.528650,-0.751596,-0.633521,0
-0.723458,1.454865,1.215984,-0.393279,-0.589138,-0.407516,-0.396172,0.004467,-0.629081,-0.057132,-1.142792,0.060965,-0.061922,0.367042,0.385525,0.474348,0.911611,-1.343292,-0.356740,-1.158063,0.040725,-0.894036,-0.343715,0.593771,0.556733,-0.875561,0.593581,-0.233773,-1.005988,-0.565650,-0.257550,0.450681,1
1.756498,0.081420,-0.452847,-0.494002,0.174114,0.557659,-1.247147,-0.119985,0.278503,-0.383083,-0.148505,-0.356720,0.388705,0.334035,0.653214,-0.912980,0.960857,0.889394,-0.186077,-0.574856,0.139768,-0.343641,0.236883,-1.867630,0.183892,0.738507,-0.267061,-1.125540,-0.653948,-0.998136,0.504740,-1.217298,0
-2.354924,0.924406,-1.427678,0.267096,0.279022,-0.215847,-1.108873,0.040362,0.036913,1.148407,1.219730,0.413946,-1.451062,-1.075588,-0.875837,-1.526073,0.831164,0.010629,0.693525,-0.347235,-0.455693,1.674758,-0.200784,-1.391065,0.721234,0.068949,-0.176735,0.599826,0.959831,0.315353,-0.516761,-0.900989,1
0.848950,-1.972016,0.302527,0.060451,0.798684,-0.406183,0.286239,-0.750785,-0.423589,0.652668,0.788986,1.012406,0.352667,0.402536,1.610996,-0.556530,0.240184,-0.785817,0.542844,-0.192271,-0.928252,0.335701,0.296635,-0.727761,-2.189207,0.843521,-0.036794,0.722816,0.361283,-0.926335,-0.860919,-2.209349,0
-1.419963,0.470755,0.210862,-0.495151,0.009051,0.620381,0.193795,0.541720,0.742174,0.417483,0.021462,1.029349,-0.044191,0.408319,1.141368,1.004837,-0.746254,-0.517442,-1.592183,0.259583,-0.164464,-1.088777,-0.211063,-0.315601,-0.524113,-1.243035,-0.402716,-2.061248,-0.627418,-0.630789,-0.420249,-0.321981,1
1.621069,0.033592,-0.724752,0.414326,1.508913,0.201160,0.890692,1.995469,0.959318,1.705233,0.590104,0.904005,0.352464,-0.018941,-1.075351,-0.447619,-0.766359,1.123046,-0.711501,1.238931,-0.771907,0.355191,-0.157212,0.212320,0.416000,-0.077030,0.544420,0.727240,-0.565577,0.986064,0.482052,-0.237526,0
-0.521536,0.650389,0.124510,-1.257985,-0.203511,0.493482,-0.012024,0.721859,-0.721147,-1.125738,0.998989,-0.246678,1.294038,-1.361497,-0.817928,0.160519,-0.954335,-1.432582,-0.599683,0.323858,0.131110,-0.259322,0.143375,1.075987,-0.024710,0.150802,0.360303,-1.522857,1.126622,0.698956,1.056062,-1.029794,1
1.470950,0.767738,-0.928984,-0.057587,0.972862,0.421147,-1.001541,0.820485,-0.227234,-0.556915,0.700737,-0.033900,0.072051,0.360153,-0.875706,-0.254844,-0.232881,0.661914,-1.090677,-0.747501,0.250378,-0.480249,-0.639514,-0.796806,-0.424821,-0.064445,0.201236,0.086794,-1.100861,-0.692776,0.828529,-1.156976,0
-1.659794,-1.306813,-0.132645,1.206930,1.387583,0.153026,-0.035646,-0.199657,-0.485734,0.521565,-0.422723,0.080700,0.088821,-1.812726,-0.229124,-0.933529,-1.345814,-0.499963,-1.852319,0.323176,1.195256,-0.170053,-0.482249,-0.058944,0.288106,-0.416880,0.180998,-0.523031,-0.516652,1.475816,0.704675,1.031608,1
0.658540,-0.350855,-0.101713,-0.171788,1.507081,-1.107727,0.501540,1.854242,-0.473909,-0.733330,0.018253,-0.104395,-0.358721,-0.656484,-0.873312,0.066385,0.145701,0.738880,-0.404489,-0.397254,-0.089311,0.235759,1.323406,-0.079484,0.143661,-0.278646,0.015512,-0.456362,-1.325948,-0.656549,-0.350883,-0.730702,0
-0.308348,-0.146764,-0.367267,0.082914,0.031497,-0.807048,0.870345,-0.004494,0.038688,-0.585103,-0.698207,-0.129486,0.640037,0.189116,-2.095874,0.938175,-0.156025,-0.346244,-1.253449,0.703289,1.183671,-0.574470,0.230669,-0.775879,1.534540,-0.494468,-0.264977,-1.942097,0.714338,0.291389,0.067788,1.257638,1
0.538896,0.472003,1.249821,1.220295,0.676717,1.057657,-0.532337,0.552430,-0.635538,0.238844,-0.324693,0.487130,-0.547488,-0.195109,-0.972580,0.342983,-0.392389,-0.100641,-0.193757,0.042185,0.751158,0.695427,-0.542336,1.266279,-1.408251,-1.235035,0.992168,0.362798,0.738315,-0.378464,0.566180,-0.211323,0
-1.122097,-0.017941,-1.003121,-0.220897,-1.271882,-0.923573,-0.427433,0.212093,-0.546322,-0.895716,-0.806077,-1.071587,0.907446,0.733940,-0.215341,1.063457,-0.393399,0.332587,-0.132687,-0.623672,-0.692670,-1.015245,-0.583563,2.040562,-0.087394,0.138470,-0.183545,0.007174,0.269337,-0.481475,0.566380,-0.811289,1
0.154047,-1.060635,0.882672,1.378186,0.638768,1.915349,1.099657,1.187184,-1.111577,0.281562,-0.578373,0.477060,0.169221,-0.301147,2.230017,0.352975,0.262722,-0.680744,-0.866251,0.877016,0.841630,0.684395,0.007878,-1.096897,-0.322326,0.108154,-0.347870,-0.025942,-0.350962,1.115990,-0.062160,-0.136738,0
-1.263621,0.152281,-0.274417,-0.144305,-0.408657,-0.110670,0.131196,0.695889,-0.531496,0.453827,0.488035,-1.324120,0.664020,0.137433,0.099585,-0.023654,-0.073165,-1.238163,-1.272758,0.631751,0.405660,0.266264,-1.040762,0.021834,0.280955,-0.347849,-1.468195,-0.394083,0.204555,0.396092,-0.991727,1.444332,1
1.213445,0.886091,-0.156728,-0.332939,0.208137,-1.388206,0.226360,0.124280,-0.572147,0.941206,-0.996947,-0.471702,0.066941,0.826534,-0.763041,1.175539,0.189551,-0.032411,0.641520,0.659391,1.370098,-0.534759,-0.152071,0.297286,-0.940064,-0.353402,0.213947,0.381554,1.630420,-0.188773,-0.480309,-0.082252,0
-0.393790,1.402860,0.963444,0.948207,-0.151481,-0.493356,0.431015,-0.044213,-1.216664,-0.660059,0.311267,-1.110193,0.716309,0.371179,-0.188763,0.598899,-0.643731,-0.381284,-0.269745,0.202928,-0.352436,-1.053545,-1.051722,0.103555,0.208370,-0.205276,0.799707,-0.311417,-1.222694,-1.126712,1.352423,-0.303580,1
