-0.240408,1.988203,2.344028,-1.761186,2.320402,0
-1.016913,0.029051,-0.353357,1.455752,-0.648707,1
0.685489,0.114218,1.455564,-2.022662,-1.880794,0
0.188568,0.116179,1.391586,-1.638536,-0.767839,1
1.028756,-1.125268,1.053022,-0.498377,-0.320322,0
-0.003817,-0.072239,-0.005316,1.396172,1.557413,1
0.558269,-3.102723,0.956457,-0.962300,1.141373,0
0.054140,-0.935097,3.542587,-0.992639,-2.199056,1
2.860350,0.058887,0.840035,2.287653,-0.130550,0
-0.186118,0.206313,-1.073996,-1.565693,1.670307,1
0.909473,1.468801,0.369454,-0.216969,0.634293,0
0.641441,0.580191,-4.514194,-0.081870,0.156472,1
1.158057,-0.459958,-0.291721,3.747272,-0.965760,0
0.697624,1.657725,-1.630155,-0.050641,0.846149,1
0.152358,2.425441,1.348022,2.522899,0.985407,0
-0.782412,-1.656522,3.015373,0.808418,0.073529,1
-0.441232,-0.150855,0.666006,-1.207057,1.262774,0
-0.249123,-1.196533,1.165958,0.510210,-0.563180,1
0.264521,2.574047,1.570790,-0.738123,0.217799,0
1.190541,1.994992,0.861776,1.293213,-2.248383,1
-0.157760,-1.185237,-0.557625,-0.569674,-1.910140,0
-1.966987,-1.941624,2.215586,-1.699230,0.517579,1
2.335790,2.780298,0.214166,-0.951706,1.472234,0
0.278807,2.096200,2.181183,-0.559536,0.985264,1
0.585268,-1.609167,0.361908,0.672935,2.408375,0
-2.327518,1.578354,-1.535942,-0.028340,-0.347646,1
2.737221,-2.529963,2.148046,-2.326137,-0.181264,0
0.407980,0.094793,-2.721859,-0.404263,4.177150,1
0.480425,-1.067889,-0.332444,0.769032,1.710763,0
-2.329347,0.383342,-0.170442,-0.955905,3.552958,1
2.034002,3.122154,0.007910,2.268358,-1.384225,0
-0.117811,1.009279,-0.653004,-0.615644,0.270332,1
0.953623,1.042823,-2.379686,0.850446,-1.150769,0
-1.109188,0.157034,1.391737,0.749206,0.974761,1
0.929921,-1.406623,-1.146513,0.437075,0.978054,0
1.234002,-1.264940,-0.363065,-3.185530,-1.240035,1
1.933473,0.455870,-1.953199,2.157066,-0.502961,0
0.422544,0.530833,-0.225233,0.432245,-1.913402,1
0.270378,-0.166959,-1.013210,-1.574934,-0.131076,0
-0.969786,-1.405211,-0.252962,0.665592,0.689848,1
2.364763,-0.162951,-1.601957,-0.313521,-1.643871,0
-2.008678,0.230967,-4.652640,0.271882,-1.043687,1
2.515401,-1.862112,-1.679601,-2.579189,0.290033,0
-1.812059,0.791019,3.271673,1.186195,-0.071544,1
3.897352,-0.209541,-2.234136,0.073427,-1.365055,0
-1.521863,-1.911574,1.669607,0.129526,0.511080,1
-1.503094,-0.091972,0.773865,0.995589,1.222258,0
-2.344267,-0.487817,0.064914,0.689643,-1.867898,1
-1.420904,2.290763,-1.203333,1.110439,-0.197608,0
1.048622,-0.496556,1.669905,-0.331465,-0.545870,1
2.725183,-0.406641,-1.654036,-1.760732,0.969894,0
0.150187,0.003291,0.372212,0.157702,0.689615,1
-1.632738,0.323149,1.042459,0.285145,-0.908081,0
-1.647329,-4.009396,0.705718,-0.536465,2.112362,1
-1.201681,1.401675,-1.019868,-0.252958,-1.291836,0
-2.433002,0.992390,2.900255,-0.727331,-0.068082,1
-0.524155,0.692513,-0.506491,-2.233797,0.259204,0
-2.789926,-0.112164,1.261370,0.713078,1.628177,1
0.000783,-1.644482,1.233016,-0.112979,0.013985,0
-0.631669,1.861331,0.269752,2.005705,-1.906740,1
1.766693,0.090955,-1.445051,-1.463879,-2.695668,0
-0.891438,0.663059,1.373641,2.170031,0.200533,1
0.524570,-3.549339,0.102542,1.389878,-1.922828,0
-0.811809,-0.915747,-0.283150,1.263786,-2.806199,1
1.692057,-1.011738,1.083834,0.023113,-3.478846,0
-3.358971,1.240725,2.370535,0.987925,-0.040840,1
0.314178,-0.629571,3.517968,-0.153335,2.989355,0
-1.787661,-2.005486,0.288513,0.400821,3.293996,1
0.882931,-1.612837,-0.040020,3.787224,-1.068861,0
-0.510840,2.609821,-0.017431,0.325807,-1.375982,1
-0.064155,-2.485356,-1.516839,-0.439027,-0.293315,0
-1.100266,2.356426,-0.063884,-3.476589,-1.123777,1
-1.984272,1.522377,-0.344496,0.618305,1.281935,0
-0.716508,0.983006,0.707060,-0.092927,-0.591781,1
0.991836,3.531042,-0.590456,-1.115185,-2.732578,0
-2.056064,0.809856,-0.026756,0.974163,-0.063240,1
-2.520898,-3.788816,-0.744967,0.320729,-2.466310,0
-2.114078,-0.484470,0.523765,3.064388,-2.321064,1
0.593874,0.307625,0.451165,-1.075320,-0.371985,0
-1.332901,-0.173487,1.530160,-1.385024,0.006781,1
-0.618468,1.481841,-0.303673,0.576957,0.482999,0
0.229516,0.214750,-1.842119,-2.160557,-0.450980,1
1.081857,0.753240,-0.079219,-1.051413,-1.261507,0
-0.256173,4.084810,-0.076035,-0.622649,-1.105361,1
0.017623,0.651188,-0.568083,-2.059597,2.625014,0
-3.081595,-0.194447,0.325786,0.247243,-0.049491,1
0.831240,-0.105673,1.811987,0.674827,-2.426370,0
0.171203,0.241714,0.847925,-3.234834,-0.554975,1
3.245826,-2.623504,-2.596632,-0.947893,-0.384883,0
-2.020957,-0.997549,-0.413662,-0.835117,0.708154,1
-0.445422,-1.178746,-2.391389,1.566141,-2.072155,0
-0.960504,-0.793625,-1.528040,-1.572093,0.850657,1
-0.100177,-3.030288,-3.294120,0.268069,-2.995564,0
-0.835106,-1.959980,-2.593593,-0.180062,-0.149621,1
1.527221,-0.526676,0.973238,0.131935,-2.285444,0
-1.366817,-1.532820,0.279916,0.274086,-0.616372,1
0.952637,2.355071,2.427219,0.065001,2.177693,0
-0.036509,-1.323851,1.076239,-0.598353,-0.248282,1
3.150084,0.813220,1.371810,1.060346,0.473223,0
-0.824020,1.350051,-0.711772,0.318979,-1.644561,1
2.558310,-0.053725,-1.027171,1.681984,1.415190,0
-2.089940,2.711159,-0.641615,0.996514,-0.046846,1
0.909410,-3.730715,-2.209043,-1.185767,-0.404078,0
0.128323,-1.592714,-0.038090,0.420448,1.256816,1
1.551311,1.437574,0.416109,1.342774,0.467577,0
-0.941309,-2.084837,-0.599065,-0.617994,0.869358,1
0.521250,1.804326,1.930505,-0.186028,0.201233,0
-0.023365,-2.319881,0.471625,-1.377284,0.726028,1
-0.794111,-1.521203,-0.668155,0.469962,-0.023942,0
-2.425945,1.293674,1.505960,-1.695065,0.360771,1
0.762007,-0.300008,-0.205998,-1.309859,-1.382206,0
-0.830180,1.102385,0.780359,-0.749489,-0.591624,1
2.577827,0.713299,0.863293,-1.416730,-0.550640,0
0.489777,0.099618,0.198354,0.162416,2.639412,1
0.482400,-0.519382,-0.525594,0.685822,0.436059,0
-0.280918,-1.257274,-1.454628,1.422862,0.411302,1
-1.800101,-0.636322,0.675858,-0.777564,1.817114,0
-4.186230,-0.753749,-0.974276,1.403408,-0.607627,1
3.340188,-1.712158,-2.140239,1.178695,-0.236979,0
-2.760087,-2.806490,-0.373162,0.897108,-1.342084,1
2.269811,0.015656,-0.949001,0.080256,-1.008023,0
-3.963008,0.355507,-1.156322,-2.076268,1.180902,1
-0.390884,0.256614,1.799069,0.669421,0.946671,0
-1.448370,-2.570253,-0.172495,-0.220006,0.619878,1
-1.909337,0.343295,2.959794,1.903759,-1.725673,0
0.166621,1.225461,0.713858,1.140259,0.594002,1
1.492818,0.345553,-0.285981,-1.080773,-0.361236,0
-2.417005,0.179995,-1.134869,-3.233592,0.705259,1
2.878494,-1.934125,-1.139258,-2.136696,-3.067064,0
0.234100,0.036594,2.902514,-0.895341,1.563276,1
1.706926,-2.103637,-0.224259,-0.056818,-0.726867,0
-1.898059,2.463887,-1.132459,-0.447100,-0.861661,1
3.463549,0.591730,0.538839,-2.501087,0.264362,0
0.927317,-0.088113,1.653034,0.860769,0.418585,1
3.022924,-0.523799,-0.220037,1.314563,-0.322459,0
-0.591389,-0.159080,-1.549809,0.919250,-2.632266,1
0.772044,-1.102954,-0.902495,3.375461,-0.183588,0
-1.446772,0.730662,-0.820480,0.230421,0.629747,1
4.573210,-1.979218,0.499352,-0.090104,-1.511444,0
0.366971,-2.064832,0.581849,-1.280129,-3.110191,1
-0.048944,0.625076,-0.465791,-1.127852,4.659350,0
-1.676158,-0.604479,-1.075071,0.893959,0.158649,1
-1.611301,0.424994,-1.634102,-0.835861,0.167820,0
-1.906983,0.805307,-2.770802,0.650876,-1.390211,1
-0.186925,-1.844956,-1.023434,-1.115245,0.345193,0
1.440697,0.913502,-1.548496,1.216756,1.857410,1
1.300858,1.128356,0.415369,-1.499619,-0.151671,0
-1.677616,-0.243110,-2.803120,-0.060850,-1.737475,1
0.849544,1.682772,1.491049,-2.683253,-0.004941,0
-0.051682,0.938312,-1.794273,-0.469867,-0.291749,1
2.212223,-1.701311,-1.379522,0.238197,-1.306315,0
-0.656054,1.297554,0.117416,-0.675157,2.006426,1
0.721220,0.481350,-1.286908,-0.883583,-0.377823,0
-3.400236,2.172859,-0.061180,1.780239,-1.069725,1
2.470605,1.222163,2.067314,0.127543,-0.179415,0
0.010305,2.719142,-0.265343,-1.608104,-1.544986,1
0.732822,1.451568,-0.368409,0.030993,1.139778,0
0.086153,-0.412899,-3.259892,0.908261,-0.600232,1
-0.361857,-2.108154,-0.278765,-1.155278,-0.070094,0
-2.126349,0.573399,-1.339335,0.320793,-0.463939,1
-0.824830,-0.325649,0.258800,1.319405,0.028979,0
-2.436999,2.257540,-0.572448,0.014527,-0.027989,1
0.504613,-0.886395,-1.812059,-0.665747,0.663570,0
-0.998030,-0.844373,-0.589773,0.771971,2.135275,1
1.950035,-1.320132,0.182818,-1.432034,-1.175610,0
-2.553837,-0.026099,-1.894479,0.123542,-1.211764,1
-0.079906,0.876739,0.596660,0.325953,2.941582,0
-1.578509,2.792550,4.338140,1.830585,-0.704038,1
-0.062900,2.260107,3.180299,-0.075260,-1.033017,0
-2.479522,1.577840,-1.616885,0.316355,-1.049975,1
0.565948,2.611899,-0.037206,0.277767,0.878446,0
-1.864225,-0.326799,0.745775,1.692537,-2.514972,1
1.313411,-0.020397,0.074291,-0.678974,0.662216,0
-1.829976,1.154937,-0.988533,0.983469,1.285655,1
0.929412,-0.687746,1.644123,0.951747,0.142741,0
-3.861457,-3.224226,-0.755232,-0.092512,2.535075,1
1.193109,-0.806919,1.127052,0.227152,-1.092545,0
-0.981669,0.461909,-0.858489,0.214816,1.762524,1
-0.064651,2.445473,-1.128613,2.936948,1.741845,0
-0.770858,1.250978,0.921585,-1.745382,1.236031,1
2.140164,1.652596,0.110694,-0.761772,-1.754897,0
-4.214817,0.252236,-0.746076,-3.360127,0.758680,1
0.268567,2.490374,-2.661820,0.983050,2.202990,0
-0.989958,-0.326787,0.934142,3.266460,-1.009018,1
1.569862,1.274218,2.282742,-0.056066,0.559419,0
-3.041831,0.671307,1.964334,-3.010582,1.414732,1
-0.990766,-0.817979,-0.724190,1.453335,1.589392,0
-2.288118,-1.050437,0.660678,4.173843,-0.702222,1
0.856586,-0.166872,0.802214,0.272087,-0.386856,0
-1.173016,-2.368688,0.766832,-0.899827,-1.218797,1
-0.297048,1.234793,1.679800,0.986128,-1.601933,0
-0.550026,-0.484702,-0.998261,-0.642667,-1.528528,1
1.811714,2.258615,-0.363181,-0.761709,-0.464297,0
-2.258948,2.087516,0.582438,0.248262,-1.850781,1
2.302345,-0.033407,-0.484019,0.855286,0.163023,0
1.341961,0.233201,1.537224,0.275859,3.439894,1
4.520368,0.501393,1.120282,2.728394,-0.936680,0
0.822819,-0.719355,-0.559592,-2.306952,1.307188,1
0.641141,2.716738,-0.793199,0.236507,1.330692,0
-1.505156,0.772809,1.724787,-0.710199,-0.162714,1
2.900098,0.459596,0.856490,1.551153,0.529354,0
-1.865493,0.082441,0.003234,-3.660838,-0.352668,1
1.282942,-1.710516,0.384055,-1.629681,-0.038186,0
-1.099488,0.280141,0.638783,1.664715,-1.810577,1
0.236866,1.364126,-2.105115,-0.844327,-0.928575,0
1.242374,0.521219,4.235455,0.176276,-3.086713,1
2.411958,-0.412976,-1.464179,-0.254126,-0.896391,0
-1.089165,1.580060,0.033633,-1.201485,-0.861295,1
0.574347,-0.367393,0.927443,1.777832,0.848599,0
-1.223854,0.183632,-0.780984,-0.813865,-0.656489,1
0.246421,2.703543,-0.588955,0.106641,1.532879,0
0.145569,-2.107615,-2.655762,-1.468388,-2.206855,1
1.359417,0.440279,-2.004232,-2.228840,-0.475125,0
-1.152445,2.009611,-1.202690,-0.846035,1.000010,1
0.339512,0.929213,-0.028565,-0.610288,-0.321598,0
-2.003268,2.304781,-2.178754,0.508794,1.881374,1
0.709133,-0.977154,-0.124661,2.094028,1.423727,0
-0.670163,0.963799,-0.396193,0.006559,-0.029986,1
1.507530,-2.176496,-0.106097,-1.795570,0.574364,0
1.212444,-0.141703,-0.699732,-0.905564,-1.656617,1
2.856647,-0.887817,-1.629898,0.844528,1.607251,0
0.815570,-1.254955,-1.571284,-0.333142,-0.596622,1
-0.057076,1.493908,-2.272861,1.599057,-0.401841,0
-1.911508,0.021805,-1.073948,3.331325,-0.181097,1
1.387304,-0.501416,0.016190,1.526118,-1.245677,0
0.109205,-2.614988,-0.322130,0.440812,-0.249645,1
0.559733,-0.054698,-1.032339,2.029580,1.043630,0
2.020187,2.250132,3.738289,2.368368,-0.661390,1
1.821358,1.320425,1.759481,-0.008221,-0.425333,0
-2.426250,-0.904950,0.332824,-0.610558,0.254704,1
2.612666,1.206239,-2.215036,0.102929,-1.235856,0
-0.147194,-4.569105,-1.182374,-0.032452,0.350019,1
3.620005,-0.496969,-0.439263,-0.865155,0.582358,0
-1.980640,0.538706,2.283670,-2.839959,-1.452385,1
-0.798581,2.750595,-0.023667,2.091501,1.062187,0
-5.403146,2.286339,1.596560,2.056540,0.477859,1
0.559907,0.019268,0.876496,-1.499092,1.933336,0
-1.716265,0.416326,2.060452,0.873256,0.429305,1
1.382616,1.765776,-2.849901,0.357686,0.055068,0
-0.149772,0.914737,0.775910,1.089088,0.159058,1
2.367764,-1.572083,0.731943,-0.722962,0.619877,0
-0.735739,-2.983611,-0.346174,2.213047,-3.452550,1
1.605727,-1.928120,0.827548,-2.307869,-1.171576,0
-1.127860,-2.537277,1.070086,1.801197,1.236910,1
1.523701,-1.233600,-1.257333,0.170649,1.041679,0
-1.369653,-3.171531,0.750940,0.638004,-1.248305,1
0.369355,-1.696157,-0.710145,-0.853016,1.788905,0
-3.580026,0.293823,-0.075679,-3.642350,-0.457468,1
3.630816,-0.767192,-0.832126,0.366630,0.278768,0
0.874996,-0.789135,-1.385540,0.124181,-0.385689,1
