0.548482,0.288047,-0.894120,0.113908,0.414572,-0.637540,0.262084,-0.996948,-0.142127,-1.069452,-1.924774,-0.027261,-0.164052,0.804897,-0.877836,-1.112071,0
-1.452198,1.510391,-0.559619,-0.858016,-0.657515,-0.368265,-0.868788,-0.118637,0.441108,0.509804,0.125286,-0.419556,1.577738,0.257963,-0.031695,-0.968047,1
0.858761,-0.269903,0.081434,1.130348,0.192632,-0.805145,0.842270,-0.407299,0.456174,0.764726,0.984819,-0.961174,-1.548736,0.693657,-0.760246,-1.774011,0
-0.534632,0.951364,-0.307311,0.126455,0.675613,-0.620102,0.434367,0.109198,0.045547,-0.360197,-0.283403,-0.210529,-0.751797,0.627820,-0.495132,-0.546291,1
1.038032,0.331742,-0.056545,-0.984364,-1.197615,0.335129,-0.704832,-0.005701,-0.868395,0.932689,1.109463,0.732946,-0.977984,-1.051553,-0.730022,0.859976,0
-1.623442,-1.379031,0.241150,0.733352,0.539229,0.865949,0.978391,0.256064,0.949033,-0.361225,-0.632811,0.274209,0.046581,-0.076562,-1.416869,0.238003,1
1.406355,-0.648354,0.433480,0.401295,-1.052008,0.041501,-0.207909,-0.308302,-1.116889,-0.319309,0.344949,0.341290,-0.130173,-1.208285,0.782364,0.811108,0
-0.144368,-0.015044,-0.930248,-0.109623,0.156149,1.841570,-0.681896,-1.459091,1.608072,-0.251721,-1.797873,1.085956,0.507055,-1.656648,0.169934,0.937018,1
0.021488,0.166538,0.567949,-0.413399,-0.359933,-0.311533,-0.146179,-1.002997,-0.698845,1.982252,0.282027,-0.445103,0.548603,-0.193857,0.963999,-1.451732,0
-0.947491,0.459230,0.068295,1.421629,0.195350,0.086162,-0.325803,-0.132222,-0.869977,-1.147334,-0.988055,-0.692080,-0.046447,0.177966,-1.256895,0.463413,1
-0.002305,0.146389,-1.389305,0.188316,0.350608,1.202209,-1.218781,1.338626,0.817254,-0.091532,-0.362992,-0.103623,0.814814,-0.089596,-0.294537,-0.090699,0
-0.644209,0.306576,0.139529,-0.855948,-0.661812,1.231483,-0.562498,-0.647667,-0.285412,0.394253,0.928135,0.264053,1.092973,1.042331,0.440573,1.482961,1
0.549050,-0.889335,0.318404,0.672963,-2.130039,0.515062,-0.404023,0.414350,1.519536,-0.508904,0.924311,1.795436,-0.711222,0.155485,0.757956,0.557996,0
-2.030380,0.053450,-0.866689,0.233791,0.273365,-0.292976,-0.690690,0.087818,-0.137818,-0.450510,-0.715746,-0.326074,-0.522692,0.592705,-0.131667,0.646169,1
1.058496,0.167597,0.920472,0.405514,0.694165,-0.096924,-0.307827,0.490259,0.500533,-1.049124,0.534464,-1.873763,0.011581,0.105196,-0.008484,0.451115,0
-0.145041,1.022293,1.360516,-1.742884,0.643591,0.861093,1.076362,-0.726839,0.228088,-0.080598,0.239703,0.570476,0.598340,-0.660148,0.425905,-0.597285,1
0.339754,0.214619,-0.362076,2.059013,-0.456538,-0.444237,-0.499339,0.915870,0.344556,-0.308566,0.088182,0.071564,0.829922,1.374159,0.020895,-0.590232,0
-2.061856,0.220262,1.549559,-0.508182,-0.184858,0.032799,-0.046340,0.658746,0.362250,0.728279,-0.966334,0.404497,-0.113300,0.102240,-0.433740,-0.126808,1
1.487432,0.092579,0.329981,-0.172401,-0.013948,-0.420538,0.218525,-0.581409,0.325111,-0.071907,-0.385673,1.118798,-0.175341,1.027353,-1.683352,-0.289450,0
-2.742637,-0.675518,-0.865513,1.137974,0.458191,-0.477904,0.963077,0.538671,0.281705,-0.821353,0.287396,-0.149804,-0.548850,0.662269,0.548655,0.270983,1
0.739804,0.680429,0.271404,-0.484411,-0.527873,-0.456179,0.025230,-0.368285,-0.215313,0.840104,0.525194,0.194330,-1.289712,1.009696,0.076614,-0.562547,0
-1.756294,0.123220,-0.000341,1.219135,-0.557955,-0.732388,0.009205,-1.243577,-1.589935,-0.251744,1.175595,0.458737,-0.351929,0.514389,-0.774184,-0.265674,1
0.377170,-0.918551,-0.938860,-1.005873,-0.622865,0.134786,0.598753,-0.626870,0.292113,-0.568426,-0.775979,-1.412276,-0.822953,-1.056775,0.674622,-0.401095,0
-3.223687,0.022046,-1.407781,0.247503,0.199692,-1.420245,0.248189,0.806357,0.090355,-0.584516,-0.500757,-0.037933,-0.761317,-0.122692,-0.255723,-0.152371,1
1.078439,0.173729,-0.866943,-1.406237,-0.824274,-0.045214,0.159578,0.425796,0.750587,0.143519,-0.862379,-0.220468,-0.642387,-0.542986,0.099957,-0.090786,0
-0.628737,0.238836,-0.464083,-0.787311,-0.015119,0.134734,0.348083,-1.479489,-0.436980,0.428770,0.319774,0.216492,0.899275,-1.290026,-0.086847,-0.253525,1
0.988864,0.108288,-0.592059,-1.419027,1.176175,-1.142865,-0.739187,0.538005,-0.148763,0.953399,0.155277,0.355437,-0.814237,-0.235574,1.777006,0.208863,0
0.245644,-0.819842,-0.946012,-0.253514,-0.739532,-0.218131,-0.815360,-0.610033,0.557108,0.027300,0.795797,-0.308511,0.904183,-1.837906,-1.148783,-0.374736,1
0.794499,0.287335,-0.214670,-0.606329,-0.447722,0.439623,0.600624,-0.256300,-0.036188,-0.173010,-1.171896,-0.270400,-0.554336,-0.213272,1.224998,-1.635281,0
-2.153841,-0.414160,0.098536,1.065108,0.210923,1.621771,-0.413154,-1.464244,-1.695580,0.545353,0.908270,0.540264,1.064320,-0.042529,-0.920752,0.732435,1
1.482367,-0.389565,0.313896,-0.318175,1.210402,-0.808587,0.968865,0.025559,-0.711532,-1.511689,0.648721,-0.985212,0.415310,0.674272,0.028337,0.298091,0
-2.042135,-0.349748,-0.691038,-0.732506,-0.028423,1.032553,-0.643307,-0.091948,-0.500099,0.069033,0.879933,1.122480,-0.283244,-1.001447,-0.283003,-0.440045,1
0.473707,0.412565,0.039735,0.571038,0.503023,-0.101301,-0.900338,-0.525931,-1.673052,-0.109379,0.004817,-0.176339,-0.154692,-0.700394,-0.165636,0.653315,0
-0.185133,1.384429,-0.725148,1.020248,-0.172015,-0.027712,0.458753,1.188025,1.480901,-0.387396,-0.038001,0.185505,0.074147,0.879380,-0.797348,-0.402971,1
1.702360,-0.248418,-0.248846,-0.672481,1.115139,0.223312,0.632581,0.310704,0.791192,-1.372024,0.123832,0.014229,1.454508,0.492343,-0.283028,1.935562,0
-0.593036,-0.746779,1.011264,-0.882000,-0.030382,0.601153,0.417949,-0.010746,-0.072932,0.872796,1.110265,-0.490180,1.269180,-0.519610,-0.639438,0.508907,1
1.103211,0.346016,-0.856145,-0.759259,-0.042442,0.476127,0.526677,-1.067358,0.045900,-0.297874,-0.464603,-0.392170,-0.319861,0.686163,0.936579,-0.198278,0
-0.316816,1.143989,-0.027420,0.552511,-0.449603,1.843366,-0.010252,-1.473013,-1.646586,-0.722683,-0.992616,-0.766185,0.552252,0.180475,0.380044,0.581107,1
1.148452,-0.525684,2.392112,-1.113493,-0.349677,-0.151534,0.532585,0.246006,1.318097,-0.281765,0.919491,0.170303,0.270056,0.569937,-0.151299,1.798716,0
-0.389977,-0.215106,-1.333019,1.426440,-0.468372,1.505121,-0.807867,-0.666690,-0.940133,-0.669533,-0.200122,-0.899055,0.727604,0.568784,-0.178842,-0.087110,1
1.310198,0.623043,0.186952,0.806022,0.159348,0.901452,0.011050,-0.970976,0.158182,0.009362,-0.700752,-0.117624,0.122543,-0.112133,0.221584,-0.834596,0
-0.829838,0.263210,0.468165,0.090015,-0.436212,0.176903,-1.845861,0.980558,-0.246343,1.000802,-0.254616,-0.950007,-0.894721,0.548365,-0.765401,0.870322,1
1.618112,-0.170054,0.428553,-0.345400,-1.264441,0.624613,0.790841,-0.273933,0.087065,0.613772,0.032561,-1.315580,-0.554126,-0.009051,1.254799,-1.473851,0
-0.441632,-0.353095,0.287707,-0.099849,-0.970955,0.122253,-0.306957,0.423918,0.236691,0.099276,-0.397652,-0.915671,-0.901496,2.329863,0.179870,-0.454798,1
-0.286887,0.119106,-0.256088,0.539361,-0.868800,-0.838351,-0.777037,0.089011,0.154224,-0.526448,-0.019880,0.210367,1.091075,-1.134941,0.282745,0.205276,0
-0.774962,0.293797,-1.471884,0.253385,-1.005378,-0.699731,0.018553,0.491426,-1.427042,-1.858421,-0.229140,-0.765711,-1.017798,1.238240,-1.217377,-1.029687,1
1.712754,-1.157398,0.464442,-1.345075,-0.803965,-0.688197,-0.030557,-0.713358,-0.191565,0.116535,1.481076,-0.021314,1.133337,0.176783,-0.347414,0.265294,0
-2.248744,-0.461623,0.295188,-0.517297,-0.046448,-0.695222,-0.638306,-0.449563,-0.161574,0.519307,0.221321,-1.289784,-0.155076,-0.713910,0.367274,-0.126847,1
0.579256,-0.302509,0.168173,-0.244854,-1.124535,0.222111,0.237163,-0.798708,-0.877487,-0.426684,1.028359,-0.419833,-0.865401,0.357136,-2.909669,0.384903,0
-1.310819,0.908899,0.458727,-0.561499,0.864612,-0.096749,0.370356,1.319135,-0.377452,-0.083070,-0.045879,0.634580,-0.996707,0.526139,1.095971,1.163629,1
-0.031054,-0.266817,0.080514,0.086159,-0.601442,0.221577,0.588058,0.308572,0.721535,-1.242989,0.368670,1.415688,-0.556373,0.820099,-0.527061,-1.075371,0
-1.413765,-0.019151,1.420347,-1.815185,0.302742,0.524361,-0.738111,-0.665744,0.136080,0.404493,-0.191864,-0.575502,-0.276280,0.325437,1.019411,0.999384,1
1.098832,0.595432,0.532176,0.170773,0.665756,0.785885,0.262655,-0.585547,-0.697387,-0.023462,-1.182008,-0.518623,1.593638,1.348547,-0.328487,-0.477789,0
-0.611460,-0.000496,-1.088245,-0.628081,-0.562562,-1.109741,0.189086,0.520779,-0.440873,-1.437881,0.119317,0.372288,0.188410,-0.734620,0.098553,-0.878864,1
1.014331,0.189583,0.265222,-0.864740,0.332882,-0.369875,-0.671540,-1.010072,0.504218,-1.358037,0.555649,-0.614995,0.076285,-1.674658,-0.079622,-0.247347,0
-1.748179,-0.437129,-0.731585,-0.223544,-0.975435,-0.615390,0.620121,-0.156024,-0.167915,-0.195723,1.546648,0.094865,0.271440,-0.705609,0.952304,0.846771,1
1.414284,0.386410,0.500446,-0.395117,0.227145,-0.599238,-0.712013,1.199605,0.307786,0.057052,0.477215,0.696318,-0.150083,-0.057261,1.382359,-0.336519,0
-1.222900,-0.607067,0.263923,0.227119,-0.465760,0.514788,0.276116,-0.216412,-1.009688,-0.404606,-0.569619,-0.159432,-0.621875,0.810595,1.422902,0.237662,1
1.331425,-1.222764,0.635768,-0.000349,-0.160485,-1.881922,-0.705744,0.847596,-0.425467,0.813553,0.607693,0.474786,-0.977397,-1.579406,1.081101,0.320808,0
-0.200199,0.716572,0.909780,-0.220294,-0.537419,-0.172597,-0.211875,0.516990,-0.670422,0.241142,-0.465350,0.636088,0.880191,0.451516,0.502877,-0.388934,1
1.391932,-0.022697,1.222094,-0.415307,2.465824,-0.444641,0.319197,1.121277,0.416797,-0.742282,-0.073081,-0.403785,-0.618133,0.854233,0.473724,0.629763,0
-0.937686,-0.567616,0.074715,0.004112,-0.821745,0.237274,-0.266216,-0.775973,-0.170833,0.169827,0.364731,1.539565,-0.662318,0.172126,0.154306,0.717198,1
-0.918523,0.503614,-1.446262,-1.079979,-0.761238,-0.211154,0.102588,0.316062,-0.017509,-0.336371,-0.431895,-0.604677,0.256879,0.404923,1.144982,-0.552875,0
-1.537284,-0.570758,-0.322906,-0.335182,-1.920643,-0.297832,-0.964766,-0.140475,0.503590,-1.492643,0.950948,0.472377,-0.433616,-0.097049,0.787174,-1.008420,1
-0.188594,1.703700,-0.152085,-0.020650,-0.737859,-0.156376,0.145695,-0.793472,0.854768,-0.425131,-1.757547,0.100585,0.000078,-0.391450,0.228609,-0.646935,0
-1.703824,0.611356,-0.349690,0.884390,0.162291,-1.017945,0.291110,-1.082409,0.074839,-0.253592,-0.066860,1.044985,0.225089,0.741059,-1.159296,-1.520403,1
0.239021,0.859907,-0.073245,-0.415674,-0.081991,-0.402314,1.118174,-0.697471,-0.292441,2.123602,-1.073500,2.111163,0.803235,0.422605,0.466568,0.492982,0
-0.151763,-0.464816,-1.561407,-1.503668,-0.664056,-1.291331,0.786413,-0.648546,-0.619923,-0.709463,-0.835377,2.165201,0.473203,-0.854209,-0.768614,0.526914,1
0.990549,1.234858,-0.449516,-0.712772,-0.323053,-0.469462,-0.212527,-0.373747,0.699005,-0.040124,-1.581714,-0.347312,0.334747,-0.884403,0.253214,-0.457610,0
-0.858644,-1.225665,-0.807128,0.694237,-0.104635,-2.461489,-1.349470,-1.489431,-0.908798,-0.064863,1.346486,-0.931382,0.357198,-0.299799,-0.639613,-0.612688,1
1.971283,-0.312673,-0.574851,-0.977020,-0.186634,0.508473,0.660270,1.085576,-0.318066,0.016405,0.422445,-0.747253,1.475174,0.363045,0.096780,0.196950,0
-0.529133,0.017874,-0.526809,0.885517,0.687958,-0.220191,-0.392013,-0.371928,-0.786646,0.311684,-0.304419,0.932527,0.357884,-0.633816,0.619026,-0.266129,1
0.543467,-0.493216,-1.483973,-0.224395,0.186845,-0.374820,0.546498,-0.219548,1.415354,0.328362,-0.752463,0.384720,-1.162941,-0.001647,0.190324,-0.587044,0
-0.614131,0.770233,0.028049,1.462428,-0.050222,1.117030,-2.317540,-0.328978,0.193796,0.964700,0.583206,-0.505984,-0.210220,0.339986,-0.273242,1.401350,1
0.615477,1.076550,0.434106,-0.305681,0.100209,-0.399748,-0.723556,0.449942,0.125178,0.925763,0.508643,-0.348248,-0.995632,-1.570500,0.444337,0.802053,0
-1.520260,0.372746,-0.406727,-2.294966,-0.504657,0.504668,-0.786439,-0.774624,0.141706,0.831872,0.388916,-1.173645,0.248209,0.880141,-0.957708,1.668916,1
2.077553,-0.350687,-0.717950,0.036309,-1.027400,-0.127574,-0.718117,-0.377115,-0.493461,-0.173831,0.807913,-0.477094,0.738847,0.454024,-1.588225,0.964452,0
-0.340199,0.040925,1.057912,0.215317,-0.870390,-0.422815,-0.404164,-0.014357,0.827287,1.056225,-0.804111,-0.285026,0.276659,0.101421,0.247733,-1.865477,1
0.224759,-0.452971,-0.231987,0.687012,-0.414361,-0.366574,-0.836369,0.706597,-0.156195,0.138543,-0.014760,0.129384,1.228912,0.411270,-0.384320,-1.601324,0
-2.231520,-0.872958,0.600708,0.462373,-0.990806,-0.918092,-0.674398,-0.234567,-0.082879,-0.319557,-0.445141,-0.446198,-0.394996,-0.657950,-0.599729,-0.637138,1
0.668231,-0.354366,0.029721,0.916789,-0.226522,-0.182136,-0.301606,0.741077,1.784395,0.217660,-0.401623,-0.444602,-0.424819,0.307257,1.034384,1.896445,0
-2.508759,0.381409,-0.580002,0.486507,0.513760,-0.686598,-1.587275,0.477902,0.731517,-0.928682,-0.335517,1.574960,-0.968129,-0.419018,-1.415435,0.392203,1
1.928556,-0.821563,-0.396243,-1.984760,-1.432283,1.305635,0.185803,0.282017,-1.258763,0.761760,1.204664,-1.382241,0.650085,-1.102431,-1.196251,0.176934,0
-1.374628,-0.338652,-0.367646,0.233734,-0.917423,0.898010,0.902747,-0.889846,0.295181,0.205063,-0.130982,-1.206603,-0.061451,-0.419886,1.290440,-0.565638,1
-0.107273,-0.388572,0.284137,0.251788,0.881085,-0.624300,-0.498631,-0.542445,-0.373949,-0.291373,-0.246202,0.604621,-0.376775,0.722155,0.123430,0.553810,0
-1.045532,1.609813,0.322485,0.166041,0.474674,0.568244,-0.303897,0.280934,0.298105,0.658934,0.103688,-0.812145,-0.490454,-0.845724,1.090462,-2.007425,1
-0.751738,0.423974,0.690647,-0.673801,0.194863,-0.535222,0.380117,-0.194361,0.760643,0.184849,0.206557,-0.706736,1.059860,-0.150037,-1.406960,0.994845,0
-1.731974,-0.072532,0.043881,-0.580121,-2.114713,-0.569326,0.532500,0.007074,-0.801540,-0.472389,0.734217,1.508611,-0.242886,0.498722,0.944686,0.421476,1
2.589005,-0.188772,0.437285,-0.619640,0.957636,-0.439717,-1.377164,0.462413,0.234796,0.312973,0.442106,2.385529,0.494720,-0.555974,0.981706,-0.835220,0
-1.260634,-0.937819,2.312645,0.579836,1.011807,-0.120120,1.314126,0.902841,0.854620,-1.907266,1.586412,-0.619581,-0.426776,-0.733624,-0.553537,-0.634818,1
0.504360,-0.494334,0.774701,-0.303517,0.475273,-0.000327,0.018975,-1.904598,0.056686,-0.752121,0.178031,-0.456476,1.189323,0.272455,0.107953,-0.952302,0
-1.487168,-0.930702,0.147141,-1.002248,0.355795,0.129280,-0.706299,-0.257479,-0.056683,0.112306,0.087869,-0.470042,-0.468278,-0.298134,-1.594849,-0.169827,1
1.675134,-0.174013,1.329784,-0.318960,0.700457,-0.649529,-1.317394,-0.685917,0.806404,-1.004086,-0.620211,0.363279,-0.421140,0.739387,-0.323958,-0.320620,0
-1.642505,-0.036352,-1.050819,-1.260633,-0.501379,-0.140308,-0.837353,0.033854,0.426873,-0.617702,0.651563,-0.107156,0.937774,-0.467940,-0.081153,0.179610,1
1.880074,0.553857,-0.159400,-0.082760,-0.357475,0.683892,-0.243510,0.112402,-0.190591,-0.796942,0.757717,-0.480752,0.112038,0.830089,-1.596133,-0.123884,0
-1.528324,0.278410,-0.836581,1.914505,0.912397,-0.319465,-0.470945,0.291219,0.803962,-0.018822,1.108847,1.795318,0.124207,-1.255804,-0.726659,-0.023176,1
0.965078,-1.867754,0.256632,-0.251533,0.456965,-1.309331,-2.105675,1.287356,-0.345928,-0.241528,-0.732289,-0.168705,0.258318,0.858640,-0.690048,-0.870626,0
-1.146393,-0.366323,0.542591,-0.584691,0.891343,0.283383,0.042325,0.590520,1.097480,0.029349,-0.426306,-0.041665,-1.054605,-0.962523,-0.154126,-0.327318,1
0.729435,-1.490777,-0.120825,0.682894,0.410419,-0.295593,-0.046312,-0.223884,-1.169203,-0.192680,0.228172,1.317288,0.324147,0.081761,0.933876,-0.479517,0
-0.389770,-0.931293,1.013553,1.000738,-0.479233,-0.309300,-0.901300,-0.944962,-0.094934,-0.047081,0.496072,-0.023862,0.697594,0.407550,-1.151195,-0.851777,1
-0.079585,-0.472664,0.347159,-0.717863,-0.420369,0.825609,-2.240187,0.635559,0.272614,0.285594,-0.367704,-0.080333,-1.011553,0.314248,0.791402,-1.623409,0
-1.397739,0.408355,0.059841,0.666054,0.052431,0.323431,-0.545339,2.637690,0.136602,1.160005,0.442967,0.894389,1.129219,0.153811,0.108734,1.704359,1
2.533779,0.100031,0.787907,0.990387,-0.646574,-0.627996,-0.520041,0.313032,0.577833,0.800168,-0.499381,0.946783,0.185514,-0.181017,-0.195665,0.105485,0
-0.169282,0.738029,-0.553608,-0.423407,-0.405562,1.701071,-0.737170,-0.216811,-0.407303,-0.430840,0.897300,0.003521,-0.982054,0.482902,1.133759,-0.987422,1
0.758118,-0.170066,-0.136464,-0.462349,-0.425611,-0.776006,0.054230,-0.570681,-1.707905,-0.538023,-0.246971,0.230483,0.284474,0.564728,0.324898,0.313164,0
-2.381528,-0.537436,0.709174,-0.014189,-0.424201,-0.243440,0.535114,0.328101,0.304776,1.471898,-0.787942,-0.486628,-0.447125,0.867749,1.309010,0.671368,1
1.453346,0.173740,0.461332,-2.273005,-0.536658,0.551188,0.332055,-0.671771,-1.119370,-0.004046,0.035621,-0.490192,-0.450350,0.775013,0.527362,0.932153,0
-0.851523,-0.406993,-0.504023,-1.027939,0.519547,0.130361,-0.644746,1.248777,-0.129694,-1.520502,0.321555,1.742966,-0.504358,-0.062843,0.449563,-0.463748,1
0.623345,-0.028110,0.477058,-1.417178,-0.117058,0.764050,-0.867818,-2.249456,0.189260,0.581213,-0.066408,0.145560,0.179456,-0.263779,-1.135279,-0.671368,0
-0.251664,-1.432424,-0.220036,0.003710,-0.271392,-0.997389,-0.323242,0.102904,0.400692,0.422990,-0.117360,0.430566,0.175472,0.911973,0.558478,-0.199547,1
1.046225,0.375621,0.205452,-1.116665,-0.130641,-0.479973,-0.175038,-0.289367,-0.639815,0.423797,0.646143,1.887570,0.363313,0.581430,-0.370852,-0.211018,0
0.268623,-1.316855,0.395803,-0.501205,-0.232762,1.584025,-0.210806,1.421036,-0.037067,0.769335,-0.666098,1.935955,-1.683972,-0.662777,-0.418804,-0.033686,1
0.937240,-0.219394,-0.018570,0.262586,0.178433,-0.756439,-0.635055,-0.007738,-0.566446,0.000993,0.377564,-1.069129,1.501581,-1.450655,0.161147,-0.403723,0
-0.217529,0.192990,-1.042408,-0.413319,-0.202315,-0.092455,1.366900,-1.496550,-0.048030,0.202936,-0.573261,-0.323172,-0.874727,-1.231325,-0.685169,-0.899522,1
0.672348,0.753671,-1.368954,0.472903,0.703649,0.046100,-0.029660,-1.245911,-0.002291,1.395421,-0.050439,0.347244,0.964458,-1.021668,-0.239073,0.635392,0
-0.420545,1.398929,-0.685759,-0.368289,0.335427,1.501615,0.378115,-0.554240,0.883155,1.131520,-0.043441,0.657319,0.178413,0.819059,0.466319,-0.515107,1
1.151304,-0.907114,0.176366,-0.524768,0.660852,-0.876073,0.129275,-0.451492,0.542671,-0.051964,0.436191,1.018669,-0.244148,0.133882,-0.105041,-0.316519,0
-0.841197,0.622176,0.958143,0.249581,-0.141049,-0.311888,-0.328937,0.145391,0.038249,1.063207,-0.555032,-0.030883,0.432702,0.643664,-0.334420,-0.045538,1
1.058994,1.418087,0.315882,0.748025,0.130771,1.707880,0.536153,1.005942,0.919978,-0.557891,-0.458970,0.643581,0.271206,0.201170,-0.530924,0.453357,0
-1.518935,1.196696,-0.358749,-0.150194,0.880742,0.352642,-0.180475,-0.227680,1.503893,-0.408608,-0.628120,1.081578,-1.233006,0.206218,-0.262038,-0.526514,1
1.074663,0.034593,0.198360,0.608258,-0.752931,0.997795,0.143082,0.749746,0.174105,-0.077986,-0.353265,0.304526,1.018949,0.312077,-0.144980,1.630055,0
-0.813127,-0.757214,0.975136,0.168669,0.443739,-0.067950,-0.411088,-0.422510,0.410895,0.939384,0.341065,0.008606,-0.290192,0.687440,-0.120921,-0.617695,1
-0.167017,-0.230392,0.529095,0.078678,0.417167,0.734540,-0.647037,0.718593,0.225375,0.904227,0.224764,-0.391198,0.600501,-0.083445,0.459172,0.218816,0
-2.049378,-0.486166,-0.338794,-0.121326,0.545209,1.189334,0.203752,1.268178,0.537687,0.033898,0.828773,-1.340549,0.692441,0.044017,-0.309236,1.583382,1
1.804245,0.750207,1.176710,-0.156440,-0.277186,0.181741,0.175011,0.576811,1.744050,-0.003822,-0.813975,0.044953,0.125835,0.714620,-0.442558,0.442194,0
-0.138629,0.204477,1.057454,-1.236355,0.643515,1.271687,0.038753,-1.302381,0.097369,-0.661814,-0.471746,0.389977,0.441871,-0.383412,0.679183,-0.898080,1
0.514022,-0.679816,0.908716,0.043936,0.602433,-0.705927,-1.347187,0.121692,0.227377,0.430885,-0.073175,0.536604,0.633759,-0.075591,0.619740,-0.814777,0
-1.875389,-0.697049,0.097868,0.029167,-0.387650,-0.867122,-0.054632,0.460456,0.098760,-0.791927,-0.005811,1.663974,0.109436,-0.490693,0.734828,0.728520,1
1.724478,-0.364915,-0.246833,-0.331276,1.037152,-0.447530,-0.546021,0.164242,-0.438983,-0.796812,0.627840,0.234659,-0.466203,0.553410,-0.242228,-0.050413,0
-1.428130,0.822716,-0.412701,-1.407964,0.350878,0.413549,-0.676510,0.260405,-0.014703,-0.605475,-0.776962,-0.038024,0.164450,-1.641242,-0.964189,0.465893,1
0.153409,0.077783,0.735693,-0.516642,-0.005282,1.282063,0.093130,-1.297563,0.185457,0.971168,-0.264756,-0.311668,-0.571280,1.290903,0.519012,-1.293732,0
-0.870262,-0.942422,-0.041082,0.672693,0.496553,1.092059,1.073527,0.197171,-0.023681,0.302333,-0.947471,-0.477565,-1.004445,-0.808583,-0.317347,0.589240,1
-0.293363,-0.708471,0.040139,-0.919542,-1.407393,-0.529700,-0.163783,1.225491,0.631750,0.971565,-0.742322,0.109893,0.933659,-0.222495,1.594363,-0.079794,0
-1.297748,0.153898,-0.975318,0.380358,0.197630,0.050032,-0.609097,-0.441800,-0.470610,-0.917625,-0.175384,0.025378,-1.129534,-0.575836,0.314620,-0.475220,1
-0.356259,0.702949,0.758100,1.081745,-0.836507,-0.984175,-0.125966,-0.641715,1.040368,-0.298718,-0.062596,-0.006070,0.388668,-0.877090,0.646165,0.301818,0
-1.441251,0.396548,-0.925128,0.969047,-0.768651,0.115344,-0.278828,-2.121960,0.635545,-0.614842,0.937312,0.628972,0.981663,-0.031573,-1.164610,-0.956920,1
2.893706,-0.457059,-0.168527,0.718576,0.417760,-0.683131,1.006081,-0.258381,0.621565,0.455276,0.288593,0.014667,-1.126003,0.426150,-0.418540,-0.267082,0
-0.721292,0.640489,0.203067,-0.046484,-0.144986,-0.287977,0.495615,0.465329,0.806781,0.597621,-0.493292,-0.511539,-0.298591,-0.249702,-0.167857,-0.067768,1
1.529182,-0.046409,1.815974,0.062510,0.811091,-0.574365,-0.551992,0.210695,1.307406,-0.709296,0.379099,0.349760,-0.074854,-0.117322,-1.066584,-0.774570,0
-0.194459,-0.686537,-0.464669,-0.434838,-0.075690,-0.392012,-0.179319,-0.463079,-0.250500,1.094551,1.781652,0.670126,1.280044,-0.316288,0.554004,0.037989,1
1.831712,-0.200296,-0.883977,0.145109,-0.123130,0.661146,0.337029,-0.731026,-0.050675,0.411375,0.269586,0.055987,0.825763,-0.764335,0.577612,0.773321,0
-1.511283,-1.177740,-0.974100,1.913934,-0.213399,0.386340,0.406144,-0.326460,0.348574,-0.190286,0.340849,-1.120987,-1.101279,0.507791,-0.401251,-0.174012,1
1.458159,0.250184,0.187468,-2.314405,0.267062,-1.401718,-0.220878,-1.788562,-0.375697,-0.028117,-0.577020,-0.975878,0.151481,-0.408130,0.079031,0.287595,0
-1.846178,-1.089776,0.139663,0.665259,0.237679,-0.881517,0.938381,-0.979180,-0.321061,0.140290,1.089849,0.264611,-0.487917,-0.521105,-0.968356,-0.802381,1
0.960340,-1.184182,-0.850335,-0.067794,-0.194921,0.091040,0.716001,-0.784767,-0.688765,-2.248173,0.501715,0.532848,-0.375723,-0.665895,-0.577488,-0.793706,0
-0.575215,0.562246,1.757589,-0.362551,-0.917749,-1.548034,0.808281,-1.922591,1.143143,1.758691,-0.596407,0.578949,-0.411075,0.791122,0.006250,-0.076121,1
1.064376,-0.220981,-1.683223,0.337866,-1.395595,0.196187,1.022398,-1.214197,0.513851,1.765075,-0.140536,1.155372,-0.300802,-0.123005,0.543442,0.181628,0
-1.514379,-1.106684,0.636470,-0.906880,0.404974,1.139857,-0.371328,0.661321,0.616684,-1.197645,0.214237,0.922397,1.987722,1.651293,0.718857,0.890563,1
0.643735,-0.814891,0.923644,-0.743442,-0.388887,1.866781,0.155888,0.301683,0.292639,-0.160694,-0.063500,-0.424934,0.381536,-0.712233,-0.085135,-1.065811,0
-1.390880,-0.306934,-0.654251,0.503671,-1.216536,0.397883,1.013378,0.081295,-1.016056,0.083905,0.327321,0.920012,0.391870,-0.840264,-0.492298,0.473409,1
0.796424,0.236772,0.592471,-0.048610,0.888441,-0.439859,-0.895365,-0.436549,0.141732,-0.315256,0.382345,0.286553,-0.622810,-0.489488,-0.809433,-1.024331,0
-1.223136,0.150770,0.969134,-1.032009,1.301308,0.604418,-0.082845,-0.312707,0.239864,0.882244,-0.481036,-0.170222,0.331391,-1.382234,-0.101859,0.022087,1
0.663641,-0.737284,0.702935,-0.737812,-0.926036,1.894683,-0.309050,0.298996,-0.187557,1.466907,1.070411,-0.689702,1.495641,0.971429,0.274470,-0.481977,0
-1.181998,-1.129543,0.172543,-0.257560,-0.693334,-1.315514,-0.393882,-2.136570,0.911918,-0.216597,-1.088056,-0.384904,-0.614773,0.686124,1.454508,1.492212,1
1.273873,0.177364,-0.295228,0.150071,-0.039894,0.948482,-0.085401,-0.745235,1.292004,0.364124,-0.268339,-0.003964,-0.750213,-0.851284,-1.073792,-0.600415,0
-0.212964,-0.339902,-1.204864,-2.047760,-1.142292,-1.556601,0.880125,-0.264339,0.152035,-0.783072,-0.876824,-1.354032,-0.677172,0.274011,0.673016,-1.133945,1
0.983138,-0.091272,0.599331,0.016508,-0.478513,-0.085547,0.732009,-0.502795,-0.687261,-0.263165,0.776630,0.202544,-0.607383,-1.766297,-1.175673,0.158334,0
-2.100889,0.695051,-0.691455,-0.125546,-1.441503,-0.356056,0.501365,-0.605682,0.119497,0.646306,-1.115103,0.751993,-0.051559,-0.233521,0.331806,0.074070,1
1.712421,0.782976,-0.503774,0.034357,-0.390983,-1.220077,-0.322583,-0.065267,-0.254732,-1.600576,-0.405992,1.417615,-0.559578,-0.114846,0.074670,-0.922201,0
-0.878626,-0.673953,-1.459897,-1.730669,0.456333,0.939281,0.351799,0.828431,-1.753052,0.990182,-0.988365,0.754025,0.499902,-0.774835,-0.769215,-0.599354,1
1.558717,-0.243961,-0.479909,0.984874,0.198109,-0.733240,0.135927,0.314778,-0.166461,-0.470860,0.253608,-0.525517,0.258246,-0.365766,-0.545162,0.014843,0
-0.885076,-0.261614,-0.203327,0.675020,-0.423573,0.268737,0.443163,-0.035069,0.221595,-0.199939,1.072426,-0.411837,-0.467786,0.054959,-0.995283,1.642644,1
0.712641,-1.364425,1.055522,0.159508,0.343994,-0.370063,-0.170567,-1.394297,-0.778121,-0.285293,0.653562,1.137290,-1.019200,-1.136271,0.923833,-0.925948,0
-1.367594,-2.038756,-0.660753,-1.031342,-0.329357,-0.198392,-0.575823,0.327734,-1.642895,0.816084,-0.971387,0.445177,-0.051962,-0.042799,0.998762,-0.894966,1
1.975396,0.486438,0.504668,0.365309,0.798238,-0.042392,0.413849,-0.233071,0.065594,-0.821161,-0.438587,0.094764,-1.122503,-0.655224,1.318996,0.905214,0
-1.143484,0.097682,-1.206719,0.395574,1.063842,0.185479,-1.254840,1.005145,-0.462515,-0.711621,0.447361,-0.721268,-0.343325,1.856940,0.933886,0.360308,1
1.104691,-0.232127,0.111139,-0.139163,-0.985861,-0.722476,1.174392,0.802048,-1.412002,0.038243,0.197256,0.279751,-0.506360,0.458047,0.105320,-0.246334,0
-1.212061,-0.519887,0.463194,0.104699,0.549055,2.045695,-0.583965,0.137823,1.256527,-0.455113,0.398411,0.044431,1.068362,-0.016990,-0.198316,0.524375,1
1.027690,-0.278381,-0.172094,0.352675,-0.105128,0.863745,-0.610276,0.347084,0.975431,0.247822,-0.424098,0.111412,-1.767126,-0.151355,-0.790975,0.774836,0
0.128950,-2.001240,-0.755718,-0.346398,-0.385759,0.221701,0.548261,0.303837,0.090859,0.384820,0.373277,0.147634,-0.705979,1.524202,0.664221,-1.906633,1
1.017161,-0.065284,0.306035,0.078489,0.436891,-0.128597,0.860780,-0.165151,-0.101756,0.547269,-0.899327,-0.888981,1.200786,-0.349484,-0.247842,1.262198,0
-0.446440,1.266673,-0.175655,0.076220,-0.246129,0.207907,1.047497,0.503878,0.408633,0.690323,-0.654212,-0.461005,0.384804,1.296295,0.756782,0.132859,1
2.321222,0.973544,-0.192017,-0.311033,-0.819752,1.019414,0.752917,-0.631350,-0.561071,1.376976,-0.773023,1.160255,-0.193326,1.113372,-0.747588,-1.109811,0
-0.340090,0.016161,0.802080,-0.349383,-0.037736,0.596849,0.090313,-0.797755,0.957252,-0.756427,0.472300,0.497389,0.625224,0.246709,-0.660592,0.618912,1
0.398635,0.813903,-1.362268,0.486449,1.352705,-0.033892,0.749361,-0.745888,-0.349414,0.427881,-1.119873,-0.779284,0.599471,-0.209088,-0.307154,-1.241683,0
-1.814887,-0.199342,0.424442,2.765505,0.458964,0.417351,-0.611541,-0.170646,0.050126,-1.496823,-1.077121,0.228909,-1.941462,-0.835258,0.461414,0.120461,1
1.809508,-0.637033,-0.251831,-1.000667,-0.178542,-0.342236,-0.363058,0.391547,-0.688001,-0.779680,0.132755,0.333067,-0.606134,-0.956382,-0.435206,-1.368608,0
-0.812268,-0.610135,-0.875270,0.187096,0.172927,-2.038689,0.812599,0.751854,0.470348,-0.971234,0.718706,0.741091,-1.179858,-0.185745,1.414251,-0.048128,1
2.224598,0.769625,-0.254609,-0.076759,-1.146129,-0.340713,-0.024635,-1.206629,0.140771,0.866177,-0.686562,0.970618,0.556977,0.619394,0.240581,0.394649,0
-1.309657,-0.590025,0.448035,-1.001618,0.373451,-0.669683,-0.621974,-0.192358,0.407801,-0.270838,0.714118,-0.804075,-0.390845,0.062931,1.379862,0.466756,1
0.520990,0.918412,0.140796,-0.034253,-0.132453,0.015270,0.482570,-1.184293,0.533756,1.171978,-1.239850,0.656370,0.228466,0.160889,0.468989,-0.585386,0
-1.314633,-0.341859,-0.532040,-0.832165,-0.614808,-0.454158,-0.156699,1.271283,0.474159,-0.155665,0.054536,-0.778667,-1.026646,1.007031,0.462968,0.271498,1
0.354281,0.946841,0.202879,0.127335,0.369108,0.724098,-1.069234,0.632654,-0.977786,-0.165722,0.049420,1.669827,0.358026,0.653637,0.090912,1.407942,0
-0.654350,0.385092,0.865159,0.897849,0.121189,-1.280327,0.624438,0.202147,0.893033,0.812841,-0.022985,-0.929209,-1.289380,0.422620,-0.023113,0.894768,1
2.368233,-0.561074,-0.409248,0.745510,-0.301064,0.235214,-0.690656,-0.855449,0.465368,0.631490,-0.113928,0.990556,-0.955589,0.132882,0.130719,-0.770153,0
-0.940526,0.896107,0.395264,-0.697678,-0.238422,0.405102,-1.264628,0.343750,-0.254522,-0.007842,1.774830,-0.448830,0.245772,-0.878458,-0.161590,-0.003823,1
1.232871,0.056633,0.993540,-0.694930,-0.670078,-0.411297,0.208876,0.319329,1.058915,0.300014,1.104832,0.501930,-0.461982,-0.934891,0.200827,0.134325,0
-1.360950,0.822810,-0.204573,0.893838,-1.585705,-0.738237,-0.242901,-0.381102,-0.354295,-0.082177,0.222494,1.460968,-0.707363,0.980225,0.040897,0.411920,1
0.899095,0.273052,-1.263213,0.420590,0.253182,0.150171,1.437880,-0.299057,-2.338551,1.920091,0.740291,-0.791671,0.736794,-0.189180,0.929090,1.733940,0
-2.403628,-0.347402,0.149717,0.090666,0.467162,0.610851,0.438051,-1.346138,-0.899916,0.917540,-0.230871,-0.147242,-0.367399,-1.609644,-1.279358,0.548089,1
-0.030323,-0.248520,-0.488698,1.247718,0.379290,-0.552027,0.328033,-0.447922,1.181627,0.019500,0.540230,-0.644589,0.835090,-0.692544,-0.124290,-0.573422,0
0.058696,0.265008,-0.645076,-0.131187,0.331405,0.559090,-0.264699,0.088155,0.620846,0.681102,-0.607032,-1.425394,-0.064979,-0.396674,0.143408,-0.750878,1
0.783760,0.307071,-0.635384,0.175885,-0.606751,-0.456345,0.768753,0.705974,-0.407237,-0.499430,0.792579,-0.435777,-0.572676,0.556631,-0.974615,0.054705,0
-0.175462,-0.118173,0.698154,0.092054,-0.622843,-1.096724,0.945390,0.260288,-0.522379,0.634446,-0.880575,0.162209,-0.136211,-1.428167,0.960550,-0.209821,1
1.412224,0.510846,0.283851,0.330301,-1.861755,-0.689929,-0.326532,1.087543,-0.818740,1.203579,0.389253,-0.032860,-0.536891,0.816816,-0.500559,-0.465131,0
0.865648,1.354511,-0.329247,1.296881,0.517502,0.485847,-0.448429,-1.113223,-0.041456,0.290558,-0.832275,0.203643,0.570378,1.323228,0.891266,-0.718479,1
1.646181,0.490310,-1.294984,-0.021201,0.188090,0.024094,0.954972,0.089599,0.531974,0.471682,1.063546,2.052819,-0.580628,0.607188,-0.101831,0.619804,0
0.095759,0.230755,-0.191654,-0.776672,-0.599705,0.694456,-0.623842,0.231893,0.260354,0.697172,-0.003169,-1.015070,1.115767,-0.301340,1.203081,0.741496,1
-0.434828,-0.905318,0.193412,0.616193,0.783023,0.130212,-0.804745,-0.313733,-0.942008,0.176622,0.556638,0.869406,0.961173,1.518306,-0.166680,-0.956310,0
-2.623719,0.095408,-0.151920,1.561406,-0.178761,-0.637820,0.405657,-0.021298,-0.045647,1.395761,-0.057568,0.822100,-0.297697,-0.226391,-0.164541,-0.507748,1
0.828384,-0.263296,0.544424,-0.778021,0.155244,-0.330448,1.905144,-0.683248,0.169992,0.627521,-0.479156,-0.030503,0.981045,-0.979089,0.385466,0.648799,0
-2.212776,-0.526027,-0.516131,-0.330532,-0.520378,-0.437998,-0.993800,0.460373,-0.386400,-1.074503,-0.364495,0.855197,0.167151,0.416592,-0.254383,-0.201746,1
1.037903,0.349898,0.639285,0.847631,0.076017,0.227814,-0.375251,1.271720,-0.359915,0.568244,0.728961,-0.950008,0.623353,0.894177,1.457132,0.167638,0
-1.040845,-1.009098,-0.214728,-0.281967,0.628774,0.079151,-0.413766,-0.176637,0.112657,0.677144,0.141584,-1.101976,0.378203,-0.217512,0.941972,0.358230,1
0.783062,1.387279,0.012688,-1.469314,0.473361,-0.027320,-0.445745,-0.848538,0.121577,-0.299558,-0.221225,1.145783,-0.245945,1.467294,0.883938,0.723770,0
-0.981870,0.166999,0.658803,0.214123,0.772679,-0.895008,-0.637584,-0.424710,1.120974,-0.967873,-0.191195,0.794694,-0.585541,-1.164297,0.297799,0.755653,1
1.490476,-0.590217,0.723133,1.053859,-0.838032,1.315555,0.235652,-0.503730,0.030332,-1.144561,0.387297,0.020415,0.441027,0.610027,-0.358478,0.748671,0
-0.951976,-0.220207,-0.795882,0.123761,-0.493705,-0.053783,-0.671055,1.345884,-0.103255,-0.079068,0.186908,-0.063735,0.094193,0.215123,0.120055,-1.185234,1
-0.583677,0.999181,-0.356698,0.984425,-0.205988,0.497257,-0.182936,-0.023613,0.926070,-1.046048,-0.482895,-0.232228,-0.894331,0.253216,-0.202677,-0.331358,0
-1.085353,-0.317480,0.457972,0.193782,-0.584513,-0.092176,1.790384,-0.044165,-0.018772,0.216272,-0.189744,-0.567986,-0.276208,-1.365763,-0.822478,0.073368,1
1.580768,-1.722200,-0.281784,-1.298712,0.795698,0.652069,0.827783,-0.690925,1.130821,-0.816648,0.236058,0.537797,-0.175902,0.787207,0.378801,-1.649110,0
-1.243666,-1.438105,-1.509154,-0.993277,0.380461,-0.099637,1.180383,-0.736124,0.908686,-1.307795,-0.051114,0.991567,1.198656,1.083184,-0.634700,-0.817706,1
1.137600,-0.620984,-1.018597,1.432820,-1.280796,2.033004,-0.534203,-0.003068,0.463953,-1.205108,0.551504,-0.509254,1.757643,-1.796948,0.629106,-0.314129,0
-1.091519,-0.300256,-0.795421,-0.568007,0.721247,0.018862,1.575496,-0.058669,-1.023510,2.300169,-0.289034,0.551886,0.659672,-0.858915,-0.394325,0.186197,1
0.914556,0.536704,-0.603055,-0.235676,0.984099,-0.584820,-0.834069,-1.286062,-0.969947,0.218734,0.316123,0.411666,-0.430409,0.454607,-0.004647,0.263728,0
-0.856677,0.679961,-0.677528,-0.319540,0.129359,-0.982712,1.005717,-1.343030,-1.265024,0.794875,0.512392,-0.413730,-0.213799,-0.917644,0.520507,0.090790,1
0.590603,-0.685245,0.418979,1.416752,-0.865359,0.334288,-0.073353,-1.267515,0.425185,-0.771094,-1.002213,0.757672,-0.309741,0.625238,-0.185442,-0.088086,0
-1.283306,0.366749,-0.352935,-0.464733,-0.671927,0.834148,-0.316904,-0.589243,-0.028680,-1.147871,-0.112458,-0.776642,0.541267,1.195327,0.195462,-0.192606,1
0.577819,-0.797569,-1.308760,0.588793,0.602455,-0.117979,-0.031626,0.306253,0.409227,0.150099,0.279684,0.005695,0.531138,-0.436822,-0.263392,0.761900,0
-0.998625,-0.678700,-1.395046,-0.102205,-0.205773,-0.131769,0.284088,0.140457,0.702782,-0.680000,1.118714,-1.979570,-0.321692,0.017375,-1.661165,-0.505416,1
2.289001,0.270555,0.711504,0.608696,0.974331,0.451990,1.372071,-0.013259,0.083681,0.509168,-0.751112,0.859219,-0.005473,-0.765885,1.024477,0.193861,0
-2.346747,-0.494751,0.731522,0.488343,1.025076,-0.013686,1.141820,0.406708,-0.230634,1.915797,0.093650,-1.083002,0.971260,0.503376,0.850391,-0.123113,1
1.494076,-0.582489,-0.175497,-0.036895,-0.582778,-0.069939,0.423873,-0.059472,-1.027515,0.041431,0.095354,0.687415,-0.885213,-0.409782,-0.729189,-0.919384,0
-1.896853,0.859152,-1.124845,0.038140,1.098386,-0.819159,-0.564460,0.774287,-0.499760,0.120558,0.024194,0.198071,-0.739973,-0.748781,1.305791,1.021157,1
-0.063408,-0.419302,-1.120353,-1.264843,-0.166348,-0.193304,0.377657,-0.696911,0.873348,1.036441,-0.651556,0.429787,-0.758655,-0.161789,0.578917,0.539678,0
-0.644746,0.699246,0.214610,0.595937,-0.586334,-0.579257,0.353524,0.363785,0.324837,1.192064,-0.162353,0.485698,-0.426932,0.765625,-0.764647,-1.405607,1
1.713691,1.136794,1.012112,-0.182807,-0.660082,1.959471,-0.230909,-0.807963,-0.000510,0.160261,-0.059244,-0.344218,0.839427,1.150615,0.728566,-0.025726,0
-2.029616,-0.037383,1.063666,0.664702,-0.197480,0.333663,-0.393416,-1.309582,0.041393,0.072605,0.099541,-0.204185,-0.648771,-1.088992,0.819323,-0.665255,1
0.806350,0.584984,-1.194094,0.953781,0.843720,1.077662,-1.783638,-0.930377,0.003551,-0.118889,0.022963,-0.373922,0.075479,-0.208236,-0.255283,0.200562,0
-1.227459,0.282041,-0.152042,0.177528,-0.381303,-0.528641,-0.670921,-0.036618,-0.361808,0.061079,-0.186724,1.233391,0.220054,0.928548,-0.892994,-0.711077,1
1.114480,0.623352,-0.375177,-0.857415,-1.086906,-0.381302,0.905695,-0.047158,0.511770,0.246828,0.910172,-0.088399,1.122817,0.805582,-0.732210,1.184153,0
-0.854153,-0.287046,0.308393,0.731472,0.319546,-0.111845,0.109485,-0.196543,-0.477003,-1.161819,-0.083171,-1.276026,2.240367,-0.931875,-1.190338,-0.113180,1
1.223752,0.427247,-0.145447,0.250360,0.577789,0.331917,-1.094890,-1.223106,0.064765,0.544710,0.761300,0.215935,0.373876,0.714868,-0.305685,0.704289,0
-1.552387,0.461125,0.192267,0.909584,1.560985,0.874088,1.044951,0.877627,0.944922,-0.403503,0.517866,-0.477243,-0.939258,-0.258745,-0.353269,0.028825,1
1.122965,-0.481262,0.852750,0.062355,-1.151753,0.694246,-1.003863,1.029906,0.513802,-0.643469,1.040656,0.453427,-0.261144,-0.682571,1.348565,0.243365,0
-1.405597,-0.146806,0.364773,-2.440007,0.028551,1.870070,0.914953,-1.219498,1.291170,-2.516423,-0.095338,0.371560,0.992780,0.518632,-0.394800,1.060360,1
2.465080,0.652352,-1.274029,-0.592199,0.348140,-0.061965,0.197977,0.903328,0.040227,-0.174241,-0.234409,-0.511449,-0.484958,-0.070860,-0.566274,-0.725147,0
-1.218960,-1.336154,-0.034697,0.032887,0.115709,1.016340,0.557531,-1.802254,-0.252298,-0.564291,1.502629,0.308625,0.365766,1.882064,0.443273,-0.502142,1
1.656284,-0.043879,0.609132,0.898494,0.770842,1.871426,-0.365365,-1.258927,1.195480,1.188738,0.039384,-0.738811,-0.333927,-0.634034,-0.092260,0.595123,0
-1.294913,-0.048979,0.181039,-1.008333,1.042819,-0.161473,-0.341882,0.067685,1.056527,-0.883076,-0.034857,-0.009102,-0.544967,-0.407979,-0.675823,-0.553447,1
2.075649,-0.228301,0.522843,-1.215013,0.713797,0.264877,-0.107594,0.590593,-0.620173,0.488920,-1.035572,-0.029150,1.160728,-2.124922,0.475456,-0.273527,0
-0.751520,-0.850115,-0.564565,-0.452840,-0.251366,0.619392,1.437417,0.327433,-0.177108,-0.513112,-0.374228,-0.853959,0.438276,-0.711700,1.616603,-0.436147,1
1.191948,0.450146,0.948672,0.101764,0.535239,-1.038552,0.221040,-0.052234,-0.953383,-0.161657,1.602477,-0.737593,-0.094404,-0.349265,0.659634,1.036231,0
-2.056677,0.628306,-0.002960,-0.133387,0.256377,-1.063970,0.826257,-0.288128,-0.241824,1.465388,-0.027662,0.306916,-0.105897,-1.068067,1.268254,1.054850,1
1.767004,0.036647,-0.536036,0.204596,0.345238,-1.186560,0.945200,0.453099,1.957144,0.883443,0.078971,-0.927392,0.538230,-0.227013,-0.054671,0.651227,0
-0.410277,-1.072706,-0.571951,0.559866,1.933620,-0.019116,0.100112,0.147270,0.561063,-1.680790,-1.412628,-0.185550,0.462449,-2.215313,0.268255,0.252830,1
0.549804,1.059531,0.354939,0.247308,-0.621630,-1.249412,-1.144604,-0.497908,0.151332,0.083209,0.200020,-0.275245,-0.213581,-0.085799,1.012677,0.620490,0
-1.129846,0.164344,-0.598254,-1.394099,-0.280928,-0.342261,-0.576389,-1.198923,1.475421,0.849292,0.196205,-1.277688,-1.447436,0.722862,-0.821334,0.417095,1
1.413121,-0.280509,-0.387233,-1.326297,-0.415602,0.826908,-0.960579,-0.808690,0.024557,-0.609366,0.550932,0.764650,0.292345,0.183531,0.588156,-0.681990,0
-1.984015,0.388164,-0.383991,-0.448501,0.079741,0.466179,-0.319052,0.276871,0.141536,-0.309215,-0.452411,0.891100,0.353010,0.484848,0.536717,0.469545,1
