1.039872,-0.413616,-2.047010,1.694992,0.607793,0.781797,0.076968,0.510255,1.179207,-0.166015,0.971777,0.375342,0.393208,-0.364465,0.400913,-0.628887,0
-2.214642,0.077866,0.785545,0.082922,0.022627,1.087105,1.122461,0.359045,0.593333,-1.561041,-0.015723,0.384810,-0.124907,-0.118942,-1.137970,-0.165554,1
1.105578,-1.007484,-0.784285,-0.958790,-0.891923,-0.359986,-0.875295,-1.079543,-0.513211,-0.347541,-0.015490,-0.007258,-0.720473,-0.640541,0.182591,0.401769,0
-0.019225,-0.904322,1.522582,0.036270,0.193813,-0.316975,0.297786,-0.285669,-0.903852,-0.272266,0.472341,1.110386,0.645097,0.472246,2.019760,-0.239660,1
0.934867,0.039849,0.408744,0.122328,0.772361,-0.471295,-0.306590,0.020560,-1.414153,0.209916,-0.893222,0.292570,-0.459923,0.147023,1.396632,0.367348,0
-2.100143,-0.393841,0.254873,1.014427,0.095121,1.395771,0.840775,1.060176,0.211161,-0.084885,-0.117666,0.017609,-1.776016,-0.237661,0.328895,-0.520005,1
2.004322,1.151078,-0.567390,0.332608,-1.698877,-0.565381,0.243858,-0.265858,0.217414,-0.353647,-1.155833,0.234870,-0.227774,-1.335501,0.371204,-0.756611,0
-1.160441,-0.148310,-0.227955,-0.482703,0.107469,0.504147,-0.047267,-1.027915,-0.659155,-0.036315,-0.109417,-0.768841,0.688817,-0.322376,0.663268,-0.786681,1
0.125297,-0.309529,-0.300334,0.086840,-0.334563,-0.019242,-0.255973,0.567071,-0.133017,1.082093,-0.759945,-0.608285,0.814592,-0.606051,0.746150,-0.082261,0
-1.149946,0.628392,2.063789,-0.782224,-0.807508,0.223160,0.098597,-0.906028,0.640212,-0.162889,0.957922,-0.540469,-0.745157,0.940057,-0.112957,-0.552076,1
1.965079,-0.494884,-0.020883,1.111146,0.465957,-0.591177,0.459329,0.282895,1.228792,-0.073756,0.274417,-1.983822,0.821748,-1.306131,-0.268639,-1.819280,0
-1.775779,0.327082,1.334118,0.113782,-0.260735,-0.364904,-0.381432,0.561208,-0.235537,-0.191721,0.616924,-0.461697,-0.245236,1.484114,0.003199,-0.395868,1
1.211333,-1.753574,1.581898,-1.188995,0.599573,0.418767,-0.888786,0.258271,0.296761,-0.631380,0.462290,-0.815757,1.496253,1.200677,-0.251712,0.340204,0
-2.038740,0.982649,-0.066692,-0.496750,-0.105440,0.572437,0.384570,0.465135,-0.367506,-0.592404,-0.983875,-0.653075,0.090526,-0.945990,0.439755,0.805568,1
2.152109,-0.792173,0.305460,0.159678,-1.427311,0.138530,0.421407,-0.686076,-0.826030,1.090039,0.413403,-0.215871,0.036757,-0.517936,0.911679,0.491704,0
-0.433508,0.562682,-0.951657,-0.860838,-0.413552,-0.172571,-0.104343,0.355935,0.187681,-0.313946,1.002234,0.582004,0.335228,-1.138303,0.466713,0.793586,1
1.102482,1.005954,-0.448479,-0.832731,-1.252096,-1.522040,0.514141,0.975706,-0.279885,0.363682,0.497768,-0.204760,-0.475499,0.060566,1.356372,-0.318073,0
-0.386452,0.940057,0.522603,-1.092594,1.741946,-0.125399,-0.098637,0.530488,0.263005,-0.761446,-0.514401,0.435651,0.476082,-0.191326,2.186483,-1.073827,1
1.541272,1.090482,-0.077056,-0.177900,0.287941,0.710236,1.961270,-0.114627,0.143111,0.532327,0.632702,0.107041,1.130265,-0.222992,0.761811,0.363785,0
-1.689506,0.884658,-0.030061,0.207655,-0.619419,1.177024,1.031666,0.748276,0.414014,-0.349928,0.788861,-1.250803,-0.141333,-0.597221,0.744995,0.138913,1
0.667744,0.423289,0.334113,-0.752856,-0.397632,-0.736527,-0.918262,1.922966,-0.728363,0.838280,-0.623154,-0.214727,-0.339331,-0.742564,-0.269732,0.424094,0
-1.139954,0.050337,-0.297746,-0.157881,-1.432762,-0.669790,-0.493146,-1.011496,-0.203504,0.423384,0.740638,-0.079654,0.312328,-0.370016,0.068514,0.651412,1
0.299361,1.152684,0.269774,0.602672,0.524411,-0.803806,-0.596629,0.441841,0.466106,-0.122377,0.862963,2.241235,0.031815,-1.065461,0.065641,-0.262277,0
-1.496025,-0.580002,1.192816,0.011908,-0.239575,0.519314,1.275316,0.754725,-0.420077,0.415674,0.920105,-1.383497,-0.336909,-0.754450,-1.247365,0.298876,1
1.138158,-1.109476,0.321350,0.337828,0.465201,0.992073,1.233952,-0.090212,-0.138580,0.249099,0.606779,-0.131460,-0.088729,1.641035,0.443455,-0.857060,0
0.124824,0.030722,0.378930,0.591658,1.411802,0.313969,0.753386,0.600735,0.754040,-0.008860,0.149723,0.739437,0.162692,-1.379153,0.120509,1.015615,1
0.513717,-0.003541,0.109366,0.357189,0.200688,-0.714016,0.440885,-0.907875,0.580386,0.368956,-0.689254,0.219287,-0.698082,0.733380,-0.402204,0.279879,0
-1.195369,0.683028,-0.315121,-0.259048,0.747832,0.699953,-0.848921,-1.572948,0.015705,-1.769984,-1.068470,0.097586,-0.633148,-0.396158,-0.366196,0.625529,1
1.193898,-0.378822,0.615703,-0.148578,0.534058,-0.345105,0.297549,0.668027,0.337759,0.087830,0.288592,0.553144,-0.515967,0.931882,0.751952,1.051555,0
-0.201508,-0.927114,0.676494,0.639887,0.060820,0.109746,0.590322,0.300658,0.141124,0.194986,0.713200,0.201341,0.228571,-1.120198,0.031086,0.059044,1
0.736609,-0.091295,0.623213,-0.798820,-0.434524,-1.612677,0.628427,0.708496,-0.919192,-0.242476,0.549150,-0.805806,-1.531696,0.097883,0.771127,-0.258878,0
-1.039216,0.646334,0.827762,-0.777798,-0.587101,-0.326507,-1.189839,-0.603254,-1.182737,-1.272389,0.463154,1.256834,-0.735949,-0.964707,-0.187900,0.099585,1
1.303198,-0.005042,0.788687,0.359609,-0.243194,0.159619,0.131137,0.102257,0.771475,-0.816265,-0.456665,1.663552,-0.065973,0.642425,0.159414,-0.499382,0
-0.840547,-1.180847,1.116462,1.192782,0.553711,-0.099213,0.429172,-1.170246,0.749528,0.589323,-0.015455,0.373442,-1.473439,0.448583,0.456844,-0.485727,1
0.668711,0.833544,-0.169567,1.582639,0.167061,0.737775,0.532326,-0.860218,-0.831128,0.883818,1.075853,0.814364,0.034686,-0.365807,-1.879755,0.596181,0
-0.708783,-1.079393,0.856547,1.231568,-0.372575,0.252821,-0.659973,-0.098815,-0.021495,-0.851067,-0.320177,-0.199655,-0.406705,-0.756380,-0.442465,0.797656,1
2.362139,0.773249,-0.116324,-0.624291,1.078107,0.483427,0.087773,-0.205252,-0.703532,-0.406292,0.724886,-0.027706,-0.226615,0.520858,-1.226633,1.184978,0
-1.254584,0.371674,-0.486466,0.950280,0.314644,0.256032,0.274936,0.333555,0.139571,0.948787,-0.353678,1.014191,1.292540,0.509954,0.658289,0.230288,1
1.616230,-0.516884,0.686253,0.422962,-0.190523,-0.001224,-0.206559,1.904835,-2.370636,1.002936,-0.305881,2.210130,0.490067,0.249326,0.208982,2.002080,0
-0.963545,0.144437,-0.681019,0.489957,0.545605,-0.894532,0.376055,0.164593,0.132527,0.429860,1.130971,-0.144644,-0.572731,0.384720,0.067303,0.514333,1
1.545006,0.497396,0.238629,-1.563080,0.134732,1.182007,2.163281,-1.012011,-0.079479,-2.285629,-0.347664,-0.232070,-1.050510,0.501549,0.226750,0.542637,0
-0.293822,-1.115477,-0.000725,1.258822,-1.075483,0.323604,1.609002,-0.174968,-0.367616,0.206029,-0.867518,-0.252541,-0.225952,-0.822733,-0.452105,0.010287,1
1.663998,1.395068,0.355287,0.674121,-0.060557,0.654408,0.369145,0.518234,0.080937,1.094156,0.415762,-0.721409,1.122112,-0.576858,-0.032047,-1.459639,0
-0.618649,-1.547611,1.430163,-1.276280,0.070332,-0.531726,-1.001771,0.565225,-0.890375,-0.582196,-1.136741,-1.041130,-0.820477,-0.200298,0.862552,1.132291,1
1.450183,-0.402886,-0.023374,0.090390,-0.775215,-1.410927,0.189732,0.753970,1.507038,-0.723526,-0.257952,-0.495467,0.838218,1.115799,-0.731140,1.443036,0
-0.449264,-0.788819,0.354350,0.587817,0.125230,0.677643,-0.288996,0.654595,-0.049838,1.157191,-1.566737,0.442365,1.135915,0.834748,-0.400488,0.268935,1
1.694522,0.586881,-0.058653,0.317068,0.525384,0.647953,-0.016911,0.007227,-1.578586,-0.664351,0.829581,-0.041056,0.851484,-0.139185,-0.442788,0.208040,0
-1.645929,-1.995403,-0.425964,-0.318712,-0.986609,-0.568898,0.110085,1.598118,-0.090052,-1.324524,-1.370126,0.995871,-0.205497,-1.374934,-0.487843,0.619735,1
0.283114,0.834074,0.588662,0.155570,0.303328,1.306420,0.215236,0.105073,0.034755,-0.608873,-0.133685,-1.104877,0.358853,-0.282630,-0.258869,-0.611366,0
-1.018185,-0.400586,-0.911575,2.122043,-0.522348,-0.977168,-0.435103,0.162996,0.566052,0.558179,0.367955,-0.355181,-0.334096,-0.413708,-0.126599,-1.326231,1
0.719576,0.018425,-0.458874,1.695323,0.453813,-1.153960,0.132776,-1.128882,-1.137395,0.754141,-0.308155,0.533196,0.445599,0.212525,-1.643001,0.569868,0
-1.452940,-0.678418,0.907280,-0.391293,0.152802,0.048896,-0.579158,1.619371,-0.772107,0.691752,-1.090286,0.556256,0.834790,0.170417,-0.201509,-1.225293,1
1.508384,-1.468332,0.429687,-0.504754,-0.075714,-0.963806,0.188575,-0.814525,-1.178534,-0.606418,-0.011504,0.351182,0.930911,-0.358342,-0.112350,-0.188134,0
0.156637,-0.630567,0.310285,0.099627,-0.449194,0.680788,-1.058750,-0.330681,0.736167,0.602089,0.471390,-0.725621,0.302938,1.019201,0.068279,-0.900644,1
1.828692,0.228690,-0.242259,1.564413,-0.039450,0.234435,-0.263307,1.101946,1.043857,-0.443353,-1.253072,0.759622,1.527202,-0.347322,-0.093383,-0.463020,0
-2.302937,0.352655,0.560544,-1.271163,0.743152,1.614047,0.133143,-0.054875,1.334438,-0.434028,0.172478,0.221738,2.422693,0.729834,-0.345178,-0.512408,1
0.565065,-0.137200,0.189844,0.412917,-0.779228,-0.770878,0.672632,-0.121846,-0.131077,0.006563,-0.554486,0.982540,-0.725388,-0.807789,0.757850,1.309064,0
-0.610141,0.670913,1.682133,1.552926,0.316463,-0.225828,-0.955907,-0.532132,-0.137851,1.676006,-0.689299,-0.563770,-1.729605,-0.633830,0.688031,0.735874,1
-0.995983,-0.788473,1.231093,0.328343,0.139910,0.307445,-0.174648,1.715187,-0.002714,-0.611996,-1.291619,0.067188,-0.127667,-0.883192,0.450735,-0.446972,0
-0.521555,0.077542,1.376988,0.328402,-0.630646,0.049360,0.392843,-0.509256,-0.937336,-0.596152,-0.291658,0.031866,0.897340,-1.057550,0.224965,0.817444,1
1.208698,0.450195,0.401801,0.837647,-1.365234,1.395550,-0.577531,-0.827765,-0.114430,0.975543,-0.534252,-0.604427,0.596945,-0.081971,-0.208579,1.706115,0
-2.248537,-0.933744,1.463181,2.183234,-1.095893,-0.152615,0.634540,0.723921,-1.715146,-0.128841,-0.255488,-0.931897,-0.270555,1.123743,0.574893,0.394453,1
1.509663,0.396458,-0.090920,0.297415,0.409273,0.359116,-0.014904,0.941472,1.141823,-0.913221,-0.154199,0.776857,-1.493691,1.756866,-0.723840,0.547267,0
-0.949421,0.135277,0.000013,0.520243,-0.032422,-1.230758,-0.316878,0.722976,0.849615,1.081172,0.937378,-1.002938,-1.726152,-0.066188,0.239897,0.271727,1
-0.592426,-0.979773,0.026336,-0.136764,0.201283,-0.656956,1.597319,-0.261220,-0.291060,0.144352,1.123648,0.552847,0.328232,0.133903,0.381027,-0.937517,0
-0.506444,-0.149876,-1.358177,0.265727,0.278885,-0.491876,-0.085452,0.426452,1.052758,0.029538,0.921371,0.641526,-0.438973,-0.622718,0.136840,0.252137,1
-0.526148,-0.144435,0.274135,-0.232558,-1.358384,-2.434525,0.353824,0.265361,0.869272,1.199920,-1.077933,-0.429430,-0.900853,-0.507730,-0.158888,0.613380,0
-0.328722,1.081866,-0.703278,-0.587734,-0.543520,-0.761820,-0.844546,-0.170581,-0.729088,0.672619,-0.468619,0.337860,-0.557754,-0.470999,0.252615,0.646648,1
0.909169,0.406069,-0.867095,0.872849,0.081202,0.125497,-1.885247,-0.874307,-0.782412,-0.320565,-0.288715,0.561896,-0.011715,-0.389884,0.376462,0.971322,0
-0.391130,-0.985462,-0.864425,0.535359,0.133784,0.669448,-0.466702,0.276459,0.544170,0.685195,0.545850,-0.798371,0.096641,-1.364012,0.310169,0.507821,1
0.412426,0.350138,0.076509,0.444937,-0.813205,0.905679,-0.029172,-0.216907,1.042394,-0.213036,0.481699,-0.011302,0.581353,-1.109943,-0.488600,1.143614,0
0.155807,-0.009389,0.088211,0.709540,0.281626,0.107412,-0.185102,-1.017467,-0.136365,-0.450162,0.677464,0.775455,-1.248759,0.561105,-0.013090,-0.191421,1
1.222001,-0.305961,1.753333,0.787450,-0.747399,0.520781,0.435136,-0.120069,1.675900,-0.974198,-0.194968,1.403171,1.180900,-0.512105,-0.090829,1.270343,0
0.253132,-0.269733,-0.510930,-1.485492,-0.720949,-1.659312,0.108784,-0.050113,0.468914,1.054080,0.059200,0.196655,0.575091,-0.316650,0.813849,-0.511927,1
2.127288,0.142426,1.827411,0.337194,0.547351,-1.490642,0.847789,0.614239,0.650398,1.305227,1.124293,0.663152,0.638425,-0.136902,-0.879098,1.522071,0
-0.464411,1.147564,0.517284,0.197645,0.084299,0.664708,1.377670,-0.203372,1.772472,-0.647634,-0.362065,-0.286008,0.271587,-1.141297,-0.307018,1.275107,1
1.552396,-0.658032,-0.661668,0.271816,0.282702,-0.464466,-0.039041,1.063528,-1.560149,-0.103440,0.452909,0.380453,-0.080585,-1.340314,-0.262528,1.259282,0
0.683614,-0.147694,0.064358,1.815994,0.784449,0.436019,-0.036305,0.895797,-1.600160,-0.411498,0.880725,0.482622,0.070869,-0.933030,0.701998,-0.729734,1
2.086551,-0.540271,1.008511,-0.413586,-0.365185,-0.388748,1.192951,-0.772989,0.817684,-0.498954,0.437775,-0.950709,0.096717,0.566437,1.571785,-0.107918,0
-0.609085,0.196242,-0.167981,0.822430,-0.346441,-0.052570,-0.217277,0.273361,-0.631879,-0.022685,0.375680,-1.479252,-0.143363,-0.570337,-0.087525,-0.467844,1
-0.095064,-0.063317,0.795271,-0.099190,-0.326490,0.131430,1.059198,-1.001217,-0.081197,1.650520,-1.590663,-0.306325,0.797410,-0.188955,1.056736,1.773374,0
-1.251576,0.560422,-0.571493,-0.311131,-0.502016,0.866905,0.376222,0.301738,0.495083,1.430798,0.555264,-0.014877,0.774162,1.152898,-1.059282,-0.266922,1
2.078560,-0.034875,-0.447508,-0.659744,-1.123792,-0.195529,-1.413905,0.412130,-0.053973,-0.400140,0.919130,-0.324255,0.997324,-0.316671,0.167557,1.829993,0
-1.304212,-1.045320,0.814916,0.921221,0.096756,-0.632218,-1.157068,-1.135426,0.814298,-0.181535,-0.094933,-1.131647,-0.306648,0.153738,-0.084422,0.749180,1
1.457878,-0.414093,-0.631413,-0.624354,0.431989,0.127177,-0.301414,1.234804,0.286179,0.529281,0.523676,-0.917161,-1.306552,-0.309538,-0.641999,0.348296,0
-1.346647,1.469530,0.425194,-1.569554,0.330600,-0.210826,0.024743,0.258308,-0.146986,1.173408,0.766230,1.182939,-0.019711,-0.500865,-0.320707,-1.247844,1
0.381169,-0.597417,-1.737029,-0.651777,0.959858,0.228420,0.359941,-1.032050,-1.892352,-0.141699,-0.397756,0.320130,0.075035,-1.334538,-0.465543,0.135547,0
-1.862021,0.237163,1.499916,-0.624421,0.991709,-0.232237,-1.198720,-0.013599,0.168320,0.436733,-0.025104,-2.034931,-1.550848,0.220623,-0.158518,-1.019661,1
0.538065,0.314996,0.293735,0.348596,0.287191,-0.304296,-0.813694,-0.251664,0.997462,-0.034740,0.948265,0.225903,-0.392292,-1.791822,0.064400,-0.808468,0
-0.393174,0.749327,0.318006,0.382986,-0.343362,-1.090697,0.258904,-0.063711,-0.378370,1.067693,-0.530659,0.838627,0.020756,1.016705,0.803407,-0.455513,1
0.935185,1.550728,0.274622,-0.543102,0.100961,-1.599369,1.036483,0.746781,0.300356,0.469401,-0.108442,1.156945,-0.896815,-0.281591,1.201594,0.491736,0
-1.523723,0.046999,-0.534205,0.476793,1.577485,-0.700865,-1.312353,0.085389,0.216502,0.802647,-0.474427,0.086001,1.466195,0.931615,-0.019278,0.412913,1
1.492872,-0.261964,-0.106397,0.150581,1.098337,0.692163,1.307541,-1.696486,-0.405811,-1.254911,-0.587084,-0.024729,-0.572867,0.645383,0.822800,0.592858,0
-0.628076,-0.318616,0.489333,1.897845,0.425259,-1.119610,-0.597890,-0.078761,-0.341445,-0.022106,0.903145,-0.833712,-0.157649,-1.252753,0.818891,-0.806235,1
2.197810,0.684329,-1.724594,0.392360,1.940882,0.358220,1.412618,0.201675,0.652807,0.846423,0.618719,-0.191814,0.322031,0.817151,-0.147945,0.777781,0
-1.771165,0.137543,0.137892,0.926297,-0.587660,-0.790629,-0.729936,-1.104390,-2.063249,0.292791,-1.880881,0.522993,0.857461,-0.760373,2.217122,-0.746136,1
1.006974,-1.255028,0.444573,0.458281,0.885540,0.795227,-0.808654,-0.219033,-0.145929,-0.071326,0.049069,-1.426383,1.149192,1.149146,-0.767197,-0.517830,0
-1.970140,0.626772,-0.479635,1.515207,-0.547887,0.924216,0.310284,0.037757,1.630391,1.006640,0.121056,-0.647008,-0.766465,0.041459,0.370177,0.236637,1
1.410193,-0.227290,-0.142697,-0.742373,0.430516,-0.770721,-0.880339,-0.752435,-1.046956,0.583499,1.427284,-0.446671,2.119237,0.030170,-0.662138,0.033319,0
-0.752967,0.672080,0.036413,0.105889,-0.686583,0.083239,-0.524534,0.242014,1.197459,-0.472677,-0.339827,-0.803044,-0.852732,0.330957,0.408000,-0.073125,1
0.412756,1.054917,0.387792,-0.793250,-0.176841,0.451095,1.280670,0.653128,-0.399481,0.482765,-1.354370,-0.170418,0.076993,0.780182,0.066294,-0.738440,0
-0.363146,0.482074,0.165414,0.903290,-0.829204,1.398889,-0.238222,0.737969,-1.709869,0.473124,0.273619,0.275041,0.616388,0.271109,-0.043458,-0.234186,1
0.006584,0.842765,-0.007345,-1.703933,-0.256019,-0.382138,-0.526942,0.521183,-0.609648,-1.346319,-0.744688,1.039548,0.420710,-0.628691,-2.116915,1.129940,0
-0.881900,0.063705,-1.972515,-0.143612,-0.036753,0.001388,-0.235556,0.427135,1.108924,0.773441,-0.771544,0.228845,-0.973352,-0.523885,0.895990,-0.025330,1
0.062603,2.454889,0.928788,0.049316,1.070209,-0.604346,-0.633529,0.479641,0.640742,0.365779,0.429735,0.299643,-0.540621,1.018371,-0.348707,0.398466,0
-2.065442,0.100644,0.189140,-1.860522,-0.513698,-0.434640,0.252641,-0.674660,-1.118828,0.039920,-0.646661,0.484385,-0.428748,-0.013055,-0.251151,-0.105477,1
1.713799,0.204492,-0.935982,0.101184,-0.932747,-1.066478,-0.065152,0.675256,-1.742038,-0.270972,-0.843728,-0.482974,-0.861217,0.084368,-1.035458,-0.917527,0
0.409405,1.821882,1.512980,-0.612937,-0.085264,1.293935,-0.491924,0.385864,0.452608,0.310179,-0.567777,-1.091279,-0.587780,0.421389,-0.246934,-1.093371,1
0.236870,0.056009,-0.227610,-0.512688,0.747681,-0.981007,0.892885,0.426622,0.036445,0.951116,-0.268014,0.434335,0.519663,-0.155849,-0.070821,0.062307,0
-1.539940,-0.492174,0.793932,0.718930,-0.427406,1.062599,0.291176,0.663314,0.083605,-0.530479,0.177708,-0.083872,-0.869993,0.413070,-0.099658,-0.080686,1
0.628661,1.465207,-1.026147,-1.334922,0.357677,1.924281,-0.372144,-0.953053,0.397113,0.949507,-0.978027,-0.986357,0.353211,1.248180,-0.650511,-1.543891,0
-0.774024,0.345299,0.018738,-0.599614,0.346601,-1.596653,-0.477222,0.836968,-0.022091,-0.443980,0.245252,0.810206,0.267682,-0.496082,-1.326678,0.907851,1
1.474906,0.668304,0.146116,-0.621709,0.220772,-0.862059,-1.081276,-1.912795,-0.504003,0.526060,0.928952,-0.212539,-0.913872,1.152769,0.074510,-0.827939,0
-0.365314,-0.652776,0.937080,-0.169494,1.910286,0.009578,-0.272633,0.275736,1.008636,0.673916,0.852496,0.821648,-1.245798,-0.462759,0.270137,-0.076280,1
1.794706,0.449180,-0.848675,-0.031538,0.131010,0.062669,0.563686,0.355049,-0.121947,1.802251,-0.845964,-0.391250,0.042925,-0.468961,0.344601,-0.070048,0
-1.010868,0.192172,0.549297,-0.945023,-0.740055,-0.302742,-0.513330,0.398452,-0.640100,0.220201,-1.911722,0.863002,-0.348000,-1.139003,-0.158751,0.726295,1
1.100647,-0.430195,-0.048281,-1.303826,-0.661932,-0.146208,0.356792,-0.155475,-0.050119,-0.569130,0.209597,-0.969477,1.575229,0.799992,-1.277406,-1.068795,0
-0.335806,0.243921,-0.616719,0.743934,-0.396594,0.852122,0.444121,-1.126507,-0.281122,0.882380,1.153202,0.260390,1.694569,0.248682,0.370150,0.278172,1
1.521976,0.253993,1.308999,0.474570,0.670823,-0.067005,0.359202,0.836827,-0.699918,-1.115020,0.013872,0.075302,-0.146990,1.939446,-0.147872,0.721693,0
-1.092254,-1.029440,0.780594,0.676072,-0.498516,0.430895,-0.826244,0.856211,-0.216988,0.706649,-1.680010,-0.193116,-0.626232,0.548702,-0.658846,0.674793,1
2.329466,0.905190,-0.052841,-0.555325,-0.807447,1.423638,-0.605733,-0.144007,0.201628,-1.027623,0.847338,-0.482224,-0.496919,0.742101,-0.693666,-1.204133,0
-0.633643,-0.250766,-0.901763,-0.425426,0.107746,-0.613309,-0.471164,0.415173,1.307515,1.174834,-1.433137,-0.938831,2.395446,-1.556389,0.554831,0.369519,1
1.895266,0.038342,1.931852,-1.887688,0.226326,-0.647323,0.788680,-1.862770,0.105948,-0.854594,-0.043413,-0.275232,1.169299,0.205000,0.565084,0.544520,0
-1.229263,0.131988,-0.840825,0.166109,-1.592811,1.050487,-0.609491,1.550294,0.819396,-0.742320,1.648199,0.645816,0.303382,-0.398029,0.157316,-0.565396,1
1.518557,-0.884226,0.245336,0.047751,0.683382,0.019992,-1.193338,-0.061099,-0.993923,0.029641,-0.058292,0.533014,-1.556744,0.811378,-0.004003,-0.084502,0
-0.408352,0.699257,-0.406934,-0.574181,-0.699948,-0.424953,-0.631209,0.274096,-0.793248,0.575484,0.496731,0.562557,0.256566,-0.172793,-1.580127,-0.371793,1
2.007335,-0.428170,-0.386857,0.142291,-0.462120,0.011717,-0.288081,-0.335387,1.185653,-0.377314,0.951706,-0.815256,0.555333,-0.449358,0.190902,0.546299,0
-0.531962,1.822923,-0.170788,0.464171,0.686121,-0.998699,-0.621019,-0.844898,-0.935574,0.889938,-0.207047,0.049267,-1.854826,0.561909,-0.472087,0.213072,1
-0.058806,0.773913,-0.291582,-0.953629,-0.877273,1.326517,-0.095263,0.790045,-0.748502,0.313195,0.911967,-1.677788,0.498044,1.076299,0.280540,0.357477,0
-2.569558,-0.466755,0.126879,0.199840,-1.500140,0.500588,0.815159,-0.971850,1.312210,0.793802,-0.884405,-1.355827,0.502704,2.064451,0.075309,-0.177617,1
0.133063,-0.483607,-0.263247,0.086858,0.810993,-0.027455,-0.509885,-0.587219,-0.128868,-0.359623,1.425634,0.477310,0.230888,-0.772321,0.288850,-1.877696,0
-1.610216,0.593014,-0.753509,-0.183654,0.711735,-1.100745,1.067587,-1.056074,-0.493637,1.490143,0.336130,-0.117995,0.248152,0.956370,-1.395218,-0.895867,1
1.810098,0.320653,-0.318312,-1.598338,-0.667491,-0.552945,-0.617860,-0.849312,1.237241,0.434389,-0.307695,-0.096443,-0.497410,-0.708697,0.692872,-0.324559,0
-1.206356,-1.121147,1.816875,-0.687984,-1.383511,-0.856035,0.122187,-0.074803,-0.922613,-1.098020,0.234702,-0.078559,1.215996,-0.100435,-0.151894,-0.529233,1
1.553526,0.272314,0.197084,-1.486914,-0.581764,0.013237,1.367180,0.198828,-1.011314,1.361215,-0.535189,0.527298,0.126738,1.365857,-0.606166,-1.080879,0
-1.130498,-0.010866,-0.977905,-0.621151,1.214617,-0.542841,-0.122445,-1.265045,-1.154005,2.191009,-1.775452,-0.780974,-0.302473,-0.460561,0.099819,0.193003,1
1.290819,-0.260860,-1.544053,0.410146,0.036676,-0.191004,0.318416,-0.816658,-0.781869,-0.017313,0.188391,-0.215638,1.110622,-0.469590,-0.073992,-0.340235,0
-1.018188,0.008825,0.622902,-1.131168,-1.009976,-0.171355,0.479240,-0.592079,0.526645,0.615483,-0.339052,-0.521213,0.202250,0.158133,0.729666,1.089021,1
1.702881,2.033293,-1.198308,-0.922150,0.221185,1.182709,0.558334,0.526071,-0.212845,0.080509,1.208407,0.959516,-0.705633,-0.587260,0.248157,0.546515,0
-3.159743,-0.383856,-1.784807,-1.904740,-0.910174,-1.939069,0.401729,-0.866311,-0.094164,0.069727,1.001078,0.564450,1.405550,0.183663,-0.211441,0.263070,1
-0.410463,0.758844,-0.697010,-0.858403,0.088751,-0.415978,1.209677,1.659242,-0.479582,-0.434131,0.354408,0.302248,0.542115,-0.442307,-0.524098,-0.615608,0
-1.172434,0.214484,-1.112549,0.743442,-0.339728,0.845629,0.532860,0.347862,-1.287820,0.643157,0.634004,0.576805,1.049579,-0.069577,-0.191072,-0.350866,1
1.037110,-0.435766,1.084597,0.967143,1.049213,-1.102165,-0.403766,1.734748,-0.237474,-0.789570,-0.524101,1.614855,0.565352,0.175911,0.049532,0.950999,0
-0.430292,-0.195466,0.210035,1.056386,0.656930,-0.483905,0.607683,-0.556077,-0.249647,1.262231,-0.248729,-1.431400,-0.854059,1.552035,-0.391663,-0.787471,1
2.211956,0.450132,-1.033250,0.242217,-0.146364,0.859368,0.216461,-0.463467,1.299362,0.440487,-0.261496,0.202455,0.124118,0.694242,1.486910,1.419899,0
-2.519042,0.565150,-0.022675,-0.120171,1.280160,-0.798768,0.852460,-0.442349,0.598107,0.494737,-1.107969,0.113551,0.603602,1.199438,1.270597,-1.188900,1
0.679883,0.293652,-0.524973,0.817400,-0.498840,0.001831,1.362130,1.829945,-1.288947,-1.245466,1.086295,-0.159394,1.478242,0.619745,-0.312677,-0.365206,0
-0.805797,-0.863273,-0.743936,-0.323500,-0.074266,-2.012479,1.052039,1.014526,0.782170,-0.083907,-0.406585,0.266860,-0.794114,0.929183,-0.081182,-0.402442,1
0.673515,0.419567,-0.295926,1.358803,0.792128,-1.193052,-1.941959,-0.065436,0.776812,-0.419029,-0.003234,0.024565,-0.130884,-0.579475,0.377384,-1.132755,0
-2.143868,0.068205,-0.964445,-0.158902,0.198255,0.694684,-0.602023,-1.177628,-1.372544,-0.760153,0.130192,-0.740710,-0.346636,-0.402883,0.018338,0.483767,1
1.807010,0.556030,1.015238,0.377053,0.350269,-0.176039,-0.256652,0.406889,-0.448919,-1.040173,0.393843,-0.018150,-0.516586,-0.396364,-0.801712,0.333436,0
-1.141566,-1.142026,-0.593446,-0.484417,-0.070962,-1.126379,-0.249231,-1.015368,-0.726638,-0.050442,-0.105104,0.164612,0.278827,0.682356,-0.716806,0.287378,1
0.197297,-1.270349,0.500478,0.814239,-1.000822,0.724550,-0.330019,-0.128323,0.467137,0.591105,-0.931097,-0.201073,0.025905,-0.749888,-0.798315,-0.717062,0
-1.150831,-1.297240,-0.296073,-0.100577,-0.494470,1.585990,-0.391170,1.082343,-0.930734,0.269025,-0.489176,-0.400393,1.100861,-2.013499,-1.106821,-0.028898,1
2.026703,0.109942,-1.474072,0.088654,-0.872207,-0.682356,-0.896380,-0.290163,-0.669329,-1.072354,0.041564,-0.099590,1.916220,-0.771091,-0.068464,-0.106744,0
0.541824,-1.092498,1.250586,-0.423986,-0.415744,-1.632889,-1.067588,0.140260,2.313847,0.496209,-0.330729,-0.222818,-0.870330,-0.431226,0.088721,-0.612404,1
0.753856,0.454566,-0.001811,-0.547839,-0.356358,-0.697284,-0.544456,0.658489,0.527799,0.816383,-0.319418,-1.379176,0.393579,0.534752,0.399150,-0.360082,0
-1.481270,-1.259078,0.126253,-0.071489,-0.645500,-0.267689,-0.219358,-0.369259,0.468399,0.276425,0.747799,0.404384,-0.025331,0.636636,-0.392733,0.285689,1
1.573701,0.126516,-0.347191,0.137008,-0.059430,-0.381446,-0.292645,0.173959,0.027183,0.169627,-0.034973,-0.384059,-0.362794,0.363490,0.328408,0.808574,0
-1.729460,-0.555240,0.465768,1.689321,-0.599492,0.627316,0.563835,0.611924,0.763851,1.580424,0.992573,0.501322,0.227042,-0.812069,-1.870594,-0.770891,1
0.386148,0.136609,0.968893,-0.919875,0.148475,0.498904,-1.208118,0.327300,0.544432,0.375808,1.021074,-0.159483,0.619610,-0.916709,0.671745,1.042732,0
-0.540936,-1.984274,-0.754637,0.306031,-0.675840,-0.483225,0.622290,0.151480,-1.291055,-0.869073,1.114733,1.658715,-1.698932,0.070309,-0.624923,-0.640516,1
0.882455,0.708839,-0.857239,-0.465841,0.319568,-0.334945,0.412878,1.201648,-0.933345,0.148575,-0.327384,0.660671,-0.523561,0.230281,-0.228446,-0.373872,0
-1.772393,-1.211791,0.507372,0.513790,0.664005,-0.879002,0.317242,-0.502455,0.847780,0.245486,0.819209,-1.665824,-0.034063,-0.837383,0.234810,-0.763578,1
0.298645,0.823035,-0.279087,-1.069065,1.032887,-0.336173,-0.196642,0.991903,-0.757990,0.296980,0.028911,-1.422198,-0.003418,0.761407,1.238477,-0.350936,0
-0.800034,1.184985,2.360896,0.802696,-1.763821,0.203206,0.198804,-0.209101,-0.651452,-0.487122,-0.259825,-0.251337,-0.776814,-0.190404,0.272643,0.264322,1
-0.389441,-0.224402,0.368661,-0.185735,0.481968,-1.075540,0.410874,-1.656071,0.608598,0.854836,-1.194327,0.557149,0.139773,0.049205,1.700311,2.302479,0
-1.662214,0.862055,0.311695,1.263829,0.115648,-0.434086,0.711301,-0.528603,-0.476206,-1.465717,-0.763319,0.205095,-0.522102,0.741797,1.166969,-1.107070,1
1.696576,1.038790,0.412630,0.063569,-0.391505,-0.020376,0.174478,0.197456,-0.112525,-0.759269,-0.872831,1.260879,-0.631608,-0.495067,1.200671,1.257464,0
-1.118318,-0.063382,-0.992239,-1.793921,0.083576,-0.276813,0.772605,-1.119088,-0.496194,-0.635151,1.889662,-0.391678,0.243148,-1.341481,0.816283,-0.616363,1
1.201295,0.344492,0.007267,0.212981,-0.693651,1.579920,0.256584,0.344781,-0.582675,-0.259266,-0.150966,0.489793,-0.608723,0.232012,0.595830,-0.537416,0
-1.721615,-0.912032,0.688779,0.518677,-0.960090,-0.095824,0.094867,-0.472370,0.162608,-1.089027,-1.834237,-1.258189,1.026208,-0.169724,-1.850348,-0.137976,1
1.244250,-0.004150,0.563492,0.593366,0.572431,-0.314817,-0.060535,1.165383,0.129003,-0.335538,-0.398113,0.481826,0.029204,0.271024,0.252280,0.271015,0
-1.318118,-0.590121,0.723312,-0.839899,-0.152212,-1.753256,0.115516,-0.300871,-1.303987,-0.278630,-0.270355,-0.717723,0.098875,1.422525,-0.207295,0.345626,1
1.558158,-0.656971,1.702685,0.369108,-1.079175,-0.664480,0.239078,-0.263690,-0.070348,-0.124403,-1.468822,0.921340,0.798282,1.474731,1.039141,-0.792082,0
-0.938579,0.718163,0.302862,0.807050,0.003076,0.365690,0.354501,0.159153,1.503768,0.684457,0.395851,1.105317,-0.096892,0.893650,0.655845,-0.480686,1
0.619858,-0.568953,-0.347717,0.488627,-0.944428,-1.437738,-0.078945,0.209437,0.182913,-0.447143,1.026080,-0.025903,0.392040,-0.076452,1.083943,0.195291,0
-1.929534,0.356764,0.615735,0.738175,0.882910,0.491312,-0.391450,0.042958,-0.457212,-0.047599,0.034590,0.532382,0.681322,-0.214828,-0.130533,-0.261409,1
0.066420,0.101826,-0.026581,0.412406,-0.160810,0.276232,0.260071,-1.139152,-0.203877,1.178076,0.336994,-1.098892,1.126985,-0.836416,0.122657,0.839007,0
-1.774397,-0.876508,-0.510074,-0.546943,-1.170563,0.072804,-0.075954,-0.369300,0.525576,-1.033221,-0.623944,-0.859453,0.854379,1.025471,0.309575,0.405534,1
1.399822,0.207699,0.535976,1.446447,1.113989,-0.814563,0.769271,1.048653,-0.234085,0.536978,-0.193291,0.578244,-0.137237,0.823318,-0.313689,-1.360787,0
-0.855604,1.593942,0.026376,0.025265,1.546485,-0.213064,-0.560359,-0.605179,0.878435,-0.185679,-0.942013,-0.135803,0.586278,-0.763258,0.840353,-0.222883,1
1.004838,-0.683493,-0.712374,-0.737241,-0.228664,0.037435,1.756981,-0.378188,-0.145667,-0.027783,-0.461205,-0.499732,0.037146,0.468539,0.295446,0.541960,0
0.257473,1.120854,0.143584,-0.527770,0.303519,-1.498624,-1.661650,0.040416,-2.279603,0.588055,0.382726,0.471791,-0.079958,0.568455,0.450833,-0.354067,1
1.916432,0.306692,-0.752820,-1.013120,0.100605,-0.618096,-0.154835,0.404987,-0.211301,-0.495385,0.064545,0.109101,0.901662,-0.634719,-0.728249,-0.700257,0
-1.501458,-0.098565,-0.757391,-0.978230,-0.165409,0.047001,0.344041,-0.861332,0.130184,0.435954,1.258069,1.133201,0.342143,0.623389,-1.468318,-0.073370,1
0.909979,0.246563,0.274401,0.151547,1.374698,-1.326524,0.490125,0.633521,0.925416,0.413905,-0.297907,-0.878760,0.416427,0.277344,0.420054,0.604868,0
-1.360414,1.217898,-0.612297,1.006645,-0.580212,0.266897,-0.443943,-0.912967,1.008785,0.269607,-0.273167,-0.419561,-0.219738,-0.066182,-0.843505,1.888707,1
2.000272,0.545450,0.050936,0.412278,-0.397821,0.833764,-0.335444,0.558460,0.516612,-0.738846,0.176648,1.414381,0.956199,0.743594,0.036372,-0.295279,0
-1.589271,0.536427,0.102405,-0.141258,0.400579,-0.297640,-0.207229,0.229692,0.341308,0.104026,-0.945396,-0.222872,0.483762,-0.075256,0.307867,0.473381,1
0.334636,0.420015,-1.375131,0.535656,-1.229380,-0.486716,-1.075172,-0.380252,-0.491753,0.359925,-0.051349,-1.079660,-0.389298,0.206695,0.824131,-0.073052,0
-0.508900,-1.548179,0.423709,-0.669608,-1.087410,0.028890,0.671716,-1.019237,0.575009,-0.133537,-0.200890,-0.002115,-0.219339,0.176648,-0.420216,-0.210335,1
0.937815,0.164130,0.485329,0.127411,-0.418747,0.122685,0.349152,1.229534,-0.740301,0.595800,-0.189659,-0.193308,-0.352495,0.052149,0.064782,-0.876303,0
-0.505811,-0.217732,-0.324578,-0.094784,-0.276263,-0.440634,-0.335361,-0.008930,0.476959,0.425319,0.556221,0.757912,-0.190406,-0.056414,0.490372,1.156631,1
0.646016,-0.619261,-1.428690,-1.004066,0.669126,0.094318,-0.617723,-0.129579,-0.707929,0.506515,1.230587,-0.893234,-0.287183,-1.256394,0.873092,-0.536875,0
0.399742,0.782185,-1.686023,-0.726027,0.936472,1.098823,0.738879,0.187553,-0.500408,0.093032,0.478229,-0.929467,0.952455,0.757296,0.013859,-0.818749,1
0.345252,0.289965,1.092180,-0.918945,-0.608961,0.075268,0.279591,2.263274,1.153260,0.094154,-0.174705,0.619348,0.591723,-0.107410,-1.131009,0.819363,0
-0.834235,0.742322,-0.486279,0.684520,0.994080,-0.247671,-0.166387,-0.880205,-0.048970,-0.483807,1.447108,-1.591949,0.235555,-0.803723,0.166361,-0.508683,1
2.021575,1.264423,-0.601296,-0.474935,-0.134837,-0.047223,-1.318027,0.458132,0.873826,0.962936,0.054428,0.902480,1.067014,0.945299,-0.698515,0.899607,0
-1.526388,-0.044015,0.230325,1.046726,-0.108762,-0.479339,0.837262,0.546474,0.052169,-1.339962,-0.994378,-0.118284,0.161268,0.692272,-0.349053,0.602224,1
1.590109,-0.605492,-0.193030,1.221422,-0.564364,0.003223,0.655918,-0.625676,0.172929,0.480441,0.124223,-1.175803,-1.752656,-0.467529,0.469865,0.026308,0
-1.230745,-0.425904,0.757040,-0.152763,-0.089658,-0.342580,1.380448,-0.085317,1.237811,0.183800,-1.055735,-0.375047,-0.958352,1.135402,0.222774,-0.134664,1
-0.114819,0.564021,1.255519,0.258811,-0.141421,-0.546482,-0.088125,-0.517878,0.094810,-0.835137,-0.571189,-0.413198,-0.359190,-0.258804,-0.117284,0.603818,0
-0.881472,-0.617260,-0.067674,0.460022,0.124075,1.664339,-0.536996,-0.116129,-0.433798,-0.708661,0.122433,-0.294893,0.059447,-0.098182,0.951057,0.224718,1
1.204864,-1.879619,0.307123,-0.375911,0.817910,1.048907,0.891828,0.121791,0.261818,-1.051994,0.320100,1.179714,-1.195938,-0.617308,0.590275,0.658872,0
0.123982,0.041816,-0.498353,-0.519369,-0.556785,0.584041,0.686212,0.199612,0.223058,-0.453722,1.909919,1.945284,-0.839170,-0.030600,-0.384834,-0.878213,1
0.634533,0.188198,-0.103881,-0.105701,0.819845,1.668213,-1.036916,0.135007,0.295542,-0.406556,-1.286289,1.397903,0.781240,-2.142124,1.015809,0.098275,0
-0.880640,0.839470,0.880193,0.817074,0.435177,-0.256570,-0.073406,0.930123,-0.783787,-0.417542,0.170748,0.997721,-0.470330,-0.145100,1.119570,0.335408,1
-0.036248,0.091028,-0.276356,-0.206454,-1.467540,0.075810,-0.068889,0.987060,0.492555,0.710862,-1.394259,0.746032,1.720679,-0.207151,0.863329,-0.453114,0
-2.179571,-1.683317,-0.499806,0.311908,-0.313032,0.232016,-0.197550,0.541530,-0.248753,0.583927,0.241660,1.101664,-0.481028,-0.261363,0.524794,0.358780,1
1.134853,0.088150,-0.099119,0.119032,0.296932,-0.480977,1.694499,0.407233,-0.341192,0.856605,1.228713,0.239311,-0.179131,-0.320329,-1.439519,-0.489858,0
-0.430552,0.080587,-0.179589,-0.611871,-0.800515,0.258984,0.253759,-0.046000,0.664718,-0.572240,-0.626659,-0.054069,1.080153,-0.327071,-0.600443,-0.536410,1
2.122448,-0.729232,0.613608,1.464106,-0.514484,-1.487194,-0.136577,0.799875,1.139704,-0.275131,-1.585737,0.139674,1.240302,0.666276,0.057925,-1.386991,0
-1.478071,-0.334196,-0.778845,-0.233886,0.630228,0.783452,0.250336,-1.102835,0.949331,0.583901,0.630756,-0.585769,-1.764986,-0.250814,0.020369,0.587412,1
0.592315,-0.387499,0.326481,1.513509,0.711875,-0.365410,0.403750,0.875017,-0.415067,-0.130914,0.385585,0.085887,-0.143811,-0.989483,-0.050324,-0.744210,0
-1.486588,0.302697,0.965533,0.549069,0.430588,0.833074,0.379901,0.805684,0.098319,-0.929267,0.293699,0.519276,1.359917,0.845268,0.642934,0.731698,1
0.944129,1.007312,0.160738,1.041250,-0.134395,-0.081351,-0.595560,0.930908,0.004178,0.026595,-0.633840,0.113806,0.424237,0.616316,-0.681082,0.648870,0
-1.114604,-1.132917,-0.821881,-0.835389,-0.629723,-0.196400,-0.585116,-0.243863,0.437052,0.553515,0.912913,1.000072,-1.302258,0.645415,-0.628474,0.711378,1
1.587229,0.731228,-0.536731,0.945162,-0.389014,1.002845,0.333114,-0.060852,-1.482781,-1.288535,0.239070,0.335127,-0.717817,-1.302132,1.233531,0.689249,0
-2.317281,0.312111,-0.278301,0.217525,-0.413270,-0.538570,-0.560823,-1.416408,-0.474960,-0.511655,0.646527,0.773551,-0.314762,0.913849,-0.600246,0.567376,1
0.823995,0.708866,0.256660,-1.002486,1.895549,0.421730,0.054263,0.835824,-1.116004,2.218558,1.474734,-0.114474,0.166142,1.594937,0.574834,-0.530103,0
-0.832905,-0.196645,-1.434393,-1.212234,-0.314851,2.186217,0.745394,0.415180,-0.285496,-1.486555,0.143241,-0.922466,0.380710,0.749820,-0.930840,-0.904904,1
0.930638,-0.387663,-0.928344,-0.074501,0.691158,0.105755,-0.102837,0.991379,-0.890762,-0.354551,-0.069075,-0.062400,0.681342,-1.213411,-0.609225,1.457515,0
-1.167111,0.185490,1.097102,0.715865,-0.247245,1.637756,-1.959880,-0.035812,-0.215820,-0.548662,0.706460,-1.458243,-0.327576,0.368415,-0.630043,0.555611,1
0.465085,-1.347999,-0.353943,0.670551,0.754710,1.244509,0.235469,0.412327,-0.826776,0.470375,-0.656760,0.260483,0.905897,0.181551,1.103029,0.329986,0
-1.490732,-0.265138,0.666519,-0.377273,0.387503,-0.313176,-1.440794,0.308148,0.795179,0.579326,0.252667,0.074624,-0.292145,-0.152865,0.042029,1.108618,1
1.066166,0.087155,-0.339281,0.097857,-0.288652,-0.355606,-0.550379,0.157351,0.400320,-0.037228,-0.840974,1.142407,-0.069488,-1.110556,-0.733700,-1.616359,0
-0.557487,1.388106,-1.483064,-1.555123,-1.231348,-0.592366,-0.161334,0.244027,-0.453626,-0.331772,-1.610684,0.379956,-1.472465,0.068618,-0.988882,-1.195797,1
-0.051219,0.569310,-0.037625,0.725631,-0.267571,0.907630,-0.420512,-0.588246,0.313632,-1.663934,0.591867,0.642794,-0.822845,0.067792,-1.158318,0.608168,0
-1.167266,0.234491,0.798393,0.069716,-0.164082,1.003856,-0.276392,0.639592,-1.657118,-0.749500,-0.213217,1.003585,-0.675561,-0.051018,-0.392421,0.492061,1
1.276141,0.021862,-0.456310,-0.258496,-0.978558,-0.178160,0.062696,1.056070,2.198641,0.435896,-1.962052,0.113250,-0.614098,-0.320793,1.604068,-0.197585,0
-2.307584,0.087819,0.148846,-0.332573,-1.712289,1.340421,0.320745,0.354125,0.207656,0.430237,0.535500,-0.010468,-0.448807,0.810777,1.101316,-0.311137,1
2.844413,-0.980814,-0.842182,-0.285701,0.511085,-0.517011,-0.629781,-0.459404,0.133279,-0.729707,-0.515053,0.966159,0.513142,-0.674377,-0.338280,-0.523857,0
-1.646185,-0.993739,-0.638641,-0.240356,0.054389,0.427220,1.778927,0.819006,0.409500,0.853426,0.314495,0.900048,-0.419142,0.541971,0.188186,0.076090,1
0.789066,2.156860,-0.777395,-0.958891,0.359833,1.545530,-0.731808,-0.907239,-0.795716,0.127209,0.844437,-0.591667,-0.348512,-0.518623,0.491093,1.193660,0
-0.289854,-0.279222,-0.470050,-0.826207,0.333574,1.059503,-2.729639,1.093128,0.882655,0.028725,0.141877,-1.364300,-0.944629,-0.874699,-1.652460,-1.065571,1
0.797963,0.652741,0.049945,0.082910,-0.254589,-0.708437,0.792842,0.244203,-0.691477,-0.016016,0.161656,0.542402,0.527213,0.560970,-1.586026,-0.173545,0
-0.914637,1.178530,-0.362838,1.423039,1.903084,-0.093727,-0.197572,-1.794184,0.985145,0.533730,0.546869,-0.205108,-1.255202,-0.554921,0.421488,-0.059967,1
0.019161,0.888084,-0.353446,-0.383447,0.147889,0.437814,0.131651,-0.382118,-0.966854,-0.827399,1.403433,0.094833,-0.742932,-0.549789,-0.255317,0.104995,0
0.465858,-0.509544,-1.281939,0.666285,-1.139611,0.581174,-0.037899,1.420632,-0.391163,0.446405,-1.118709,1.265717,-0.018887,-0.018623,1.285552,-0.526006,1
0.367181,-0.192482,-0.436509,-0.584219,-0.417230,-0.108582,-0.697030,0.113121,-0.272428,-0.935854,1.178823,-0.769098,0.440154,0.288438,-1.616314,0.409829,0
0.494561,0.820985,0.940959,0.073282,0.465348,0.358709,-0.256392,0.771408,0.149333,-1.067509,-0.128550,0.478734,0.376886,0.538892,0.149049,1.040995,1
0.414216,0.114773,-0.447577,0.214872,-0.364481,-0.840878,-0.181350,0.366263,-0.465890,-0.387222,-0.906493,-0.488071,0.165238,-1.356634,-0.735317,-0.179067,0
-1.600905,-1.125554,0.474154,0.324459,-0.241112,0.160029,0.405640,-0.685294,-1.110379,-0.154757,0.394729,0.020345,-0.658309,0.150635,-0.424895,0.306730,1
2.743651,0.870087,0.544791,0.342909,1.844465,-0.701700,1.170341,0.776127,0.256996,-0.485489,-0.141927,0.164703,0.038894,1.050202,-0.272472,-0.010051,0
-0.995682,0.236723,-0.118285,1.260340,0.040615,-0.752200,1.128308,0.146385,0.083072,1.336911,0.401844,0.170474,-0.572378,0.171793,1.361023,-0.357469,1
1.312535,0.591826,-0.421747,-0.591066,0.592065,0.714275,0.912162,-0.739002,-0.186855,-0.131150,-0.734637,-0.087158,0.593875,-0.282324,-0.549680,0.269438,0
-0.724452,0.164247,-0.093945,-0.747629,0.670835,-0.875487,-0.629476,0.697975,1.298504,-0.722769,0.594340,-0.297269,0.742793,-0.494168,0.984450,-0.521887,1
0.336683,1.012860,0.357128,-0.737876,0.426947,1.174843,0.310366,-0.085442,0.622053,-0.182128,1.363486,0.567815,0.324201,0.496536,0.662147,0.376155,0
-2.106642,0.092679,0.247332,0.170488,1.738739,0.550459,-0.722953,-0.251039,0.667564,1.268930,-0.194862,-1.652258,0.031472,-0.174992,0.527085,0.287384,1
