0.877861308940576,0.0501850166326171,-0.126635372520752,-0.600593767466115,-0.526643424490395,-1.05504814071486,0
-0.098234617321685,1.50682722491569,-0.361649903492723,0.508782659208865,-0.526643424490395,-1.3661216248969,0
1.68093975825222,-0.134764039030267,0.95639098065181,0.79965739912857,-0.526643424490395,1.17902506386524,0
0.934739440676252,0.143698220615941,2.45674053413506,1.04203769133444,0.618233585271333,-1.79031273969059,0
0.160295297664454,-0.0870103541475326,0.297077128376277,0.221387363247471,-0.526643424490395,-0.432901172350784,0
-1.21813086412153,0.0960207900446907,0.766059302714961,1.08983044311788,-0.526643424490395,-0.828812879491564,0
-1.10440618366124,-0.20440964351907,0.721085386758199,1.13972344341023,-0.526643424490395,-0.715695248879914,0
-1.44851457388784,-0.0652432143238921,-0.0794597063986744,0.0273369831579595,-0.526643424490395,-0.234945318780394,0
1.25069301213455,-0.943466892570223,1.00406427047863,0.849526203009526,-0.526643424490395,1.60321617865892,0
0.160981510359296,0.721953150493497,0.0626728906271016,0.0760588771388872,-0.526643424490395,-1.1398863636736,0
1.65177715431283,1.34434546230007,0.391893222382407,0.702895949967998,1.76311059503306,1.51837795570019,0
1.28059925242525,-0.272553269145308,0.437895247691417,0.751138755003344,-0.526643424490395,0.556878095501155,0
-0.356478562498593,-0.109757246336908,0.99945890392815,1.23444271544923,-0.526643424490395,0.160966388360376,0
-0.815061299020728,-0.133927552340654,0.0623489657626949,0.0755507524996343,-0.526643424490395,1.23558387917105,0
-0.958702268911603,-1.08126490348477,0.719221645147047,0.800339737929853,-0.526643424490395,-0.0369894652100044,0
0.648898834671953,-0.688063705643134,0.954301900004549,0.754177824274304,2.90798760479479,0.839672172030286,0
-0.672341691697949,-1.40453696944308,-0.172473088115933,0.173004219026046,-0.526643424490395,0.358922241930766,0
0.620474124718233,0.696911696749464,0.530645733866547,0.75315673571352,0.618233585271333,-1.16816577132651,0
-0.214178722104625,-0.272622591246657,0.109947142577477,0.220637274494289,-0.526643424490395,1.29214269447689,0
1.42333149295246,1.41362365965172,0.438374093143149,0.316077599592803,-0.526643424490395,1.40526032508854,0
1.65157617151518,1.27548781902994,0.768960542804865,0.751012933664101,-0.526643424490395,0.754833949071545,0
0.531944073535103,1.87545905252348,0.722127579800203,1.13993153254821,-0.526643424490395,1.5466573633531,0
0.18735619577696,1.02174350998813,1.0971058195754,1.18733714174936,-0.526643424490395,-1.53579807081437,0
-0.930693880467307,-1.33639565455356,-1.01662597932316,-1.18251262218528,0.0457950803904691,-0.319783541739134,0
-0.643629863461868,-0.133631778041564,0.484765767202097,0.511753978527924,-0.526643424490395,0.358922241930766,0
-0.0115277672315457,-0.734469999949311,1.09633121663878,0.606366786356799,0.0457950803904691,-0.376342357044964,0
-0.443974987865224,-2.30618874506138,-0.454273636460042,-0.215033630483355,2.90798760479479,0.0195693500958159,0
0.935078240249437,2.38530000057953,-0.314859191557331,-0.458468886225962,-0.526643424490395,0.472039872542416,0
-0.930713978747072,-1.1958035008073,-0.502801336798774,-0.943234309919986,0.618233585271333,0.160966388360376,0
-1.01852049185865,-0.502866707931091,-0.968713266770473,0.172660629984265,-0.526643424490395,0.698275133765715,0
1.27969482983582,2.0384584201625,0.251441279000944,0.0726036295919681,-0.526643424490395,0.189245796013295,0
-0.530040415712569,-0.111799937589997,-2.14555811925806,-2.82825767520389,-0.526643424490395,0.0761281654016455,1
0.474569227170943,0.743362126126833,-1.11254529569357,-1.08660288670574,-0.526643424490395,0.0478487577487261,1
0.534505168613761,-0.964967373377341,-0.216954074931206,-0.842262685177033,-0.526643424490395,-1.11160695602068,1
0.992309527472416,1.36752677299124,-0.545859870948609,-0.411450419607102,-0.526643424490395,-0.546018802962434,1
-0.988921468130078,0.0737499096179129,-1.62492401273625,-1.57268459517954,-0.526643424490395,-0.093548280515834,1
-0.269848085871561,-0.342672574659997,-2.42520987211034,-2.5393409088941,-0.526643424490395,-0.461180580003694,1
-0.702349858978888,-0.78023922414409,0.343849062058659,0.123924218156503,0.618233585271333,0.415481057236595,1
-1.47765995073029,-0.966951834065297,-0.358664161264278,-0.0217043034533551,-0.526643424490395,-0.715695248879914,1
-1.24627994052418,-1.03588064802615,-1.81444822579371,-2.05507393127477,-0.526643424490395,0.443760464889505,1
-0.443156987878778,-1.1747989040985,-0.264585113688754,0.219422614642361,-0.526643424490395,0.726554541418626,1
-1.18947645954192,-1.12778927643691,0.907553439138428,1.04384274362436,2.90798760479479,0.528598687848245,1
0.159043461953361,-0.111799937589997,-0.64330022581276,-0.892542828051669,-0.526643424490395,0.0761281654016455,1
-1.39078657203638,-0.573046092600283,-0.124227061572337,0.509977961931679,-0.526643424490395,0.500319280195326,1
-0.701031986062852,0.49071772775977,-2.47152417976689,-2.82797264147768,-0.526643424490395,0.330642834277855,1
-0.931012581760727,-0.158160248235613,-0.12590771521665,0.218759632970193,-0.526643424490395,-0.828812879491564,1
-1.21827729444554,-0.22709183508052,-0.971295276559222,-1.18142862295487,-0.526643424490395,0.104407573054556,1
-0.729562642662763,1.46109081318222,-0.874981616875617,-0.360797651997014,0.0457950803904691,0.811392764377365,1
-2.25219597159244,0.259075615364794,-2.84975434350693,-3.12066791939059,-0.526643424490395,-0.121827688168744,1
0.160335494223985,0.652785868504003,-1.4417139872531,-1.52394818335178,-0.526643424490395,0.160966388360376,1
-0.214546233506047,0.860442533832164,0.533983568338913,0.462204567277356,-0.526643424490395,-2.0448274085668,0
-0.702781110638994,-0.850960014424819,0.530950880477945,0.994482064382658,0.618233585271333,-0.772254064185734,0
-0.0122541764859185,0.165474603386428,1.18815687385321,1.13813615882285,3.48042610967565,0.896230987336105,0
1.25074182224255,0.0746973116696849,1.98816678679932,0.655122555313676,2.33554909991393,1.0941868409065,0
0.962920100089965,-0.94223342131355,-0.0296597794185771,-0.459848081675363,-0.526643424490395,-0.489459987656614,0
0.876477398819597,2.75413979449137,-0.0758918383269481,-0.601513231099048,-0.526643424490395,-1.19644517897942,0
0.0725892759516992,-0.503137064126353,1.14035683081858,0.121882041034934,2.33554909991393,1.88601025518805,0
1.59494496150233,-1.51966018315366,0.250723010823347,-0.0197201977191297,-0.526643424490395,0.585157503154065,0
-1.24661299773172,-1.88981478625441,-0.219122963153756,-0.360884759078028,-0.526643424490395,-0.404621764697874,0
-0.211988009610212,-0.411701212446793,0.95632995132953,0.996054831123203,-0.526643424490395,0.613436910806976,0
-0.355984144816367,-0.0884915363796933,1.14265716681219,0.99333515448263,-0.526643424490395,-0.461180580003694,0
-0.214264857589333,0.998786340757999,0.486742178331303,0.0240801461844633,-0.526643424490395,-0.489459987656614,0
-0.932020366931814,0.075080893963817,0.0626400286843358,-0.554852871368804,-0.526643424490395,-1.08332754836777,0
1.36710511971774,1.39033374433511,0.533100990447486,0.896418848289143,-0.526643424490395,0.952789802641936,0
-0.528484521740456,0.697172809997879,-0.17135108749864,-0.0709681970494853,-0.526643424490395,0.443760464889505,0
0.792015813697519,-0.596959213608023,1.80011197203983,0.269272061394201,-0.526643424490395,-0.319783541739134,0
-0.154552868406757,-0.0877659650522387,1.04881754196253,1.1390507831735,-0.526643424490395,0.132686980707466,0
-0.586754801594868,-0.248519296607549,0.252070350476749,0.221169595544934,-0.526643424490395,-1.87515096264932,0
1.1352829473568,1.02150550410683,-0.0794878737781881,-0.168092592380953,-0.526643424490395,-0.800533471838654,0
0.244860245368182,1.16059336825382,0.623954873068699,1.23491696511253,-0.526643424490395,1.88601025518805,0
-0.84631268846429,-0.918658130013052,1.19084216403351,1.23394426937454,1.76311059503306,1.00934861794775,0
0.56104351145237,1.06744294993422,0.534049292224444,0.268599401157476,1.76311059503306,1.1224662485594,0
1.45285299474479,0.397819179741742,0.859875454748358,0.363328351761037,-0.526643424490395,0.387201649583676,0
1.252134345912,2.222000237168,0.812319529002846,0.704763912927537,-0.526643424490395,-1.16816577132651,0
1.25108636418139,1.36692598144621,0.766059302714961,0.315545278542158,-0.526643424490395,-0.828812879491564,0
1.33826983062024,0.535160126934725,0.812319529002846,1.0919064952154,-0.526643424490395,-1.16816577132651,0
0.733687734635922,-0.18123295430133,0.626513410041187,0.656279143778261,-0.526643424490395,1.03762802560067,0
-0.959902423331871,-1.35810040448598,-0.0331853964210329,0.412601923921724,-0.526643424490395,0.472039872542416,0
-0.586813862686905,-1.14999314549905,1.14314540139043,0.89708666924359,-0.526643424490395,1.0941868409065,0
-0.413913703702048,-0.341147488430315,1.47191036051026,1.09184358454578,-0.526643424490395,0.330642834277855,0
1.7674456255447,2.03804248755441,0.953132953754734,0.898678793113249,-0.526643424490395,-0.941930510103214,0
-0.616660843199718,-0.54951354992895,-2.94145324751356,-3.0229963948047,-0.526643424490395,-0.857092287144474,1
-0.814993826224373,-1.33633557539905,0.251427195311187,0.412490620429317,-0.526643424490395,0.952789802641936,1
1.59562830301435,1.64500928027171,0.764979553166939,0.605389251336522,0.0457950803904691,-0.0652688728629249,1
0.907712996757629,2.10794227308149,0.108726556131886,0.268246133551139,-0.526643424490395,-1.30956280959107,1
-0.271745937717966,0.374483049690898,-1.34619370875913,-1.08823372483363,-0.526643424490395,0.924510394989015,1
-0.587161076261355,0.859051470331758,-1.62866557964832,-2.05355439663929,-0.526643424490395,-0.234945318780394,1
-0.242540266036225,-0.0183352590776179,-1.15767882680091,-0.407753207946253,-0.526643424490395,-0.602577618268264,1
-0.356546896649794,-0.480265392154549,-1.25192687865352,-0.989991455295802,-0.526643424490395,-0.404621764697874,1
-1.50510845852398,-2.02766178478725,-1.48707285739655,-0.941419579065512,-0.526643424490395,-0.150107095821665,1
-1.47749342212652,-2.3059553606535,-0.971454891709799,-0.458449529096848,-0.526643424490395,-0.800533471838654,1
0.646705250994716,0.397920852157054,-0.593720943305519,-0.988215438699557,-0.526643424490395,-1.95998918560806,1
-0.443958335004847,0.860142138059651,0.439796545808587,0.411222728472324,0.618233585271333,-0.489459987656614,1
-0.242807286038821,0.766261526939177,-2.37693390833688,-2.48898333750301,-0.526643424490395,1.37698091743563,1
1.02138025356145,0.698857337060664,-0.218432862355672,-0.360986384005879,1.1906720901522,-0.630857025921174,1
-0.816309689312433,0.375386547745149,-0.594899278681839,0.220317881863901,-0.526643424490395,1.26386328682396,1
-1.13094739768267,-1.66003974912244,-0.267430019019631,-0.021128428862202,1.76311059503306,-1.16816577132651,1
-0.414685477645034,0.327930947898217,0.159010023126968,-0.024114266028097,-0.526643424490395,-0.093548280515834,1
-0.700255331109066,-1.01100002155725,-0.830791692981984,-0.989507527067943,-0.526643424490395,0.981069210294846,1
-1.04691074761849,0.881777565890729,-1.81543877863994,-1.47601993166454,-0.526643424490395,1.574936771006,1
1.30719789010316,1.22991546960299,0.905628668204997,1.0413456739686,0.618233585271333,1.88601025518805,0
1.65196952356201,-0.203136427590957,1.05042308259481,1.1378070876279,-0.526643424490395,-1.47923925550855,0
-0.844314632337341,-0.920343812444193,0.345050870251241,0.364567208024358,0.618233585271333,0.443760464889505,0
-0.011005211957649,-0.942641266343155,0.249788792736145,0.411808281628035,0.618233585271333,1.43353973274145,0
-1.62157511858082,-1.84352610844686,-0.875845416514035,-0.89371393436309,-0.526643424490395,-0.857092287144474,0
1.01991595032141,0.697803641120156,-0.59246280035391,-0.313629167627516,1.76311059503306,0.754833949071545,0
0.302298257754461,0.858898961708789,-0.690034602989124,-0.554281836059929,0.618233585271333,0.0478487577487261,0
1.05090462653661,0.836600352441472,1.18902536805488,1.23506698286317,0.0457950803904691,0.556878095501155,0
-1.3605185627099,-0.943510334420402,0.908666050629217,0.944811671075125,-0.526643424490395,0.952789802641936,0
0.878926517768135,0.92887962302078,0.908830360343046,0.946844169632137,0.0457950803904691,-1.90343037030224,0
-1.07422143863665,-0.804188254000328,0.346590686997986,0.123938736003338,-0.526643424490395,-0.885371694797384,0
-0.787103156275845,-0.919724997152816,0.440481952043419,0.317510027147269,0.0457950803904691,-0.885371694797384,0
-1.27614024188971,0.211592286677322,0.532622144995754,0.99502890328014,1.1906720901522,1.03762802560067,0
-1.0459632572867,-1.12723932109954,0.767843236750825,0.459746211879829,-0.526643424490395,0.189245796013295,0
1.42183560670136,1.59800889555697,0.766509980787179,0.318995686806798,-0.526643424490395,-0.743974656532824,0
0.18766628352191,-1.01189473881199,0.768749287458513,0.89584297369799,-0.526643424490395,-1.47923925550855,0
1.50963350626447,0.606578066481355,2.08079521432989,0.655543572871915,-0.526643424490395,-0.150107095821665,0
0.445739680439095,-0.688416555139001,0.393555097773711,0.511028086186134,-0.526643424490395,-1.02676873306195,0
-0.902300753524647,-0.966917866235635,0.108820447396932,0.0735811646122446,0.0457950803904691,-0.828812879491564,0
-0.214738602755229,0.581287053172465,-0.0315657720989992,0.318995686806798,0.618233585271333,-0.743974656532824,0
0.333100307086128,0.419870540180914,0.860983371675894,0.99333515448263,-0.526643424490395,-0.461180580003694,0
-0.0685953970335792,-0.8504024336563,-0.264322218146627,-0.0229528382812334,-0.526643424490395,-0.659136433574084,0
-1.13190063038011,-0.595719041214886,-0.405999442536933,-0.216853200620108,-0.526643424490395,-1.39440103254981,0
1.02079453226543,0.327706806437188,-0.360574848507952,0.027186965407323,-0.526643424490395,1.80117203222931,0
1.76690584317387,2.79973062981201,1.18757944257318,0.897991615029687,-0.526643424490395,0.0761281654016455,0
0.217170558217306,1.13786496195813,0.204828960469139,0.367170741890244,-0.526643424490395,-0.00871005755709425,0
0.188521896003345,-0.942288416847287,0.487446362819144,-0.118538341848106,-0.526643424490395,-0.970209917756124,0
1.7390467562364,-0.0651115023313287,0.907816334680556,1.09233235205591,1.76311059503306,2.16880433171717,0
0.131342290071191,1.136487762878,1.09519513233173,1.23749146328475,0.0457950803904691,-0.206665911127484,0
-0.0974249437654275,0.0287321370017595,0.156564155672534,-0.359476527934957,-0.526643424490395,-1.1398863636736,0
-0.873761196257983,0.512662794310206,-0.217512727958227,0.750316077015983,-0.526643424490395,1.82945143988222,0
-1.53366237170476,-1.93523924853182,0.107491885996539,0.992478601519318,-0.526643424490395,0.160966388360376,1
-1.24567124976558,-0.573792460558142,-1.01610488280215,-0.506973012504353,0.0457950803904691,0.952789802641936,1
-1.21751068863163,0.00446478005612536,-0.452625844758495,-0.361867133380584,2.33554909991393,1.63149558631183,1
-0.212665608756584,-0.318860432846556,-0.642027999171394,-0.892508953075719,-0.526643424490395,1.85773084753513,1
0.991801328112638,1.50569496392699,-0.499106715519236,-0.408091957705755,-0.526643424490395,1.37698091743563,1
-1.01590771548917,-0.942739472653399,-1.43930098174143,-2.05487552070135,-0.526643424490395,0.132686980707466,1
-1.27642736017207,-1.93666959455632,-1.4410943049038,-1.7625635139449,0.618233585271333,-0.263224726433315,1
-0.499272533456503,-0.433315843647465,-0.455226632800253,0.994598207157345,0.0457950803904691,0.981069210294846,1
1.56689637649851,1.15909138939125,-0.0793752042601337,0.557422285391056,-0.526643424490395,0.896230987336105,1
-0.213389146828133,1.41385011184946,-1.25031664345799,-1.08861118885136,-0.526643424490395,1.82945143988222,1
0.59002523087387,0.697299900517019,-1.15920925442115,-0.843733826989727,-0.526643424490395,-0.234945318780394,1
-0.0123805085301572,1.06692072343739,0.859584391826717,0.996248402414346,-0.526643424490395,0.104407573054556,1
0.41826533199999,0.629133167523665,-0.361804824080048,-0.313290417868014,-0.526643424490395,0.472039872542416,1
-0.845797311147452,0.351974163382822,-1.25057014987361,-0.79863655543547,-0.526643424490395,0.274084018972026,1
0.907489044497388,1.11477839147215,-0.782348494781793,-0.553047819078887,-0.526643424490395,-1.1398863636736,1
-1.07334285669263,-0.734674962295634,-1.2994170805135,-0.943190756379479,-0.526643424490395,1.43353973274145,1
-1.21842085358672,-1.38083805372851,-0.96881185259877,-0.987828296117269,0.618233585271333,-0.00871005755709425,1
0.244693716764413,-0.988553525140384,0.48557792664474,0.074142521356562,-0.526643424490395,-0.857092287144474,1
-1.6214516577194,-0.943044258825665,-0.639239428599545,-0.746691699456996,-0.526643424490395,-1.19644517897942,1
1.71032918563467,1.20556492613574,1.18820381948573,0.802677111270416,0.618233585271333,0.104407573054556,0
-0.644137488585082,-0.574055884543269,0.814690283445243,0.70503007345286,1.76311059503306,-1.93170977795515,0
1.16605341367741,-0.226357020806218,-0.125433564328171,-0.118020538644296,-0.526643424490395,1.23558387917105,0
1.50997517702048,2.08414168495161,0.953578937263699,0.657566392864368,0.0457950803904691,-0.517739395309524,0
0.734009307112166,-0.295979517927905,1.23636534389079,0.847227543927191,1.1906720901522,-0.913651102450304,0
-0.759735041601213,0.0268442651083503,0.107829894550703,0.559241855527809,1.76311059503306,0.0761281654016455,0
-1.56368058812558,-0.779891227195317,-0.829326989247275,0.0742538248489697,-0.526643424490395,-1.08332754836777,0
0.992309527472416,-0.573492064785629,0.486944044551151,0.314441922182637,0.0457950803904691,-0.546018802962434,0
0.189676111498435,-0.41202240484971,0.999538711503439,0.850179506117136,-0.526643424490395,-1.45095984785564,0
-1.79366807466223,-0.618198350093054,0.156047753714784,0.460075283074773,-0.526643424490395,-1.62063629377311,0
0.474451508675175,0.81356230742643,0.675228892910009,0.511028086186134,2.90798760479479,-1.02676873306195,0
1.10664864105696,1.06665729945226,1.0500991577304,0.898514257515776,-0.526643424490395,1.37698091743563,0
0.303369208947667,-0.757429479916157,-0.0759012274534526,-0.408895278564002,-0.526643424490395,-0.970209917756124,0
1.05090175535379,-0.132873856400146,0.95387000018534,1.09329536922936,0.0457950803904691,0.641716318459895,0
-0.557021782060861,-0.527159482980553,0.0159713753935035,-0.0221979102457718,2.90798760479479,1.06590743325359,0
-0.471364349292751,-0.641587627088265,0.625696556035291,0.656922768321315,0.618233585271333,-0.432901172350784,0
0.591885757343568,-0.111645118230317,0.955611683151933,0.848026025503161,0.0457950803904691,0.952789802641936,0
0.417857624039037,-1.12863500607337,0.344839614904888,0.0271724475604873,0.618233585271333,1.03762802560067,0
1.22293728777873,-0.550625014287248,0.391996502773957,-0.0225753742635026,-0.526643424490395,0.443760464889505,0
-0.67361276433396,0.629657704757207,0.907661414093231,0.848538989424692,1.76311059503306,-1.08332754836777,0
-0.128089176321561,-1.08028746185575,0.860715781570514,1.04211028056862,3.48042610967565,-1.08332754836777,0
-0.559032787222345,-0.712210673206091,0.814403915086855,0.17057489932219,-0.526643424490395,1.51837795570019,0
-1.10351037462027,-1.40443529702777,0.769120157955442,0.752532468299581,-0.526643424490395,-0.970209917756124,0
0.591808235407331,-0.896601685953115,0.86188472782033,0.753272878488206,-0.526643424490395,-1.90343037030224,0
-1.44782549001017,-1.15097751933821,-0.267824362332822,-0.410860027169113,-0.526643424490395,-0.0652688728629249,0
1.79568945098054,1.32248358227125,1.80089596410296,1.28225482436178,-0.526643424490395,0.274084018972026,0
0.620080772671399,1.55241806023633,0.440242529317553,1.23537185764672,-0.526643424490395,-1.25300399428525,0
-0.729616908018129,-0.296753614726304,-0.59260833181473,-1.18334981801947,3.48042610967565,-0.998489325409034,0
1.19259175651602,-0.712528399503942,0.861236878091516,1.08911422934065,-0.526643424490395,2.11224551641134,0
0.41708814704231,-0.0649636151817838,1.47331403492269,0.898664275266412,1.1906720901522,-1.19644517897942,0
-0.643102427177172,-0.712389524227572,-1.20462445932363,-1.08755622531462,-0.526643424490395,-0.461180580003694,0
-0.844029236764674,0.027146971617575,-1.91075625200141,-2.00494380615077,-0.526643424490395,0.302363426624945,1
-0.47164888351057,-0.296321506961228,-0.171919129652164,0.80000582745263,-0.526643424490395,1.40526032508854,1
-0.788916595347236,-1.24378594862448,-1.39382005295343,-1.76390883441835,-0.526643424490395,-0.772254064185734,1
-1.70622333058643,-1.8428190230131,-0.219850620457858,0.556594768121416,-0.526643424490395,1.46181914039435,1
-0.902984095036665,-0.341184460217701,0.109886113255197,0.125458270638818,-0.526643424490395,0.585157503154065,1
0.676858413008248,-0.109766489283755,-1.34654580100305,-0.943582738244045,-0.526643424490395,1.46181914039435,1
-0.816428269163048,0.53588569826218,-1.43953570990405,-1.47562794979997,-0.526643424490395,-0.913651102450304,1
1.70916061422546,1.66913337154122,1.37599104413985,1.04250710171547,1.1906720901522,0.867951579683196,1
-2.79625927602075,-2.23663325930433,-1.62805998098877,-1.66769422415526,-0.526643424490395,-0.0369894652100044,1
-1.30378399011541,0.443523241161252,-0.360898773372359,0.0284596966465944,2.90798760479479,-0.517739395309524,1
0.0172788100377139,0.60552668127756,-0.0785067100584632,0.944710046147275,0.0457950803904691,0.556878095501155,1
-0.845909000159291,-1.26549300929362,-1.58092187137271,-1.18268199706503,-0.526643424490395,0.415481057236595,1
-1.13121154650245,-1.65873649361708,-0.0790371957059701,0.169757060617107,-0.526643424490395,0.387201649583676,1
1.16412685000277,0.166539853010494,-1.01749916808808,-0.120657947486132,-0.526643424490395,1.49009854804728,1
-1.67750288880188,-1.63639629108895,-1.48681465641768,-1.81125637223216,-0.526643424490395,-0.206665911127484,1
-0.300725360193207,1.02221952175073,-0.123691881361578,0.559803212272127,-0.526643424490395,0.698275133765715,1
-0.844314632337341,1.4366085577224,-1.34499190056655,-0.748467716053242,-0.526643424490395,0.443760464889505,1
-1.10327493762874,0.190629283229331,-1.11181763838947,0.169452185833555,0.618233585271333,1.46181914039435,1
0.275645067602907,0.744593748794137,1.14208443009541,0.947749115418235,-0.526643424490395,0.839672172030286,0
1.451807884197,0.905065170470628,0.906393882015117,0.99347549366871,3.48042610967565,-0.687415841226994,0
-1.0753957524115,-0.504481912892527,-0.451977995029681,0.315729171268745,0.0457950803904691,1.17902506386524,0
1.50814623356184,-0.805001795074395,2.36524349634829,0.752788950260347,0.618233585271333,1.5466573633531,0
-0.213656166830728,0.235968248248403,-0.0799620246666676,-0.168707181230334,-0.526643424490395,-0.121827688168744,0
-1.5054759699254,-1.45065003126055,0.111881302637413,0.800925291085563,-0.526643424490395,-0.970209917756124,0
1.02249427249701,1.02144080347891,-0.125433564328171,0.462693334787495,0.0457950803904691,1.23558387917105,0
-0.989734012869159,-1.33630091434838,-0.0797413801938107,1.0426813158775,-0.526643424490395,0.0478487577487261,0
1.27891961047344,0.581402590008047,-0.170487287860222,0.221014738512019,-0.526643424490395,1.37698091743563,0
0.4753300906192,-0.387787398218039,0.531204386893568,0.1699167569323,0.0457950803904691,-0.291504134086225,0
-0.125909948558443,1.11304533893842,-0.124137864870544,-0.0714376074305094,1.1906720901522,0.952789802641936,0
-1.76390252232989,0.0729989201866301,-0.311530746211471,0.0742441462844128,-0.526643424490395,0.726554541418626,0
-0.471594618155204,-1.26693490900168,-0.924711125406931,-0.648986590252097,-0.526643424490395,-1.05504814071486,0
0.131098239531184,-0.202852206975425,0.909957055523592,0.704139645513598,-0.526643424490395,-0.970209917756124,0
0.905269620174739,2.86942244903505,-0.218400000412906,0.0737892537502244,-0.526643424490395,1.51837795570019,0
-0.0406272051488132,-0.874247619004718,0.814253689062782,0.753200289254027,0.618233585271333,-0.319783541739134,0
-0.816223553827725,-1.47439978318278,0.0155864212068171,0.6567001613365,-0.526643424490395,0.528598687848245,0
1.68224614643696,0.512845342510426,0.437176979513819,0.754352038436334,-0.526643424490395,-0.517739395309524,0
1.56681311219662,1.43767842881989,1.2842451945007,1.04046008531162,-0.526643424490395,0.189245796013295,0
1.45209787366219,1.02069443552105,1.32867923568346,0.851190916113364,2.33554909991393,-1.05504814071486,0
1.79740928949188,0.329273485927679,0.906924367662624,1.14168819201534,-0.526643424490395,0.641716318459895,0
0.819487290953801,-0.0177437104794382,1.23754837383036,0.459576837000078,1.1906720901522,0.274084018972026,0
0.275590515129259,-1.35836844994453,-0.0773095964291339,0.461188317998851,-0.526643424490395,-0.376342357044964,0
-0.441982961222205,0.743345950969852,1.04648434402616,0.801786683331154,1.1906720901522,-1.45095984785564,0
-0.844029236764674,-1.38240242248229,0.905980760448917,0.850232738222201,-0.526643424490395,0.302363426624945,0
0.505046832843543,1.46109081318222,1.42535437673749,0.849022917652551,-0.526643424490395,0.811392764377365,0
-2.08092130261575,0.167387893383665,0.064146983488315,0.94358733265864,-0.526643424490395,1.00934861794775,0
0.905065766194263,1.57635729256891,1.37754494457635,0.993606154290232,-0.526643424490395,-0.857092287144474,0
1.04964991964269,0.18945773971653,0.577567893573002,0.801893147541283,0.0457950803904691,-0.941930510103214,0
0.302298257754461,1.34415367115301,-0.73698023551184,-0.409103367701981,-0.526643424490395,0.0478487577487261,0
-1.10273228407508,-0.526826736894077,-1.06453869187584,-0.602152016359823,-0.526643424490395,1.85773084753513,0
-0.357229089688684,-0.203367501262121,0.155057200868555,0.898678793113249,-0.526643424490395,-0.941930510103214,0
0.505391374782376,0.0502797568377942,-0.265965315284922,-0.31009649156414,-0.526643424490395,1.68805440161766,1
-1.24682546526067,0.119763609756783,-3.08296616219003,-2.97268266731106,-0.526643424490395,-0.206665911127484,1
-1.44657652548191,-1.70514995120706,-1.53194349296176,-1.37924880393941,-0.526643424490395,-0.178386503474575,1
0.732961325381549,-0.503137064126353,0.389226710455117,1.23491696511253,-0.526643424490395,1.88601025518805,1
-0.987698344247221,-0.642696318562509,-0.688213112447242,-1.13523283432337,-0.526643424490395,1.06590743325359,1
1.30713759526386,0.81425321770321,0.29881881134287,0.124267807198283,-0.526643424490395,0.698275133765715,1
-2.33789216532867,-1.86730589994634,-1.95786713315061,-4.86299972347951,-0.526643424490395,-0.0652688728629249,1
-1.04461954372525,-0.711665801489487,-1.39235534921872,-1.81291140677144,-0.526643424490395,0.132686980707466,1
-0.959425806983152,-1.4499845390876,0.530002578700987,0.944085778733336,1.76311059503306,0.160966388360376,1
-0.385074969185164,-0.920651602574183,0.534086848730463,0.800755916205813,-0.526643424490395,-0.998489325409034,1
-0.902300753524647,-1.47448065896769,0.577197023076073,1.13771030198233,0.0457950803904691,-0.0652688728629249,1
-0.183273310191308,-1.24396387535128,0.718367234635133,-2.39453990455388,-0.526643424490395,-1.73375392438476,1
1.05095056546179,-0.619858152273024,-0.361551317664425,-0.214409363069416,-0.526643424490395,0.302363426624945,1
-0.989021959528904,-0.111910852952156,-1.20436625834475,-0.892291185373182,-0.526643424490395,1.03762802560067,1
0.589361987641617,0.489261963631437,-1.15626106869872,-1.08493333431962,-0.526643424490395,1.3204221021298,1
-2.30966556698978,-2.16766470067204,-2.09437846013812,-2.2501841141833,-0.526643424490395,-0.093548280515834,1
-0.127138814806947,-0.804286275451636,-1.20500002438381,-0.746691699456996,-0.526643424490395,0.528598687848245,1
-0.270640532330877,-1.66013911080104,-0.172853347739367,-0.410347063247581,-0.526643424490395,-0.828812879491564,1
-0.93087189380237,-1.51929970822664,0.813263136216553,0.849114864015845,-0.526643424490395,-0.150107095821665,0
-0.442150064062539,-0.572526176840164,-0.125447648017928,-0.455642745375261,-0.526643424490395,0.839672172030286,0
1.27978670768617,0.25981736184923,1.1429904808031,0.897227008429669,0.618233585271333,-0.630857025921174,0
1.10794067332758,-0.0425725764460006,1.42605386666207,-0.215493362299822,0.0457950803904691,-0.998489325409034,0
0.0164519093845147,0.674187911927204,-0.218864762174881,0.364470422378786,-0.526643424490395,1.40526032508854,0
1.50924589658328,-0.319826320792021,0.298762476583842,0.654958019716204,-0.526643424490395,0.726554541418626,0
-0.443090089318988,0.444274230592535,0.295434031237982,-0.21650477229605,-0.526643424490395,0.472039872542416,0
2.25598025416444,0.7662661484126,3.4415660131966,0.944564867678917,3.48042610967565,0.896230987336105,0
-0.844557247285936,0.465978980524961,0.485634261403767,0.462843352538132,-0.526643424490395,-0.319783541739134,0
0.331225424702312,0.882909826879432,1.14431434764024,1.04102144205594,0.618233585271333,-1.47923925550855,0
-0.645073494185579,0.398175033195334,-0.690541615820369,-0.893462291684603,-0.526643424490395,-0.348062949392044,0
0.3902942689324,1.04378331674375,1.19007225566014,0.848495435884184,-0.526643424490395,0.443760464889505,0
0.159772742390557,-0.180442682345949,-0.594514324495153,-0.798128430796217,1.76311059503306,-0.913651102450304,0
0.877140642051851,-0.340888685918612,0.201467653180513,-0.0687905200241163,0.0457950803904691,-1.28128340193816,0
1.19343588426616,-0.133530105626252,0.111881302637413,0.123425772081807,-0.526643424490395,-0.970209917756124,0
-0.441848302747778,0.813328923018554,0.580699167262268,0.170618452862697,2.90798760479479,-0.659136433574084,0
-0.500861446031088,-0.942094777110852,-1.62549205488978,-0.745646414484819,-0.526643424490395,-1.22472458663233,0
0.475522459868381,-0.271913195076184,0.438960913549683,0.267979973025816,2.90798760479479,1.0941868409065,0
1.28013699199065,1.66730788953903,0.483784603482372,0.653472360056674,3.48042610967565,-1.8185921473435,0
0.819378186006504,1.09145843657829,1.18887044746755,0.704638091588294,-0.526643424490395,0.415481057236595,0
0.359957351218157,2.13042574128574,0.343802116426137,-0.118247984911391,-0.526643424490395,0.0195693500958159,0
0.876910947425962,0.652369935895908,-0.358603131941998,-0.508279618719574,-0.526643424490395,0.274084018972026,0
1.13649745769119,0.0285264814344236,1.00126161621702,0.463351477177384,-0.526643424490395,-0.432901172350784,0
1.05095056546179,1.48291109995022,-0.126823155050843,-0.311195008641382,-0.526643424490395,0.302363426624945,0
-0.0993285379774796,-0.480750646863993,0.252375497088146,0.510563515087389,-0.526643424490395,1.1224662485594,0
0.187858652771091,1.62280310047286,0.720184030613763,0.846946865555033,-0.526643424490395,1.65977499396475,0
0.560940148870721,-0.226525704586168,-0.595110534028191,-0.0214623393394252,-0.526643424490395,0.0195693500958159,0
-0.0983896611941598,-0.735712020931817,1.09426560880778,1.04135051325088,3.48042610967565,0.896230987336105,0
1.33574606091829,1.34480992037911,0.815906175327581,0.702620110878118,-0.526643424490395,0.754833949071545,0
-0.127535038036605,0.00459880278540043,0.0611659358231223,-0.262748953750335,1.76311059503306,-0.941930510103214,0
1.88329785247729,0.767185821623833,0.954123506600963,1.09159678114957,1.1906720901522,1.85773084753513,0
-0.817054474136877,-1.33494682263536,0.250727705386599,0.60498275162512,-0.526643424490395,1.65977499396475,0
-1.16205379239364,0.766298498726563,-0.874023925972154,0.172075076828555,1.1906720901522,1.5466573633531,1
-2.02354071388594,-0.226010410299473,-2.28421298382655,-2.29710579515659,-0.526643424490395,-0.857092287144474,1
-1.84944080101082,-1.01215446561838,-1.95374342878982,-1.95695264379391,-0.526643424490395,-0.885371694797384,1
0.503585400786326,0.974246316880391,-1.01886528599449,-1.23129258755355,-0.526643424490395,0.0761281654016455,1
0.275171322437012,0.698684031807291,-0.312023675352959,-0.505119567391649,-0.526643424490395,0.330642834277855,1
1.19413071050947,1.2300171420183,0.20476793114686,0.316701867006743,-0.526643424490395,0.811392764377365,1
0.0177066162784314,0.859203978954726,0.862438686284098,0.366948134905429,0.0457950803904691,0.613436910806976,1
-1.90735830092864,-0.572015504026892,-1.39297503156802,-0.457181637139855,-0.526643424490395,1.26386328682396,1
-0.300650709439793,0.512288454962921,-2.52091474083139,-2.5867803930712,-0.526643424490395,0.0478487577487261,1
-0.242367995066809,-1.10425904450229,0.483385565605929,0.315221046629492,1.76311059503306,-0.121827688168744,1
-0.988973149420903,-0.942363284716745,-0.92411022131064,-0.797939698787352,-0.526643424490395,-0.291504134086225,1
-0.185624808923843,-0.966501009332856,-1.29961425217009,-0.794639308273348,-0.526643424490395,1.15074565621232,1
-0.471488097272448,-1.26604758610441,-0.0799761083564243,-0.362288150938822,-0.526643424490395,-1.3661216248969,1
-1.61983231060689,0.189871361587914,-1.76862459388829,-1.85949433798522,-0.526643424490395,0.358922241930766,1
-1.10423965505747,-0.572902826924161,0.0144033912672445,-0.603627997454796,-0.526643424490395,-0.800533471838654,1
-0.701289244043848,0.0270776495162259,-1.20638492054323,-1.4716645776138,-0.526643424490395,-1.05504814071486,1
-2.08021786282396,-0.550287646727349,-0.875610688351422,-0.748811305095022,-0.526643424490395,-0.574298210615344,1
-0.184525145902401,-0.805034145388358,-0.0324295717374173,0.121886880317213,-0.526643424490395,0.896230987336105,1
-1.50535250906399,-0.226052003560282,-0.030232516135354,0.798495971381707,-0.526643424490395,0.189245796013295,0
0.158914258726299,-0.527912783148548,-0.640337956400576,-0.989560759173007,-0.526643424490395,-0.715695248879914,0
-0.816695576283926,-0.0425032543446515,0.204852433285401,0.170376488748767,-0.526643424490395,-2.01654800091389,0
0.533385407312554,0.305468276324373,0.110402515212947,0.0251109133098048,-0.526643424490395,-1.39440103254981,0
1.50934638798211,0.119518671665349,0.577910596690419,0.609105820126486,0.618233585271333,0.104407573054556,0
-0.472937470361806,0.49064840565842,0.953480351435402,0.365007582711711,0.618233585271333,0.867951579683196,0
1.33726204544916,1.96883592304082,0.90792900419861,0.992643137116791,0.618233585271333,0.217525203666206,0
-0.442187102320963,-0.665300176149434,0.579394078678136,0.655451626508621,2.90798760479479,0.245804611319116,0
1.9966722486331,0.998980442641777,1.14365710878493,1.28225482436178,-0.526643424490395,0.274084018972026,0
-0.815142266376354,0.92907603564127,-0.031908475216415,-0.506266477291678,-0.526643424490395,-0.0369894652100044,0
0.993242661890089,0.974461215394574,0.626724665387539,0.170995916880428,-0.526643424490395,0.443760464889505,0
0.102472546779812,1.22890105618658,-0.9700089662281,1.18911799762788,-0.526643424490395,2.16880433171717,0
1.42362722478329,-0.480651285185393,0.202138975725588,0.315975974664953,-0.526643424490395,-2.10138622387262,0
0.992708621884898,-0.897216110844739,0.201984055138262,0.125298574323624,2.33554909991393,-1.05504814071486,0
0.445975117430631,1.46111392054933,1.70368564283817,1.18742908811265,-0.526643424490395,-0.348062949392044,0
1.5393732179514,0.92947117161896,0.249563453700036,0.510210247481051,-0.526643424490395,-1.30956280959107,0
-0.55691095440387,0.350650111247052,0.48347006774447,0.608268624292288,0.618233585271333,0.302363426624945,0
-0.271992859440797,-0.527462189489778,0.956292394823512,1.18952933662156,-0.526643424490395,1.3204221021298,0
-0.73115184235563,-1.29045589798946,0.627194121712766,0.510616747192454,0.0457950803904691,-0.715695248879914,0
-0.645267299026172,0.00549536862951641,1.37856835936535,0.898552971774005,1.76311059503306,0.698275133765715,0
-0.299888697518408,-1.03479275318231,0.10869369418912,-0.0236545342116299,-0.526643424490395,-0.291504134086225,0
-0.415154916036694,-1.08126490348477,-0.267270403869053,-0.410056706310865,1.1906720901522,-0.800533471838654,0
1.50843048066137,1.83002996877265,0.907149706698733,0.462465888520401,-0.526643424490395,0.0195693500958159,0
-0.127253662119891,1.57559474945407,0.86223682006425,1.23424430487581,-0.526643424490395,1.82945143988222,0
-1.07377066293334,-0.457412206076438,-0.829636830421925,-0.603860283004169,-0.526643424490395,0.556878095501155,0
-0.817463617689241,-1.01279869901359,1.18779069791953,1.13946696144946,3.48042610967565,0.0478487577487261,0
-0.815869824103856,-0.249905738634533,0.534227685628031,0.50883589131393,-0.526643424490395,-1.56407747846729,0
1.73804184224813,0.974613724017542,0.581304765921811,0.849990774108271,-0.526643424490395,2.05568670110552,0
-0.0424676333387459,-0.343007631483185,-0.313239567235298,0.270602864020816,-0.526643424490395,-0.743974656532824,0
-0.500065267034101,-0.850369621194995,-0.830664939774173,-0.942237417770595,-0.526643424490395,-2.10138622387262,0
1.96817288792597,2.01426500679164,0.957128027082417,1.23575416094673,1.1906720901522,2.14052492406427,0
0.476914983537831,1.08973693772811,-0.032701856406049,-0.408271011150063,0.618233585271333,-1.16816577132651,0
-0.528247362039226,-0.388090104727264,-0.360180505194762,-1.08778851086399,-0.526643424490395,0.556878095501155,1
0.87855613518389,-0.480441008144633,-0.359518571776191,-0.602761765926927,-0.526643424490395,0.245804611319116,1
0.15864436754088,1.1141729784537,-0.827665113855971,-0.699982946903966,-0.526643424490395,-1.53579807081437,1
1.25114665902068,0.789311125637777,-0.921631491913441,0.0274724830617604,-0.526643424490395,-1.50751866316146,1
-1.10206904084282,0.259722621644053,-0.827247297726519,-0.213155988959259,-0.526643424490395,-1.11160695602068,1
-0.645208439778288,-0.895793159177712,-2.33271599076258,-2.34499049330332,-0.526643424490395,0.867951579683196,1
1.27892535283909,1.62185569842108,0.436730996004854,0.0763637519224385,-0.526643424490395,-0.263224726433315,1
-0.730177362905298,0.0501965703161753,-1.39380596926367,-1.71374967360068,-0.526643424490395,0.104407573054556,1
0.589250011511496,1.59842482816506,-0.0793423423173676,0.0266256086630061,-0.526643424490395,-0.772254064185734,1
0.934885871000256,1.2057752031765,-0.0294579131987294,-0.508236065179067,-0.526643424490395,-0.546018802962434,1
0.388402159451642,1.39191197750916,-1.20300483500159,-1.42511552137597,-0.526643424490395,-2.0448274085668,1
0.0174252403617179,-2.14341351888339,-1.20655392482031,-1.13516992365375,-0.526643424490395,-1.67719510907894,1
-0.298990591531183,-0.317975420685998,-0.313746580066543,-0.554717371465003,1.1906720901522,-1.42268044020272,1
1.5681482122096,0.396659189912499,0.530584704544268,0.557422285391056,-0.526643424490395,-1.73375392438476,1
-1.36044965432213,-1.33556378933737,-0.265660168673524,-0.554698014335889,0.0457950803904691,0.132686980707466,1
-0.0983408510861584,-1.61354541574755,-1.06554802297508,-0.939343526967993,-0.526643424490395,-1.05504814071486,1
0.132418983630044,-0.873494318836723,0.34548277007045,0.220951827842398,-0.526643424490395,-1.90343037030224,1
0.35974488368921,0.743553917273899,-0.734801958162786,-0.506924619681567,1.1906720901522,1.51837795570019,1
-0.241190810109129,0.235383631860358,-0.124865522174646,0.461730317614054,-0.526643424490395,1.06590743325359,0
0.476604895792882,0.00430996069644557,0.485427700620667,0.510123140400037,-0.526643424490395,1.06590743325359,0
0.991947758436642,-0.226784507097872,1.1899971426481,1.09011596077232,2.33554909991393,-0.574298210615344,0
0.131221700392599,-0.641985535950009,-0.311906311271652,0.362960566307863,1.76311059503306,0.189245796013295,0
-0.241116159355716,-1.01265843729519,0.626001702646689,0.851331255299443,-0.526643424490395,1.68805440161766,0
-0.615194616267186,-1.26526886783259,0.344914727916925,0.413298780569843,-0.526643424490395,-0.630857025921174,0
1.76779590984918,-0.133622535094717,1.565918989637,1.18563855366957,1.76311059503306,0.189245796013295,0
1.25137348246375,-0.803294137537127,0.48605207753322,0.801486647829881,-0.526643424490395,0.330642834277855,0
0.419166883406603,-1.15055465451998,0.250774651019121,-0.796333057070857,0.0457950803904691,0.245804611319116,0
-0.328047248824379,-1.520859455507,0.437956277013696,0.608384767066975,-0.526643424490395,-0.206665911127484,0
-0.932006011017696,0.119273733573915,0.0608842620279862,0.0753136276679831,-0.526643424490395,0.0761281654016455,0
0.0173247489628916,-0.365678269361076,-0.596279480278007,-0.940301704859156,-0.526643424490395,0.302363426624945,0
1.59534405591481,0.00566174167275446,1.37876553102194,1.18902605126459,0.618233585271333,-1.87515096264932,0
1.25232671516118,-0.203302800634195,1.04881754196253,1.1390507831735,0.618233585271333,0.132686980707466,0
0.792457975852355,-0.872922642574264,0.8134650024364,0.560606533130374,-0.526643424490395,0.839672172030286,0
0.245250726232192,-0.710964030750162,0.955874578694061,1.08868353321785,0.0457950803904691,0.274084018972026,0
-0.414498276524935,0.837041703153395,0.90844540615636,1.04291844070915,2.90798760479479,1.9991278857997,0
1.48127196233287,0.465856511479244,0.204105997728289,0.510819997048155,-0.526643424490395,1.97084847814678,0
-1.44914623410903,0.119229829576394,-0.971191996167672,-0.120174019258272,-0.526643424490395,1.3487015097827,0
1.3071548223608,1.22904894333613,0.20578195680935,0.172771933476673,0.0457950803904691,-1.19644517897942,0
-0.816157803741064,-1.21892011087053,0.71906202999647,1.04052299598124,-0.526643424490395,1.46181914039435,0
1.85505689822428,-0.133862851712728,1.42340613298779,1.04230385185977,-0.526643424490395,-0.0369894652100044,0
-0.271372683950897,0.558865974859431,0.251084492193771,-2.73291703932031,0.618233585271333,-0.574298210615344,0
-1.16182696895058,0.974518983812365,-0.548484131806629,0.4635740841622,-0.526643424490395,1.15074565621232,0
0.331259878896195,-1.45059457357947,0.486742178331303,0.604794019616255,1.76311059503306,-0.489459987656614,0
-0.529191406951629,0.58335285179267,-0.125442953454675,0.510674818579797,-0.526643424490395,1.26386328682396,0
1.451807884197,1.52896408261319,1.00028514706055,0.654725734166831,-0.526643424490395,-0.687415841226994,0
-0.21241581585093,-1.01198971009084,0.437895247691417,0.460781818287449,-0.526643424490395,0.556878095501155,0
1.82536312546253,1.18317388739995,1.47127659447121,1.2346072510467,0.0457950803904691,0.217525203666206,0
-0.614334582164203,-1.03579076036807,-0.502388215232574,-0.359587831427364,-0.526643424490395,0.302363426624945,0
0.189231078160776,-0.249697772330485,1.37608962996815,0.996316152366247,-0.526643424490395,-0.517739395309524,0
1.5104403086379,0.906758940480259,0.389597580952046,0.994114278929485,0.0457950803904691,-1.67719510907894,0
-1.36127655497533,-0.643363197177488,-1.20290155461004,-1.18334981801947,-0.526643424490395,-0.998489325409034,1
-1.19037513976571,0.397606591964271,-1.48785684945968,-1.28112751645855,-0.526643424490395,-0.800533471838654,1
-1.27453237950849,-1.84380801832568,-2.05057067369322,-1.95805116087116,-0.526643424490395,-0.0369894652100044,1
0.560523827361297,-0.318439878765038,-0.922791049036752,-1.135678048293,-0.526643424490395,-0.857092287144474,1
-0.241888507535266,-0.249482873816303,-1.76797204959622,-2.1044975211861,0.0457950803904691,0.217525203666206,1
-0.730556071919731,0.12084503453783,-1.1090900971399,-1.18118181955866,-0.526643424490395,-1.22472458663233,1
-0.989309077811265,-1.15101911259902,-2.84946328058529,-2.6820276308068,-0.526643424490395,-0.263224726433315,1
0.589416540115265,0.858898961708789,-0.877817133079989,-1.08660288670574,-0.526643424490395,0.0478487577487261,1
0.187226992549898,0.650609154521639,-1.11131532012148,-1.13278899677268,-0.526643424490395,-0.743974656532824,1
-0.272073252559858,-0.272192794218292,0.579919869762391,0.511962067665904,-0.526643424490395,-1.95998918560806,1
0.27480381103559,0.466265511877204,-0.781977624284864,-0.891153954037712,-0.526643424490395,1.20730447151815,1
-1.13093304176856,-0.295824698568225,-0.733778543373791,-0.361702597783111,-0.526643424490395,-0.659136433574084,1
0.591368944435319,0.142868666136462,-0.780343916273073,-1.03909081329446,1.1906720901522,-1.25300399428525,1
-1.16222893454588,-0.990012986447455,-0.970478422553327,-1.51993157906054,-0.526643424490395,-0.743974656532824,1
-0.269537998126612,1.25251447464282,-2.14409388497967,-0.795520057648053,0.618233585271333,1.23558387917105,1
-0.729709934341614,-0.758710783422761,-2.80056189301168,-3.215012147053,-0.526643424490395,-0.319783541739134,1
0.763929903316986,-0.52584467379163,-1.39264171757711,-0.601440641864869,-0.526643424490395,-1.1398863636736,1
0.359555385622852,-0.319491263968833,0.530950880477945,0.462161013736849,0.0457950803904691,-0.772254064185734,1
0.762112444589642,0.882429193643411,-0.17356222679046,-0.359171653151405,1.1906720901522,-0.263224726433315,0
-0.959684213437277,-1.40485122963587,-0.453494338960165,-0.797891305964566,-0.526643424490395,0.217525203666206,0
-1.3914096187091,-0.756783860078926,0.672933251479649,1.04211028056862,-0.526643424490395,-1.08332754836777,0
-0.213802597154732,-0.73580976509472,0.204002717336739,0.753064789350227,-0.526643424490395,1.03762802560067,0
-0.157228810798359,-0.595155221457246,0.768331471329061,0.604837573156762,2.33554909991393,1.00934861794775,0
1.51034843078754,2.20018688261012,1.04635289625509,0.996282277390297,0.0457950803904691,-2.07310681621971,0
-0.93052160949789,-0.919404497970912,0.908450100719612,1.13827649800893,-0.526643424490395,-1.33784221724398,0
-0.41566282827819,0.558588686454034,0.765679043091527,0.84930359602471,0.0457950803904691,-0.772254064185734,0
1.24996373169736,0.789207142485754,1.19054171198536,0.946152152266297,-0.526643424490395,-0.715695248879914,0
-0.355560932468168,-0.433498391847685,1.05057800318214,0.51273635283048,-0.526643424490395,-1.11160695602068,0
0.619466339547147,1.3218180900983,0.438472678971446,1.08942878268876,2.33554909991393,0.217525203666206,0
-0.097691963768023,0.465740974643662,-0.0322793457133444,-0.0231076953141487,3.48042610967565,0.783113356724455,0
0.332658144931292,0.489823472652365,1.28550333745231,1.18858083729496,2.33554909991393,-0.885371694797384,0
-0.988137635219233,-1.17269613369091,-0.972257662025938,-0.894841487134003,-0.526643424490395,0.160966388360376,0
0.90629750362559,0.858649402143932,-0.264585113688754,-0.554862549933361,-0.526643424490395,0.726554541418626,0
-0.816849758801554,-0.780225590797491,0.86101623361866,1.04492190357249,0.0457950803904691,0.585157503154065,0
-1.36120764658757,-0.388341975028833,-0.783409466076807,-1.27814651857494,1.1906720901522,-0.517739395309524,0
1.36487133948097,0.651554245836699,0.578530279039718,0.462465888520401,0.618233585271333,0.0195693500958159,0
0.390409116245344,0.719922012923966,0.437176979513819,0.0736779502578166,-0.526643424490395,0.783113356724455,0
1.68202793654236,2.08467315439528,1.37673278513371,0.898896560815785,0.618233585271333,0.358922241930766,0
0.878894934757075,1.04440259418247,-0.35821348319206,-0.603666711713025,2.33554909991393,-0.659136433574084,0
1.82421752351591,1.48362742833083,1.0480335498994,0.992657654963627,-0.526643424490395,0.924510394989015,0
-0.327339789376642,-1.12744728740359,0.720230976246285,0.461880335364691,1.1906720901522,0.245804611319116,0
1.93883801301716,0.351373371837795,3.11501219336859,0.850179506117136,0.618233585271333,1.94256907049387,0
-0.386801985653564,1.13765468491738,0.155404598549223,1.09089992450145,-0.526643424490395,0.867951579683196,0
-0.989541643619977,-0.503596900731969,0.062175266922361,0.266765313173887,-0.526643424490395,0.924510394989015,0
-1.33218573060654,0.00393793208587162,-0.0779292787784339,1.0901208000546,-0.526643424490395,-0.461180580003694,0
0.849743815548983,1.4604322532194,0.624091015403015,0.653985323978206,-0.526643424490395,2.19708373937008,0
1.1065682479379,0.0276114296966145,0.111538599519997,-0.0701503583444023,-0.526643424490395,1.1224662485594,0
-0.873097953025729,-0.734545561039782,1.14317826333319,1.13827649800893,3.48042610967565,-1.33784221724398,0
-0.300787951978762,0.398461564547577,-0.2644724441707,-0.16944759141896,-0.526643424490395,1.00934861794775,0
0.360566041976762,1.5296804109938,0.342839730959421,0.366357742467439,3.48042610967565,-0.941930510103214,0
-1.30436971141142,-1.01170340981227,0.345332544046377,0.604924680237777,1.76311059503306,0.189245796013295,1
-0.701182723161092,0.212823909344625,-0.831106228719886,-0.846216378798648,-0.526643424490395,-1.3661216248969,1
-0.760262190767627,0.442642850474118,-2.14411876616491,-2.43939521199421,-0.526643424490395,-0.743974656532824,1
-1.59182392216259,-1.56640638683011,-0.643309614939264,0.121649755485561,-0.526643424490395,-0.121827688168744,1
-0.929772230780928,-1.68217429608323,-1.345409716696,-1.42576882448358,-0.526643424490395,0.132686980707466,1
0.160387175514809,1.89937517748894,-2.14152595888068,-1.81177417543597,0.0457950803904691,-0.885371694797384,1
0.649200308868432,-1.45003999676868,-0.643009162891119,0.268705865367605,-0.526643424490395,0.981069210294846,1
0.362268653391162,1.69163994711259,0.158099277856027,0.0241430568540847,-0.526643424490395,-0.178386503474575,1
0.53191823288969,-0.456651973698309,-1.15649579686134,-0.166089129517613,-0.526643424490395,0.698275133765715,1
-0.558937980765509,0.490604501660899,-2.52142269257528,-3.02274702658889,-0.526643424490395,-0.348062949392044,1
-1.96517530944764,-1.35829681710647,-2.14469666690127,-2.49168849629674,-0.526643424490395,-0.291504134086225,1
-0.701580956218726,-0.342194252160688,0.203561428391026,-0.120628911792461,-0.526643424490395,-0.913651102450304,1
-0.671844689951182,-0.942244743923437,-1.72159915379028,-2.10099872009867,-0.526643424490395,0.839672172030286,1
0.589752468505627,1.04449733438764,-0.500346080217836,-0.602040712867416,-0.526643424490395,1.29214269447689,1
-0.929798071426341,-0.456605758964076,-1.76615994818085,-1.66494067253874,-0.526643424490395,-1.11160695602068,1
0.0160241031437971,-0.249582235494903,-0.0327253292223103,-0.601498713252213,-0.526643424490395,-0.941930510103214,1
-0.358190361698028,-0.734631289371784,0.299663832728279,0.123885503898274,-0.526643424490395,-1.02676873306195,1
0.991215606816622,0.350622382406513,-0.595744300067248,-0.408909796410838,0.0457950803904691,-0.772254064185734,1
-0.845403384864053,-0.757235840179722,-0.0762861816401387,0.706138269094659,-0.526643424490395,-1.22472458663233,0
