0.745442,0.189488,0
-1.260679,-0.752997,1
0.142570,-0.041066,0
0.177963,1.054108,1
1.461647,0.249658,0
0.408377,-0.609141,1
0.171599,0.766823,0
-0.718722,0.022911,1
2.084215,0.195272,0
-1.684836,-0.685431,1
1.815307,0.752140,0
-1.411206,1.955137,1
1.082847,0.878833,0
-0.804955,-0.522244,1
0.163729,0.245650,0
-1.547623,1.197140,1
1.183265,1.384022,0
-2.102133,-0.827778,1
2.185843,-0.792811,0
-1.093290,-0.293447,1
1.445513,0.152182,0
-1.340372,0.634471,1
1.132260,0.695800,0
0.065587,0.036989,1
-0.021147,-0.733326,0
-0.736925,-0.965451,1
0.429372,0.443306,0
-0.924222,-0.462534,1
0.619744,-0.041365,0
-1.877221,-0.855656,1
0.480448,-0.218043,0
-0.398189,-0.141997,1
2.186447,-1.077964,0
-1.235388,0.650752,1
1.447314,-0.238237,0
-0.313421,0.639615,1
1.327072,-0.489893,0
-1.442649,-0.696203,1
-0.972502,0.846642,0
-0.898818,0.178262,1
2.392542,0.066348,0
-0.203189,0.824154,1
0.979786,-0.519604,0
-0.184702,0.042505,1
2.145016,0.968166,0
-0.468672,0.665229,1
1.153769,-0.780022,0
-0.753010,0.821348,1
0.507843,-0.013819,0
-2.353752,0.945794,1
0.511065,1.548130,0
-0.848370,0.444381,1
1.601494,0.029814,0
-1.634996,-0.088822,1
0.641264,-0.952249,0
0.056014,0.561779,1
1.049255,-1.074741,0
-0.290596,0.615564,1
1.603707,0.234972,0
-0.779330,-0.218044,1
1.287786,-1.695860,0
-0.450356,-0.430262,1
1.192303,-0.631047,0
-2.196849,1.544034,1
0.938200,-0.002805,0
-0.196557,0.959878,1
1.579553,-0.094810,0
-0.696832,-1.244768,1
1.245025,0.427284,0
-0.678935,-0.750653,1
0.410137,0.535909,0
-0.599472,0.840314,1
0.699641,0.071100,0
-0.378080,-0.132475,1
0.370913,0.977935,0
-1.169553,0.482823,1
2.816909,0.303378,0
0.077578,0.701765,1
0.099603,-0.188644,0
-0.833374,0.038625,1
0.511653,-0.081251,0
-1.786657,-0.306870,1
0.616160,0.628230,0
-2.071061,0.299884,1
0.863113,0.080132,0
0.217943,0.528098,1
0.324729,1.938150,0
-2.290531,1.140780,1
1.842890,1.477156,0
-1.891153,0.170044,1
0.240016,-0.853898,0
-0.070736,-1.525137,1
-1.049911,-0.875608,0
-1.366146,-0.399107,1
1.624253,1.033111,0
-0.404019,-0.592376,1
1.563960,0.523014,0
-2.750240,-1.750672,1
0.026815,0.845066,0
-0.124223,-0.211765,1
0.779988,-0.658290,0
-2.381323,0.246584,1
0.603339,-0.953337,0
0.881774,0.643595,1
-1.009714,0.347190,0
-0.948701,1.384851,1
0.410870,0.622525,0
0.073325,0.587943,1
1.748207,-0.662980,0
-0.363582,-0.123454,1
-0.525778,0.767529,0
-1.472621,0.391816,1
1.509083,0.357761,0
-0.374094,0.067800,1
0.555901,1.242070,0
-1.441579,0.402037,1
0.743663,-0.869503,0
-0.581265,-0.386779,1
0.374583,0.472813,0
-2.067102,-0.692883,1
1.267940,-0.663981,0
-1.450361,-0.139453,1
3.152840,-1.310987,0
-0.425638,1.056879,1
1.102720,1.006558,0
-0.117592,-0.011632,1
-0.045010,1.588777,0
-3.098845,-0.652574,1
0.052652,0.213907,0
-2.088507,-0.352660,1
1.759333,-0.144772,0
-0.998529,0.710471,1
0.723027,-0.438259,0
-1.289313,-1.089160,1
0.991553,-1.008497,0
-2.243725,-0.708909,1
1.618779,-0.734066,0
-1.006222,1.173579,1
1.123677,-0.228970,0
-0.472083,-0.897311,1
1.265864,-0.498386,0
-0.925956,0.043963,1
1.770567,-1.694100,0
-0.595264,-1.149236,1
0.291709,-0.205852,0
-0.881909,0.079629,1
0.953491,0.157543,0
-1.658208,-1.185057,1
1.492818,-0.046321,0
-0.946623,0.867997,1
0.481116,-1.405752,0
-0.453958,0.237149,1
1.449680,0.266260,0
-1.051507,0.081006,1
0.966056,0.288032,0
-0.754879,0.032837,1
1.365336,-1.247882,0
-1.297999,0.986633,1
0.525183,-0.475167,0
-0.760035,1.131971,1
0.326467,-0.204972,0
-0.031089,-0.672078,1
0.581576,-0.737638,0
-2.076895,0.611706,1
2.903266,-0.135260,0
-1.922440,0.479409,1
0.897901,0.527508,0
-0.114561,0.295025,1
1.188256,-0.199219,0
-0.410620,0.678048,1
0.316955,0.235308,0
-0.231987,0.045969,1
1.583678,0.449136,0
-0.185006,0.554075,1
2.005097,-0.184771,0
-1.754363,-1.015407,1
-0.199833,0.133794,0
-0.793119,-0.487146,1
1.010707,-0.797640,0
0.027894,0.531893,1
1.701453,0.660523,0
-1.075545,0.320719,1
1.493414,1.103727,0
-1.106181,-0.087000,1
0.536497,0.556776,0
-0.707792,-0.643177,1
1.353499,0.484691,0
-1.364242,-1.832359,1
0.448011,-0.119334,0
-0.959771,-0.612107,1
0.605226,-0.157946,0
-1.201765,0.401154,1
0.761483,-0.407820,0
-2.143690,-0.732541,1
0.906340,0.616241,0
-1.214491,1.446804,1
2.144350,-1.595016,0
-1.488277,-0.280207,1
0.744264,-0.855256,0
-1.487536,0.517835,1
1.171147,-0.716017,0
-1.269513,0.095121,1
0.752427,0.197380,0
-1.322227,1.565150,1
1.520583,-0.193992,0
-0.620889,-0.685751,1
0.541037,-0.524998,0
-0.153097,0.261863,1
1.441645,1.385456,0
-1.143032,0.756601,1
-0.478924,-0.609115,0
-1.052226,0.173385,1
1.242845,0.303397,0
-1.799797,0.843137,1
1.248987,1.327440,0
-0.966082,0.106008,1
0.537363,0.734754,0
-0.666303,0.456401,1
1.255332,0.290594,0
-0.669238,0.337131,1
1.695996,0.766843,0
-0.713011,-0.328368,1
-1.045212,1.493435,0
-0.376429,1.081034,1
2.354472,-1.339107,0
-1.267956,-0.484098,1
1.139929,-0.280608,0
-1.321095,0.459286,1
1.309930,1.203348,0
-1.445298,0.343673,1
1.012298,-0.028936,0
-0.280950,0.540056,1
1.620726,-0.111934,0
-1.771952,0.859062,1
-0.055223,-0.865110,0
-0.971785,-0.624541,1
0.842139,-0.891268,0
-1.490494,-0.664008,1
-0.088922,-0.701390,0
0.016625,-1.104730,1
1.412030,-0.182749,0
-1.882299,1.130687,1
1.861284,2.017298,0
0.713339,-0.744977,1
0.720688,0.548815,0
0.290596,-1.810340,1
0.564397,0.113472,0
-0.674708,-0.848850,1
1.856714,0.917257,0
-1.592485,-0.566056,1
1.125386,-0.284491,0
-0.492344,0.458782,1
2.379231,1.604317,0
-2.129835,-0.354222,1
1.255836,-0.502103,0
0.234076,-0.221150,1
1.036531,-0.872359,0
-1.699889,0.202421,1
1.564298,-0.788742,0
-1.981440,0.852027,1
0.921691,0.502872,0
-1.051054,-0.430134,1
0.570224,-0.141150,0
-1.477197,-0.251225,1
2.012272,-0.216029,0
-0.356535,0.795144,1
0.613518,0.329543,0
-0.648603,0.346125,1
1.675564,-0.477440,0
-1.107241,0.110704,1
1.413965,0.304884,0
-0.964320,0.333793,1
0.452477,-0.043779,0
0.124115,-1.332989,1
0.155951,0.118549,0
-0.635587,0.841799,1
-0.150244,-0.265973,0
-1.172147,0.023419,1
0.749190,-0.982152,0
-1.019713,0.136868,1
0.437485,1.063982,0
-1.811336,-0.269338,1
0.619285,-0.425857,0
-0.500125,-0.189648,1
0.812920,1.123349,0
-1.292161,-0.539452,1
1.869709,-0.342697,0
-0.752267,-0.273365,1
-0.074578,0.259953,0
-1.316177,0.049098,1
0.627412,-1.319320,0
-1.772429,-0.784078,1
-0.527579,0.821763,0
-0.875762,-1.348610,1
2.085546,-0.635375,0
-2.394372,-1.108609,1
0.502479,0.311371,0
-0.720772,-0.044728,1
-0.010216,0.956091,0
-0.937312,0.251038,1
