1.040904,0.946614,0
-1.681762,0.259390,1
0.875282,-1.117272,0
-1.479788,0.308835,1
-0.124543,0.414611,0
0.222753,0.028559,1
1.917429,0.822405,0
0.027332,0.063984,1
1.377305,-0.488974,0
-0.408237,-0.215136,1
0.543884,0.366503,0
-2.078326,-1.403311,1
1.336532,-0.741942,0
-1.185680,-0.580111,1
0.787393,-0.563158,0
-2.229516,1.099852,1
2.033546,1.109571,0
-0.296916,-0.088462,1
1.017327,0.347450,0
-0.523684,0.200758,1
-0.022655,1.077331,0
-1.857908,-0.424891,1
2.378909,0.441819,0
-1.144551,0.406146,1
1.568966,-0.450359,0
-0.521622,0.476998,1
1.156021,0.417528,0
-1.496110,0.406617,1
3.544063,0.192661,0
-2.550253,0.111965,1
-0.149420,-1.502975,0
0.273674,0.708118,1
1.096567,0.010227,0
-0.767914,0.464329,1
-0.256264,-1.061904,0
-1.356354,-1.010993,1
1.586102,1.250240,0
-1.916124,1.580617,1
1.816663,-0.419580,0
-1.702952,0.021560,1
0.194417,-0.284328,0
-0.955325,0.631746,1
1.153785,0.003184,0
-2.001802,-0.437638,1
1.160731,0.663931,0
-1.037635,-0.372171,1
1.013767,-0.504089,0
-0.752385,-0.083806,1
0.996557,0.296327,0
-2.562922,0.702710,1
2.690545,0.664988,0
1.020071,0.352298,1
-0.639176,-0.795005,0
-1.608892,-0.070798,1
0.568721,-0.971534,0
-0.188437,-0.268006,1
-1.065465,-0.485946,0
-1.299061,0.078017,1
2.473398,0.754864,0
0.343232,-0.813906,1
0.460099,-0.796459,0
-0.504645,0.460171,1
-0.567791,0.084338,0
-1.241011,0.131555,1
2.209142,0.346113,0
-0.205436,-0.500673,1
0.330521,-1.084322,0
-1.126058,-0.920712,1
0.448370,0.951812,0
-1.345202,0.730660,1
2.184934,-0.620686,0
-0.766217,1.042518,1
0.812730,-0.190312,0
-1.714825,-0.328586,1
0.373400,0.677771,0
-0.894124,-0.671212,1
0.485455,0.763514,0
-0.588410,-1.170795,1
1.056982,-0.305029,0
0.326834,0.965004,1
0.831686,-0.465088,0
-1.474914,-0.508903,1
0.374082,0.250826,0
1.286478,0.583879,1
1.113155,0.185465,0
-0.880744,-0.536155,1
1.991671,-2.127689,0
-0.825094,-0.411893,1
0.566599,0.021023,0
-1.812515,0.173303,1
2.077456,0.664032,0
-1.495630,-0.026658,1
2.121752,-0.959722,0
-1.838593,0.640768,1
0.488022,0.984112,0
-1.391143,0.709114,1
1.630400,0.545727,0
-1.375662,-0.416337,1
1.330768,0.025108,0
-2.018044,0.563240,1
0.860636,-0.678924,0
-0.690533,-0.641751,1
1.135856,0.289637,0
-2.106313,0.545949,1
1.266014,-0.049656,0
-2.399937,0.283395,1
1.469142,-0.432456,0
-0.128358,-0.201844,1
-0.209033,0.053850,0
-0.467557,0.710867,1
0.741385,1.072943,0
-0.416067,0.890251,1
-0.141710,0.176344,0
-0.187257,0.444570,1
1.429621,-1.079286,0
-0.330751,-0.303936,1
0.949639,0.763172,0
-1.163239,0.157044,1
2.399531,-0.029729,0
-1.808145,0.891737,1
0.535691,0.001993,0
-1.694197,0.468566,1
0.325641,0.360805,0
-1.340594,-0.517216,1
2.499209,0.256704,0
-0.511998,0.044896,1
0.374769,-0.549245,0
-1.130107,-0.825994,1
0.215408,-0.573887,0
0.370731,-0.785559,1
0.858569,-0.303964,0
-1.098961,0.624962,1
0.203202,-0.763388,0
-0.178301,-1.235283,1
1.331816,-1.344113,0
-0.542728,-1.494663,1
0.703353,0.146535,0
-1.226626,0.763249,1
0.971274,-0.758778,0
0.110159,-0.206369,1
0.447514,0.177682,0
-1.038620,-0.467508,1
1.440061,-1.348048,0
-0.466031,-0.498532,1
1.348731,0.545715,0
-0.937767,0.106453,1
1.752862,0.714340,0
-1.576085,1.488066,1
1.756823,-0.286232,0
-0.248049,0.115206,1
1.272467,-0.668417,0
-2.143374,-0.661163,1
0.387276,-0.415705,0
-1.331876,0.213438,1
0.948859,-0.055943,0
-0.901255,-1.064269,1
0.534242,-0.370100,0
-1.429855,0.488240,1
-0.040800,0.805952,0
-1.032827,-0.235058,1
0.954841,-1.102885,0
0.254726,0.532999,1
0.883058,2.208308,0
-1.443598,-0.098063,1
1.318882,0.673378,0
-1.214455,-0.304601,1
0.950219,0.431951,0
-2.609170,-0.221635,1
0.826783,-0.322787,0
-2.326319,1.218752,1
0.625630,-0.857807,0
-1.557673,-0.626461,1
0.736611,0.391449,0
-1.911380,-0.543429,1
0.686975,0.461141,0
-3.103655,0.971464,1
1.556709,-0.913064,0
0.134468,-0.195470,1
2.097735,0.425624,0
-0.216490,-0.304992,1
0.305860,0.362201,0
-1.941259,0.868919,1
0.752196,-1.091827,0
-1.114118,0.586021,1
1.200589,-0.658132,0
-1.653767,0.674394,1
0.926177,1.737405,0
-0.718986,-0.078200,1
1.679559,0.076188,0
0.669215,1.358768,1
0.563550,1.888410,0
-0.852917,0.086656,1
0.110773,-0.005926,0
-0.007563,1.305324,1
-0.068850,-0.399963,0
0.291606,0.178574,1
0.676315,0.290037,0
-0.426985,-0.702879,1
1.556749,-2.161119,0
-0.338889,0.241383,1
0.745361,0.653635,0
-1.146123,-0.512779,1
1.623135,0.942368,0
-0.445090,-0.049912,1
-0.244909,0.002009,0
-1.427482,-2.159171,1
0.075454,0.020417,0
-1.298511,-0.194169,1
0.994444,-0.485581,0
-1.924498,0.613463,1
-0.079581,0.141141,0
-0.483630,1.026133,1
2.223496,-0.050154,0
0.448585,0.082931,1
1.764452,-0.185850,0
-1.954696,-0.324654,1
0.237950,0.370011,0
-1.642160,0.776394,1
1.380097,-0.400828,0
-1.043597,0.420091,1
0.477368,-0.637844,0
-0.465555,0.538520,1
0.400534,0.310469,0
-2.774972,-0.705749,1
0.852595,0.971498,0
0.615105,-0.604494,1
1.361118,-0.830865,0
-0.392449,0.119057,1
-0.967699,1.651444,0
-0.187982,1.126324,1
1.618543,0.940661,0
-1.218506,0.163970,1
1.097981,0.411420,0
-2.112516,0.815699,1
0.398707,-0.692246,0
-2.352571,0.471475,1
1.006276,-0.749322,0
-0.216910,-0.304387,1
0.178164,0.750963,0
0.201280,-1.375873,1
0.717643,1.428041,0
-1.212399,-0.701513,1
1.536750,0.073898,0
-1.257751,-0.164573,1
2.188726,0.428680,0
-0.749322,-0.831174,1
1.142680,0.133526,0
-0.827812,0.465687,1
1.880100,-0.056926,0
-1.222780,-0.363233,1
1.007946,1.453970,0
-0.808793,0.569908,1
2.398292,-0.517795,0
-0.268355,0.108507,1
1.875253,-0.007233,0
-0.583024,-1.358513,1
0.358438,0.294779,0
-0.796366,-1.255142,1
1.004611,0.879101,0
-1.462608,-0.983299,1
1.271017,-0.533930,0
-0.926692,0.098236,1
-0.089042,0.176995,0
-1.715473,-0.572104,1
0.055995,0.239823,0
-0.565666,0.738053,1
1.144105,-0.491529,0
-1.626917,-0.648168,1
0.254370,0.962480,0
-1.008646,0.554958,1
1.722905,1.781994,0
-0.199094,-0.188307,1
0.007842,0.874042,0
-1.691610,-0.138411,1
0.900412,-0.107209,0
-0.665615,-0.516745,1
1.571224,-0.003250,0
-0.507678,0.723614,1
1.589368,-0.184749,0
-1.571727,0.411622,1
2.750911,0.056427,0
0.258316,0.607776,1
1.216086,0.666444,0
-2.167041,-0.186220,1
1.271538,-0.508824,0
-2.109966,0.916185,1
-0.498663,-1.091280,0
-0.604020,0.618810,1
1.415146,0.100332,0
-1.290547,-0.136699,1
-0.473209,0.041183,0
-0.257763,0.517361,1
2.001675,0.750631,0
0.101933,-0.510641,1
1.628309,0.885994,0
-1.773651,-0.650023,1
-0.277088,1.319784,0
-1.073831,-1.557231,1
0.352076,-0.333755,0
-1.137151,-1.965029,1
