0.380686,7.746166,-10.571566,5.660719,1.394924,-0.120392,-1.880461,1.320616,-2.689627,1.284933,-1.126219,2.080408,1.932322,-2.186947,-2.521074,5.728369,-4.426210,3.794699,3.599297,2.609833,0.126642,-0.722002,-1.001333,5.108772,4.217478,-1.998646,-4.036438,-8.306448,-2.575785,-0.224621,1.484453,-3.978523,0
-1.181131,1.283087,7.739279,-4.036819,1.579039,3.410671,4.237003,3.434792,-5.853510,2.134697,3.846460,3.677328,-3.401972,-7.141007,-1.435818,-0.371309,4.041477,-4.717951,4.686892,-3.233082,-5.116479,-2.099396,-0.519762,2.367300,5.994417,2.262354,4.656193,-3.808287,7.447287,-3.893690,-3.646807,-2.506962,1
0.016977,-3.732141,5.729753,-7.367682,6.470947,-10.505182,-2.304827,-5.723745,-11.978224,0.203932,4.028622,-2.920227,0.785028,-5.245602,-4.614868,0.390482,-8.300237,1.096363,-2.667904,-2.192982,-0.801912,-1.871637,-2.100775,5.088997,3.758413,-3.609472,1.844034,-1.252184,-1.767731,4.212420,3.759573,-1.927317,0
1.882986,2.159498,0.199511,4.281187,0.459360,2.819149,3.686865,4.570801,1.040386,2.581051,4.261261,5.731443,-3.253302,-6.541681,0.824530,-0.527361,-3.817230,-3.496239,-6.680830,2.653524,2.762308,8.205942,10.016912,4.472452,1.505604,-7.643247,0.546598,7.160789,-3.477217,4.587797,4.106880,3.060326,1
0.987753,-3.592964,-2.052418,-4.955830,-0.600824,1.702946,-2.758921,-2.195580,-2.761364,-4.611372,0.157269,-3.186522,0.419823,0.579729,-2.107988,-0.127954,-5.686281,2.967003,-0.856548,-4.852554,-3.533094,1.080837,3.697664,-1.887897,-8.768106,-3.923050,-1.360540,2.955563,-2.129993,-7.108132,-2.403704,-5.196436,0
3.531204,9.608477,4.867229,-0.941217,0.146887,0.695343,-0.755779,0.943672,-2.421396,-0.869419,9.930044,-1.990177,-1.799919,4.644897,0.806343,-2.646727,-0.222075,2.107674,-1.248276,16.247946,-2.603075,3.365852,-4.407099,2.687801,-5.193182,-0.079092,-1.202177,-1.048717,8.623587,1.023104,2.021076,-4.182783,1
-2.648998,4.872036,-4.300753,-1.857981,-4.419153,-8.691396,-0.394361,7.310373,0.077751,1.415602,-2.700762,3.788698,-1.241650,1.091911,1.849958,-6.124519,-1.835903,0.318289,-2.773958,-0.990036,-3.809404,1.372482,2.890392,0.779297,4.999540,-0.906553,0.253391,-0.321932,-1.020168,1.817604,-0.152994,-2.620867,0
-1.272234,3.184031,-3.932285,11.343336,1.047741,3.645681,-0.289974,-1.820587,2.444683,-3.110378,-7.462139,5.841785,-2.198217,2.860458,6.439878,4.218378,0.587509,11.177687,-5.940406,-3.494745,1.192274,-3.805197,-5.888546,-2.455666,6.484865,11.428339,9.776283,1.542255,-1.749580,0.416399,-1.593349,2.511072,1
0.531672,-0.058693,-0.977474,1.601034,-4.402126,-1.739758,-0.116636,-2.277634,-6.903669,-2.738464,-2.193895,0.987352,1.167915,-5.578289,2.774059,-6.111843,5.250048,1.966022,-0.627998,-2.238716,-4.472431,4.239742,1.147141,-1.120163,9.365320,-10.481935,-7.927508,-0.974726,0.391443,1.052107,-1.651293,5.545673,0
-0.916178,-1.843512,2.078646,5.415455,8.629044,-3.253101,0.710470,7.030157,-1.059504,7.964270,3.214048,-3.486212,-3.015627,2.279884,-6.189436,0.594261,6.540121,-3.250845,-4.757105,4.155651,-2.159666,-5.964597,-0.052906,3.145630,0.521225,-0.960634,-0.947926,3.412741,2.083790,8.753551,-4.003859,0.706650,1
-1.792772,-4.568119,1.545992,-3.766525,5.213661,-4.998106,0.817287,2.651947,-7.839756,6.113546,-1.425413,3.902578,-1.298239,0.635902,-2.288416,3.996689,1.112906,5.639206,-1.744661,1.796726,-2.554249,2.999952,5.001757,-9.337699,2.074772,-4.121569,-5.986174,2.812857,0.496172,-0.202908,2.590570,-3.534151,0
3.158495,-2.795210,5.357229,1.979921,0.651485,-5.140072,-8.012348,-4.187674,3.430845,2.236496,-6.044540,3.151602,-5.312585,-1.880997,6.024830,-0.048418,-2.559362,-0.968098,-0.150999,3.739607,0.059818,0.646561,11.165255,-8.100516,-1.927029,-4.074976,7.070745,0.257233,0.145580,6.492302,-3.282749,4.212973,1
-6.457609,-6.452492,-1.806210,-3.846737,-3.291351,4.543453,-2.518692,-0.119215,-4.829466,3.286369,-0.673504,-9.180339,1.729712,-6.559195,-3.466824,14.016809,7.093004,-4.211645,3.290073,-0.020113,-3.379200,10.684378,0.864388,7.347399,4.757172,-0.982948,0.152138,-1.692734,-9.227797,4.404007,5.340445,5.578663,0
2.059641,6.130619,5.571407,11.229433,2.859203,-2.334473,-3.558619,0.634558,-7.334667,1.103834,2.809608,2.175592,2.772659,-2.089012,0.941807,3.081797,0.088287,7.922411,-0.350632,-0.836609,-11.145625,0.702072,5.942598,-1.810158,3.783846,-1.763731,-5.513862,0.246271,1.851233,0.091093,2.388475,3.020336,1
1.495098,0.680418,2.174337,-2.680979,-3.766726,6.359583,-4.396658,-0.463560,-5.437763,4.427948,2.244698,4.630754,2.585354,-7.243022,-0.663477,-2.735565,-1.814892,-0.070784,1.640718,-7.728497,-0.037802,5.528374,-14.607293,1.717817,-2.648819,-3.751276,-3.542110,-0.668289,-2.886869,-4.043200,-5.043011,-8.116364,0
2.947895,-5.233306,2.727110,2.620440,0.503483,2.603996,6.303921,1.838223,10.642788,3.933075,-1.967659,-6.252895,8.564726,-3.366461,-1.421984,1.067892,-13.306995,2.341406,3.350805,10.855213,-1.097662,1.846691,3.331261,10.648373,-0.497379,-2.606752,2.595461,-3.489576,3.566786,-1.719999,-1.293161,-2.756807,1
-3.474442,2.483898,16.821722,-0.325428,-1.893713,-1.071350,12.147608,-14.173424,-3.254311,-1.256712,-2.751764,-1.298542,-5.621971,-5.772005,-6.193041,-3.683317,-0.865828,-4.614611,4.890057,3.275532,4.161352,-0.128178,1.220255,-8.101499,4.682341,-6.084360,1.274389,-2.056967,0.227180,-4.190462,0.308868,-3.066734,0
4.789843,10.190229,4.314554,8.668142,0.091108,3.572073,0.186710,4.089973,-0.721243,-0.722639,-2.925501,-2.319817,-3.938911,4.912718,15.894060,3.326826,3.719759,7.417702,-1.679213,-0.865501,-8.501277,2.737299,-6.302294,-3.631508,-0.340485,-6.137028,-3.349373,1.894323,-6.947579,3.713671,2.884119,0.710175,1
0.717030,-1.458775,0.076288,0.163210,-4.605215,-4.961075,4.846643,2.323450,-3.140625,1.544903,4.846945,4.568424,1.889557,0.262457,-6.030321,-1.970343,-1.140362,6.301271,0.708288,-6.031437,-4.367136,-8.775099,3.292524,2.229170,0.433638,-1.432274,-2.051123,-3.119902,-6.781036,-2.718296,-0.938362,5.294811,0
-3.617899,6.706457,-2.692631,-3.350185,2.714170,-5.560973,6.282877,-0.197462,-4.830149,0.994480,2.491257,-5.300739,-0.254587,4.810455,-3.464308,5.789782,1.451078,7.258924,-2.265673,1.515818,5.011507,7.904993,-0.147636,3.870586,1.700531,2.008539,2.220196,1.256388,-3.371309,-5.520961,2.903353,2.737236,1
2.449881,-0.048403,-3.744869,-1.473244,-3.718893,-8.156671,5.476662,-6.161640,-5.662531,3.773535,0.002836,0.256577,5.553146,-7.126318,3.240269,0.839100,0.792339,3.827486,-8.015321,1.820139,-0.867424,-6.123373,-5.065897,0.207827,-0.467514,1.371788,-1.666653,-1.198902,-3.427607,3.882948,2.277252,1.267197,0
-1.135855,7.368202,-8.480548,1.149973,-4.306168,4.825457,-6.500002,7.102331,0.165277,0.129950,-4.367516,-3.351423,3.266941,-7.497306,1.820992,5.268484,2.147297,2.388475,4.830498,2.088360,3.166185,11.508188,-3.916618,8.923281,5.519712,1.947941,6.841448,3.154276,-0.280315,-1.469141,3.114199,7.543116,1
8.414660,-5.152937,-3.822079,-1.980690,1.753664,-2.458410,1.821297,0.778688,-3.082020,3.632170,-0.558710,-0.608484,2.718475,-1.855778,-3.094379,6.630913,3.232407,0.253078,-4.504372,7.738529,-6.838804,1.029467,-4.572758,-1.584881,-5.658329,3.617096,4.561726,-1.837582,9.649141,-1.190313,-6.319794,1.737713,0
6.766245,-1.259453,-3.243462,-0.311043,2.891003,-5.773353,-3.921255,4.808868,4.561504,0.700169,-1.468325,1.747665,5.944069,5.009012,7.809759,-5.516380,-3.163771,2.438965,3.321350,0.677740,2.419161,3.773535,0.308178,-7.149629,1.752525,-0.501402,11.840284,-3.352497,2.706289,1.082561,2.845625,5.186739,1
3.632679,-1.842144,0.424547,1.425327,-9.638350,4.727598,2.613504,-1.695229,-2.016815,0.120760,2.577600,7.194277,-2.958069,-4.245016,1.438339,7.677578,-1.556074,2.695658,1.047926,0.411390,-2.123886,-1.453413,-7.947628,-2.510780,0.216921,-1.184305,-0.099953,3.705763,2.181099,8.177546,-3.396326,0.438971,0
-3.223713,-2.092085,-2.120758,2.417006,1.480917,1.927778,4.450718,6.814663,-2.300364,2.622625,-0.205477,-3.379927,4.756098,1.067213,-2.035713,-7.245444,8.005777,-0.135180,-3.928045,4.310301,12.620695,8.121742,3.962982,2.046156,-4.271654,2.200821,-4.953014,4.930264,9.515600,-1.094624,-3.177824,4.364077,1
-5.054565,-2.795393,5.389778,1.109993,-8.741920,-1.368694,2.246037,-3.007999,3.683146,12.550985,-0.788807,-3.962051,5.994684,6.510122,4.572876,-6.206032,-0.570503,-3.243406,-2.643011,-0.820921,3.470898,-4.110645,5.979103,-1.095318,-0.296003,-0.608749,3.784239,-0.750212,5.284151,5.598225,-7.414219,-17.492378,0
-7.622396,0.100948,1.199709,11.021521,-3.882311,1.694057,-1.758560,-0.869053,0.487919,-0.808817,1.009962,5.743887,-1.509567,2.671223,-0.877132,-0.203892,-0.665045,4.521595,4.921110,-4.215864,0.021246,-1.692211,4.223783,5.754574,4.073357,-5.392205,-1.044361,0.658913,1.018253,8.217091,3.534449,8.144936,1
1.191374,-4.672161,6.284840,-1.302158,-3.675621,2.863461,-3.479925,3.213316,-2.509293,1.027971,2.558466,1.662794,-2.380545,-3.935284,-0.636782,-0.338175,-6.237467,-6.311958,-5.448050,7.634214,-12.782044,-1.792980,9.992105,-1.571468,-2.648357,-6.858541,-2.460333,-5.414671,2.903111,6.138248,0.681828,-7.013926,0
3.239716,7.338120,3.431875,2.503956,-6.164825,1.545959,-0.946653,1.872610,-0.998701,2.365944,-2.804970,7.952337,1.539322,5.572393,5.271469,-3.145741,4.415810,0.469337,2.955725,-2.431150,5.794674,-2.489038,1.371655,4.688412,3.906660,-4.295137,2.575836,-1.600403,0.505291,2.026917,3.440025,6.640873,1
-2.791248,-4.443085,1.740999,-3.271786,-5.248449,-2.349894,5.595861,-1.364710,-4.077169,-4.161959,-9.759211,-2.445852,4.690401,6.398066,-7.074737,0.109119,-5.148880,-1.998686,-3.119598,-9.280929,-4.618053,2.556479,-3.179865,2.508823,-8.351233,-3.766655,2.251310,-12.057694,1.389019,-0.337822,-2.838724,10.900961,0
2.945688,2.902967,0.351679,-12.140986,4.833115,-3.143705,5.321537,2.533180,3.895296,3.881369,6.716812,-4.990959,3.968763,-0.979975,-3.930874,3.457497,-1.848831,-1.305115,6.185238,10.477425,-2.065367,-6.638268,-7.700107,1.724752,2.784210,0.852165,2.854626,0.546738,0.957457,2.571644,4.615498,0.997627,1
3.682636,-0.600090,-1.911434,0.256216,0.169600,-2.114437,-0.207542,2.497885,1.681587,6.561241,-0.872011,0.968149,-1.124567,4.956175,-1.987598,1.956039,-0.410639,3.070322,-5.111273,-6.484083,-11.956341,5.116680,-0.719090,6.609133,-7.635777,-1.599234,-1.009216,-2.508980,-1.161499,6.713722,-5.654886,-5.330299,0
3.122770,-2.854597,1.139923,-5.665131,2.794865,1.381742,1.757271,2.594370,4.431456,4.302742,-2.875698,0.506590,-1.306089,-1.390127,-4.493309,6.151764,0.823111,-2.104433,7.684076,1.639605,2.666821,-3.160910,3.495028,3.145290,4.994020,7.710232,6.484884,-1.051090,-0.419065,5.907278,-0.324635,-2.184504,1
3.686129,-6.529644,2.565359,5.289623,10.506094,1.827282,2.293768,-0.242094,8.529625,2.405113,-4.497074,-5.191208,-3.588762,3.713058,-4.732950,3.869324,2.461391,1.323351,-5.793709,4.895082,-0.436384,6.659349,-0.451052,-10.650826,-4.795912,-3.287163,-0.430096,-0.887266,-7.237317,-3.913622,2.193441,-6.455919,0
4.288141,1.266998,0.728912,-0.897045,5.683689,5.322996,1.669306,5.270073,0.526890,-1.734404,-1.592831,1.508690,-6.688655,-5.813174,6.643913,-2.616701,3.577705,0.358994,-0.989952,3.869627,9.935160,4.421242,-2.405027,-1.317974,10.919107,9.366661,6.887524,-2.603445,4.002005,-1.893826,-4.042601,-3.985052,1
-3.597574,-3.418474,2.459898,-4.331224,-4.239597,-0.524282,1.114141,-7.298037,9.618505,-1.866882,-7.767937,-8.187201,-3.300468,2.673725,-6.530334,2.218962,-2.004452,-2.651779,0.732807,-0.783598,-8.658603,-9.143557,7.705137,-6.038528,-7.854894,-2.065126,-7.283646,-6.999313,1.470905,-0.288378,-3.212643,6.456839,0
0.790125,-2.539782,-1.094528,5.575872,2.031673,2.588060,11.531492,0.588346,7.260221,-2.073683,-4.602995,-7.656273,-1.394375,-2.454441,-1.383980,6.387072,-4.434607,-3.165028,2.436615,-3.790546,3.546478,1.469959,1.530518,2.694557,3.165951,2.401438,-0.937963,2.084229,-0.919273,-9.527080,0.922134,4.074480,1
-7.230978,-1.542120,0.049633,0.924557,-2.156057,-6.961191,6.803883,-1.372929,-0.211710,1.813543,4.552797,-2.087622,0.168674,-3.914242,2.861399,3.411627,-10.203471,2.338249,-2.073662,-0.781233,-0.109442,-7.059837,-6.239025,6.183327,-1.450994,5.335867,1.734022,-2.857332,-2.001091,6.969587,3.401587,1.069077,0
6.093159,1.505295,2.044493,1.659561,-0.019464,1.659676,1.570021,-1.321327,0.285738,1.753984,3.478579,4.838295,5.120356,0.582552,0.223503,3.004232,3.437954,2.401403,-2.132097,-2.207857,-3.272385,-2.420307,0.953167,3.163536,4.159166,1.535574,-1.048771,2.614368,5.189198,0.900593,-7.462466,2.884136,1
-3.787071,-5.030842,6.176247,2.840105,-3.800776,0.855417,-2.129875,1.904772,-4.766729,2.649851,2.254047,-4.953735,2.188082,-9.479149,1.315382,5.419254,-4.131926,0.866106,-2.333303,-6.645121,-4.021235,-1.236572,-9.599881,-8.594504,3.636089,-1.089148,5.723984,-3.100924,-5.292576,-4.404148,0.403614,-3.998007,0
-0.882826,5.174618,0.601316,-1.866589,8.406176,-3.730032,2.202379,-6.821550,0.655708,5.352650,0.693701,6.151512,-0.844912,-8.735948,-1.640793,-0.468527,2.356157,5.264685,-1.001915,-6.011111,6.230780,10.462734,-1.242241,6.845881,10.480574,-3.848301,-0.257137,-8.662780,-1.211294,2.365309,5.088518,-6.083163,1
4.675253,1.412205,7.585949,-3.648191,-5.141087,1.254639,-2.390871,1.334261,-2.645847,0.135025,-0.280804,-2.805540,4.459345,4.778231,3.154169,-1.735569,-3.848936,-9.127175,-1.919510,-2.220238,-0.476416,-7.383691,4.303892,-5.346985,-0.308958,-2.627960,4.239969,4.174658,3.669954,-3.880184,-5.716738,-3.299341,0
-1.250071,-1.612276,-5.277728,1.615864,-10.963351,-6.138930,3.268518,1.001663,2.757755,7.039879,3.528194,0.714128,-4.852255,3.481697,1.545010,-1.188391,-0.267117,1.574572,-6.032416,6.752848,-0.021460,1.394445,-2.880123,-4.001978,-2.536077,0.380619,-1.311964,10.206429,6.152773,4.756229,0.440994,-4.382280,1
7.175400,-1.383545,4.655939,9.027124,-12.686949,2.315777,0.522726,1.291355,-2.159374,4.438087,-6.285944,-3.462738,-1.670147,-0.043673,11.889158,-2.646635,-2.575460,1.133329,3.004467,-0.217655,1.036190,2.855524,-9.170901,2.780504,-1.687973,-3.581303,0.689333,-2.415871,-0.182060,-0.642502,4.853239,2.056919,0
-6.648198,0.660337,1.333509,-4.196518,5.591709,-0.249796,-4.631586,4.650188,4.824787,-6.157888,0.371473,1.559574,-1.308594,-5.666629,5.253811,-1.521631,4.004555,-1.973614,6.426479,5.890116,3.838774,4.827888,5.901571,1.416334,-1.015356,-1.302795,-3.746656,-4.340258,-8.325521,-3.136393,1.942743,-2.447815,1
-2.793240,-5.045448,-2.409822,-0.370361,1.420727,-7.106117,-6.759535,-6.352251,-4.123980,-3.935480,-2.940516,-3.174826,-3.000212,3.039968,10.357428,-2.667397,-3.533178,-7.153523,-1.595482,1.899166,8.264048,9.714476,3.380901,-7.207426,6.798958,1.082855,5.880556,-1.881048,-1.132677,0.672894,5.379051,-4.478613,0
-2.576351,-0.918839,10.448545,2.935938,-0.317631,-0.450430,-0.723455,6.196981,4.405960,5.292391,0.828188,-0.588482,-0.430893,3.420830,4.021946,0.029499,-1.468313,4.341463,0.141451,5.595890,-4.213736,4.790476,-3.593744,-0.204477,-6.441317,9.612629,5.045219,11.009733,-8.548517,-1.552364,3.447927,9.965578,1
2.241768,8.337076,6.741478,-4.468981,0.570965,-4.579351,-2.955418,1.412149,3.747023,-4.263824,1.568594,-4.491219,2.633833,-3.472500,2.705912,4.524427,2.634462,-3.265572,6.904619,-1.371128,-5.889723,-3.848232,-2.000013,-4.770618,-6.819271,0.774519,3.430492,5.196163,1.084383,-4.984623,2.145102,-0.464603,0
3.353838,-5.363201,7.434885,0.295734,3.620737,-0.242062,-6.685025,1.688334,8.351955,9.432465,-2.410938,1.798920,-9.322143,11.377157,-4.749212,6.153811,0.972971,-1.749153,-0.793591,-3.821892,-2.507967,8.133362,-5.073203,4.016901,1.571461,6.376272,-1.032223,-1.975914,5.729097,5.919714,0.290756,3.896587,1
-3.960789,-3.694838,-3.865871,-0.303988,-4.033003,-3.094877,-1.958038,0.146276,-5.538198,-6.132107,-1.113920,4.537563,2.648193,3.442902,-2.231823,-6.980244,4.971771,3.080009,-1.561468,2.175831,1.332989,4.419691,9.482561,-0.098593,3.147402,0.315130,7.327345,-6.600588,-10.182102,-2.267893,-5.001480,-6.020092,0
2.074038,-0.958609,-3.596209,2.033691,-1.895344,-0.199448,2.034428,10.405418,7.979002,-7.534188,5.214415,2.997206,-0.476870,3.279566,-0.008718,6.367451,1.884930,-5.501936,-1.100740,-0.021048,2.891230,3.386446,8.194229,-5.152340,-3.104134,-3.279718,2.167112,-0.352118,3.842289,2.399549,-3.136242,4.284018,1
-2.423706,7.297615,-5.628906,1.061848,-9.444207,-5.521816,5.568235,-7.855089,3.112621,-3.333212,-2.656727,-4.207581,0.209261,-14.813582,4.177559,-2.725641,-2.592991,1.515612,-4.045807,-6.323914,-3.737450,-9.853860,-2.970343,6.991508,3.436682,-0.205128,1.335896,0.277660,1.135904,-6.897751,-5.913927,-12.197796,0
0.254309,-0.780594,3.520596,-6.555573,2.949142,3.980103,-0.300194,1.001144,-4.951321,-0.832529,-3.837065,0.390106,7.089413,4.874989,-1.389629,-7.658902,-3.567928,2.728287,7.819527,0.510515,1.556904,-4.141573,2.309069,7.307539,3.202629,-3.758413,1.128492,-0.784592,-0.256811,9.420940,1.774715,-0.340439,1
-1.936869,-1.751997,-7.663606,-7.261123,0.207331,-0.413557,-4.653784,-2.669607,-0.120831,-6.700344,7.424507,-4.439659,-0.131817,-4.469906,0.184292,2.356800,-0.566359,-0.706961,-2.356646,-3.343756,2.816183,-8.522284,1.432770,-4.509270,-4.029268,4.867470,1.354670,-6.581728,4.056675,-0.898958,1.481400,11.294367,0
-2.948563,0.250320,8.120064,-2.770987,-5.952296,10.681433,5.881407,2.621542,0.700565,-2.439415,7.266874,3.864632,-1.348991,3.406000,0.220825,-2.316858,-6.176328,4.600348,7.966856,3.519606,0.245697,0.734518,0.676113,5.294449,-0.488142,6.399010,-0.885353,-2.772842,2.984327,-2.612833,-3.009159,-1.980902,1
-2.220928,-2.472540,6.436834,5.774534,-1.786009,5.206106,-10.482948,-3.554308,-3.782467,0.277311,-1.242945,2.171593,-4.067717,-3.303864,-8.544517,-4.634920,2.925886,11.170084,0.084311,2.106302,-0.891991,-2.185324,-6.328461,5.716759,1.883875,-2.248032,-0.760780,-9.392834,9.308062,-3.930393,0.076712,3.057510,0
0.636261,3.569046,-0.874317,1.138674,-2.877216,2.228380,-4.358387,10.293493,-1.676710,4.916281,17.116331,6.074833,-3.326321,-7.285139,-1.619743,5.239744,0.285238,-1.036325,8.761284,-2.912687,-0.162405,10.920002,1.783747,1.237896,2.098463,7.131409,2.215349,6.413950,-2.031700,2.461760,3.613178,10.640615,1
-6.870594,-4.803288,-1.630997,2.485733,-0.658298,1.246639,6.430574,-9.981924,-4.397211,-0.881451,-6.145897,-3.235750,1.909466,-7.688997,-1.752577,0.534254,1.562523,-1.525991,0.129568,2.386232,-1.830460,1.551384,3.615898,0.971560,-3.834492,-5.729914,-6.620377,-1.646091,3.109013,-0.810604,-9.009559,3.135527,0
-2.415819,-3.525356,-3.125370,0.949863,1.811611,-3.029655,7.247572,-1.102842,-8.294700,-1.665993,2.797804,3.593807,-0.984722,2.405945,0.363342,6.114304,-1.307686,-0.730902,-2.392885,-3.308178,-2.896477,1.059376,2.371267,0.849123,-6.542727,-1.197643,-3.936167,3.202145,4.251587,9.951975,8.574873,-2.659695,1
4.355131,-0.216419,-3.386101,1.414711,1.472466,-2.349243,7.834877,0.088024,-13.110543,-0.196117,-2.052803,-2.267090,-1.303942,2.616096,-7.301596,-3.139011,-5.648298,-7.342483,-2.364269,-5.660271,-4.597111,0.709053,-0.574888,-0.647398,-1.291229,4.518951,6.707682,8.800665,3.695723,-1.191763,3.316221,-0.671452,0
-2.861849,-4.593433,-3.509674,-1.242973,-1.034119,-3.606773,1.873926,1.637569,0.126745,-2.738417,-1.627857,10.083078,3.319212,0.828188,-1.690874,-3.745852,5.153486,3.995804,-0.639177,-1.034258,1.721289,-2.147602,-0.192093,2.646517,6.394003,4.764864,4.527126,-1.362766,2.567713,6.719959,0.295046,4.456766,1
-3.432123,-2.849304,3.433153,2.969988,-7.423992,-2.064114,1.791027,3.428827,-3.059931,5.026211,-9.791243,1.798462,0.380114,-2.748863,-4.422634,4.115044,-1.239336,2.577726,11.636896,-0.828142,-4.633152,-0.141830,-8.806766,1.173594,-0.846842,-6.521875,0.929974,3.944397,-7.655134,1.176466,0.289913,-1.142672,0
8.582710,4.709929,3.921984,6.160999,-1.362553,8.644863,-4.144594,-0.502924,-8.162036,-3.694763,0.440010,-3.474808,3.282955,0.331547,-0.853247,10.225288,3.283003,6.074598,6.021051,3.196589,-0.668823,-5.711392,8.357626,-1.330408,1.789848,-3.540779,-2.787783,2.391884,-2.016123,3.639345,1.351732,0.549070,1
0.748669,3.494785,3.407576,2.739307,-2.362663,5.090628,3.591887,2.538143,-1.500179,-4.748217,-3.495419,6.193687,-8.316064,-2.313488,1.535015,-4.853376,-0.418304,-4.761614,4.448673,5.122450,-5.456865,2.081919,-4.120865,-4.337446,-2.398970,-3.367628,0.726480,2.673664,-5.977278,-6.154589,-2.381418,-5.454254,0
-5.113270,1.908577,-1.876186,5.130024,2.160828,-7.613550,-9.241716,-4.302849,3.570473,-2.136654,1.765177,2.565275,-7.894468,-2.560589,5.906254,4.486088,-1.070934,-1.633436,5.165207,-4.575323,-1.211626,-0.825439,-2.666758,13.423449,2.666521,-2.974951,-4.068935,5.144053,-7.403712,2.144857,4.054325,-6.758566,1
1.376448,-6.850601,3.113644,-4.549395,-1.070337,2.125282,7.426130,-2.268259,-2.270651,3.334326,-1.942553,-1.084747,-3.020725,-9.839904,-2.543600,-1.800121,1.953463,-0.195766,6.599724,1.422306,-0.570448,-7.704721,-0.477835,-6.006063,3.466867,-6.576015,7.139244,11.235769,-0.606485,2.462997,-4.627832,-8.242696,0
-1.172943,1.672651,-6.700368,3.457935,2.847160,-3.592312,7.193645,-6.571439,0.808867,1.169205,0.192396,-2.409332,-0.006647,2.008408,5.932348,3.650347,5.461020,-2.203627,3.696095,7.800318,-3.188776,3.042727,0.253492,5.360350,7.185535,-4.819185,5.500565,-4.984154,-0.110962,-4.858776,-1.232080,3.331671,1
-4.132141,3.050983,0.277182,-5.072527,7.983425,-2.930363,1.917671,-9.243979,-7.673570,-9.476201,-0.888157,-1.625332,-2.572620,-3.746193,2.867069,3.560865,-3.869921,7.517729,0.732273,0.843452,-1.702305,0.451492,7.366297,2.418747,0.219004,-7.144878,5.128750,1.643068,-1.271616,2.578842,4.352552,1.140907,0
-8.028744,3.613073,11.039625,5.891815,2.483971,-2.612989,2.763630,-4.061653,-0.883953,0.457499,6.098436,1.495771,-1.952776,9.573967,-2.632048,3.196806,11.437754,-2.373838,1.126226,0.684809,-4.939140,-3.222240,2.356619,4.498880,-0.527943,-2.528223,4.981030,10.279808,7.440350,-2.178347,-0.581631,0.144718,1
-1.520853,4.824108,2.914280,2.830830,-4.131004,-8.066504,-1.551270,-4.198578,2.182632,-0.367861,0.621237,-6.900475,5.714411,0.539114,0.888094,1.918612,-2.295097,0.226805,-5.017143,4.807306,-8.564351,-12.913680,3.934887,-1.626785,-9.018015,6.877628,-1.039217,5.722134,-0.490618,3.723087,7.026350,-2.951220,0
15.303301,3.014868,-1.708576,4.910955,4.572088,2.001312,8.755217,-1.498255,8.826065,1.599045,0.958296,6.282339,-0.560713,-0.818802,-2.626572,-4.444996,-2.898720,-0.300056,10.275898,-1.531763,4.056143,-3.492146,6.392923,3.909927,-5.432983,1.378654,5.501791,4.358160,-2.321505,0.334911,2.688847,0.129475,1
0.539986,-3.387323,-0.300985,-3.840647,-2.400208,-3.504992,2.345747,1.804976,-8.879549,-2.965359,-4.063919,-10.099892,-1.300346,3.706755,-8.152102,2.306276,-6.440866,-3.114204,-3.579679,-4.369362,2.151260,1.708231,3.270643,-5.797409,3.427586,9.399553,-5.933371,3.307274,-6.513056,2.418745,-1.699266,1.163713,0
5.899252,-3.412279,11.523893,1.569027,7.658342,-0.640463,-3.860943,0.577393,-1.358967,-2.858143,-1.184105,10.371538,1.502033,15.673773,5.542763,-1.741806,4.173136,5.704836,8.460293,2.191370,1.189379,8.992418,1.420414,-7.054537,-4.809177,1.462435,-3.613859,0.290764,-2.014528,1.682940,0.447746,-0.735834,1
1.284096,-4.190826,1.818195,6.232723,-0.776146,-6.820108,3.738932,-5.940571,-4.017132,-1.431248,-0.816643,0.477264,0.135050,0.944204,-4.455355,-0.961922,2.097500,3.277441,3.342432,-6.006754,-0.856855,1.731058,10.190516,-2.517017,3.951914,6.505848,4.102507,-6.043839,2.147974,-1.938993,0.575613,2.324474,0
1.570461,6.111841,-1.866835,5.086763,4.918270,-3.056816,3.365410,3.727957,-2.808512,-6.626603,7.161518,3.149399,-0.195478,-1.161543,-6.837989,-2.489145,-2.605297,-1.549503,7.559374,4.522606,5.375849,0.574537,-3.011843,3.268513,-5.053432,12.393251,5.504509,-0.308228,-1.487913,3.058460,2.855640,4.386507,1
1.302219,2.579666,-1.674257,0.754398,-1.802113,-6.279985,-3.861965,-5.253031,-4.459187,-1.987507,-4.486948,-0.589685,-7.306495,6.888083,-0.451990,-3.190468,-1.799236,3.365086,-4.741428,-2.546246,-1.183033,-0.731802,-1.040012,-4.482643,2.173937,-3.200754,-4.616367,0.860426,-4.552658,-3.922228,-5.224798,1.313459,0
6.224897,3.517841,-0.988508,2.646854,-3.625450,-3.742195,-10.348879,1.665857,-1.762846,2.692837,-3.506622,3.637791,8.876394,5.216318,-0.914577,2.744390,4.283621,-2.608133,2.488058,0.049454,-4.459087,0.562056,2.266106,-2.416294,5.103743,-3.904205,-3.914669,-6.382280,5.318270,-0.157698,-7.116998,-9.397878,1
-5.207697,2.570839,6.526951,-7.881650,-1.451044,-9.241274,-11.022218,-3.688898,-10.765843,-2.092216,-3.538889,0.681913,-1.476404,-4.071886,2.517008,2.550238,1.480278,2.901382,-1.307806,7.015860,-0.177547,-2.305119,0.816750,-6.005793,2.571133,4.245989,3.499939,2.036972,7.889505,0.949072,-3.013735,1.361265,0
6.012884,-1.459318,-5.886665,3.753294,7.400654,5.845274,2.583351,-4.315807,4.575035,-1.947626,7.709404,9.153244,0.537151,4.130203,-0.758915,4.596159,8.222860,2.506739,-3.901569,1.127880,0.838642,-8.430211,1.395063,4.407148,0.645288,-6.740355,1.424837,-0.698767,6.372009,-2.235577,-5.084765,-4.073730,1
-3.903759,1.249537,-0.320755,-4.535181,3.013548,2.531357,2.094412,-0.579813,5.329258,-6.223265,-1.748825,3.200649,-1.349745,-4.983616,5.209276,-4.137718,-5.584885,-3.924675,-10.864931,-4.722755,-0.467951,3.145485,6.306986,-5.129847,-0.341940,-1.144772,6.393629,2.758850,-2.674465,-3.829987,-2.315941,1.748312,0
1.360493,5.620468,4.563326,-6.145351,5.916403,1.512566,1.082228,6.886534,6.713238,-3.382929,0.828634,0.103132,1.418478,5.821436,-0.721212,-0.001781,9.030901,-1.938396,6.159882,1.459528,-2.478012,-7.097868,1.642698,5.192732,-5.409104,-2.118523,6.849449,4.585949,1.250835,0.928961,0.904169,6.694469,1
-7.460806,-1.445980,5.328220,-2.780365,-2.830996,1.864012,1.264072,-5.732538,1.412956,7.229593,2.777166,2.338348,-3.583040,2.412527,-4.968388,-1.155781,-1.483854,8.598133,1.458641,0.591288,0.242352,-8.298981,4.568325,-1.708462,9.412046,2.226078,-1.658518,-6.831532,0.987125,-4.603556,-2.382473,9.868113,0
-2.100292,6.099394,-2.530603,-0.874458,0.801653,1.632856,0.135271,-3.723591,-0.273024,3.952351,4.412472,-4.231853,5.498877,8.779402,5.820242,3.631365,6.961815,-2.968874,3.343794,5.482620,4.196898,3.330025,-3.491610,0.650972,-3.876873,5.929062,5.516077,5.221853,7.083939,-6.392012,0.448713,5.561136,1
1.989010,3.405594,5.397190,-1.420908,-9.770318,4.441088,-0.839159,-0.983139,2.443447,3.287954,-9.494354,0.865696,-6.006924,1.558577,-8.347463,3.329773,-5.351532,4.697872,5.355804,-2.929434,0.019815,1.934875,3.237793,4.297909,-2.681303,-1.245264,2.479237,-3.670250,2.981775,-6.620710,-4.938183,-1.351013,0
1.773909,-5.939517,-0.481152,-0.262426,0.049240,-0.060324,-2.619711,8.873787,-1.010080,-0.892803,0.575533,6.285542,-1.291046,3.372156,2.671743,6.564995,0.486271,-1.810318,4.778566,3.774696,-1.062614,4.368122,-2.949203,2.421663,0.360897,-1.588926,-2.435558,5.520990,-1.722040,6.912819,-4.523754,1.483242,1
-5.444468,-5.517227,3.767431,5.620209,-9.055983,-4.059315,-4.887192,-3.469294,-3.993113,1.377453,-5.584856,-4.122805,-1.137995,-4.365040,-2.806612,-2.641218,3.644844,-3.244850,-6.134920,-12.681993,1.795052,-8.865431,-9.712873,1.467739,-1.461645,6.145140,-1.048079,-3.856464,-1.212334,-12.695207,-2.717768,-9.446371,0
4.673819,-3.586809,9.015297,-6.517365,-4.719225,4.553968,0.793451,-3.410055,1.083084,3.174206,4.927439,-4.682980,-0.360178,-8.932938,-1.835020,-4.466293,0.494167,-3.092493,2.170584,8.034603,-4.747942,5.117409,0.218430,6.608812,-4.867289,3.861795,0.800753,1.792212,-2.434734,3.769314,6.821699,2.515312,1
0.136065,-3.197727,1.001335,-3.770084,-5.324951,7.710262,-6.175882,1.250320,-9.062169,-4.341774,-3.685778,-1.803286,1.026760,-5.579258,-8.364629,1.881660,3.705244,-13.252197,-5.300772,6.111824,2.575033,6.090727,-2.997837,-0.577919,6.115492,-12.977709,2.529324,-4.889313,-1.874676,0.962812,-10.428267,1.056841,0
-3.593798,4.732821,1.688576,-2.097874,6.443668,4.506845,2.411699,-1.786299,2.815386,-2.607464,3.029510,-1.223333,6.508356,1.586060,-4.574532,-4.297596,-3.016024,2.437597,3.220982,1.658392,-1.956163,-5.333684,2.219381,0.815557,-0.547523,4.157881,11.215807,2.786043,-4.953081,3.758150,0.265335,4.885834,1
-1.524141,-2.833874,1.369081,-2.123899,-7.202767,1.793526,0.994532,1.656881,2.909159,2.400724,1.277340,6.984089,1.348812,-5.628380,-3.791397,5.861124,4.536499,1.358746,-8.709457,-2.940773,-2.562231,-2.941353,-2.502190,0.356714,0.919836,-1.295870,-4.957775,-7.187246,-2.180336,-10.316972,3.899052,-4.952061,0
6.196051,-0.125410,-1.352415,-1.461731,1.150333,0.569683,5.220375,6.418011,-0.549200,5.305893,-5.822770,7.922682,4.469639,-4.694132,1.935215,-0.982588,-3.506111,-4.124502,1.832813,0.413795,-2.246614,-0.783300,-1.951784,1.808882,-3.208961,8.792072,7.583742,1.325003,4.373604,5.643755,-6.053182,2.890821,1
-2.569237,-4.832111,1.793459,1.739021,3.569941,1.937468,1.587564,1.022198,-3.339899,-0.786716,5.328596,3.552320,-6.832975,4.061672,-8.262981,-4.062559,10.461069,2.017570,-1.031366,-3.892159,-3.612749,-0.550499,-2.720644,-1.809076,3.801449,-4.484507,1.273504,-5.052139,-3.708683,1.587833,-4.235359,1.784393,0
3.151165,2.104889,-4.289030,-2.256290,-1.744425,-1.514282,4.446896,1.573942,-1.838308,3.217548,8.824566,-0.858803,-3.633736,-0.724501,0.641476,3.295675,5.217997,-2.650068,12.950605,-5.305297,4.317186,0.419722,-1.686371,4.525705,0.012299,6.412687,1.262922,-7.357176,-3.907784,4.025019,-5.076981,1.735956,1
-4.469559,-0.238585,-3.084154,-4.037142,-2.193335,-3.320694,0.318872,1.429228,4.311548,4.759661,3.325079,-8.839597,6.579859,3.749920,-2.648422,-1.664541,7.035398,3.487368,-6.771229,6.235548,5.506626,-2.317507,8.140604,5.093813,-5.506018,3.407421,-0.317032,1.275288,6.513334,-1.105133,-10.169194,3.123854,0
0.651363,7.591131,3.105989,-1.139294,3.321608,0.324732,1.984011,2.801640,-0.921806,3.004883,9.881689,-5.624383,-6.856973,2.835110,-7.719217,7.445675,-7.113407,1.506386,5.079613,5.265474,0.051203,5.417110,-4.324306,-3.340263,-0.635498,-1.065577,-2.126217,-3.960573,-4.742987,4.937557,-0.649063,1.045465,1
-5.845943,-0.122570,6.093325,-1.247097,-4.318792,3.766703,-1.159029,-2.360172,-1.563084,6.015047,0.033264,3.166174,2.218174,6.590567,-0.089560,-2.102367,-3.740353,1.961613,2.895229,-1.590298,-8.003842,8.388052,6.960230,-3.684370,-5.303936,8.280493,-1.291248,-2.455540,0.038174,-1.017879,4.546238,-4.882881,0
-2.623264,5.044518,-4.847618,-0.166788,-3.618292,2.009436,1.599003,-0.298862,-1.714602,3.878149,3.370995,-4.602013,1.961111,-3.730993,-1.321604,-1.717997,5.662151,-5.476684,5.946457,-0.944927,-5.723543,2.129999,9.482494,2.406830,6.146549,1.975824,3.355091,6.590420,1.852097,3.807459,-3.009493,3.275311,1
-7.292981,0.422556,8.191246,0.424976,-3.878199,-1.956808,2.113503,6.697500,-2.525253,-6.399502,-1.252972,-1.765606,-0.464268,2.677826,-3.033840,7.307131,-1.675642,-11.988438,-2.059162,-6.957218,-0.049421,-2.654354,6.052628,1.004475,-0.396358,-1.371367,-0.118671,0.053070,-7.223049,-1.250629,-0.376358,0.156796,0
0.670137,-7.485149,-3.564028,-1.260418,6.445261,-1.041891,0.878889,0.699703,3.579216,-0.860851,-2.591932,-0.107882,-5.125207,3.312963,11.446623,-1.894669,0.971931,4.858843,-4.270552,-3.587193,-2.691988,1.999884,0.985508,-8.467401,0.366386,-4.571011,7.164513,6.681736,0.827465,-3.661745,0.226383,1.638206,1
-0.411142,0.668831,1.636358,5.228624,5.311977,6.488661,-4.979452,1.835545,-2.872362,-1.993414,-1.618292,-5.582325,5.755779,-1.415926,-4.742050,-8.079519,3.341345,-5.754206,-0.875793,-0.820427,0.492989,-4.152597,-5.763851,6.721506,3.965401,0.203535,-1.902451,6.763937,1.600847,8.337517,-6.781027,-5.504429,0
-4.069960,6.979296,3.515276,1.288673,5.168011,4.876667,-9.315121,1.831934,6.368595,-1.505960,3.505419,-9.004433,-0.729206,2.791553,7.838652,-0.387079,-2.019810,4.580191,4.250917,-4.931120,-7.929673,2.643003,7.535793,5.192188,3.697109,13.253916,2.063242,-0.848673,-1.495760,9.186062,-2.483400,5.424053,1
4.800285,-1.718935,2.591322,9.125761,-2.537777,0.514421,10.914789,0.201191,-2.738094,-3.966726,-1.284071,-4.616575,1.130470,-3.357368,-4.995028,-0.284111,-4.702726,0.445417,3.316902,0.201050,-2.193499,-4.117853,-4.640564,-4.148760,-4.466770,-3.163052,-4.168264,-1.320505,-1.346207,3.734266,3.183882,0.594019,0
1.701355,-4.505514,1.144409,4.540985,1.079922,1.231596,-1.731773,4.266172,-6.427700,-2.803560,5.500607,-3.357069,8.119289,-1.128185,-6.607020,9.619129,7.863449,-1.632269,0.167273,-0.151239,7.803833,4.527056,-1.011549,4.093676,3.812130,-6.392701,6.228779,0.990078,4.829659,-2.839531,-2.843870,12.638838,1
-2.394667,-3.421989,3.267656,-1.743658,3.149889,6.550375,-0.895515,6.117689,-0.027544,-3.234884,3.785843,4.843958,-0.089972,-0.029724,-1.510015,9.334997,-0.079437,-6.586000,1.342283,-3.304453,-3.725918,-6.099609,8.428009,0.932329,0.529600,-3.161915,2.196249,1.317785,-0.095961,-4.350882,-3.941080,-4.129745,0
3.999969,0.935890,2.634468,-0.941652,-5.619617,8.146950,-1.825409,0.605545,8.635826,4.563778,-2.065998,-3.364258,-3.825281,-1.633478,0.182316,-0.216413,-0.674831,-2.576077,0.678587,-2.710855,2.868998,-9.767226,-4.182005,1.557318,-1.919905,2.494173,9.927992,12.018507,-3.814230,4.216042,-8.992062,7.958977,1
-2.252892,1.917868,-2.627920,-1.279562,-2.065706,-1.361464,-2.613880,-1.885616,-7.529482,-1.182983,1.854507,-8.025567,0.044170,-1.557171,7.121790,-2.884659,-3.057009,0.493399,-2.049494,-3.869944,-9.244867,-4.193668,-11.141681,-1.055130,7.564245,-9.781207,2.987858,-3.659494,-2.890985,5.014738,4.070608,-1.062353,0
-1.524952,-0.056030,0.695116,-9.194407,-1.959167,1.288492,2.721870,-1.849129,5.016504,1.029438,-1.944397,7.313761,0.510424,8.244135,1.706480,5.005396,-7.405052,-1.608948,-3.900354,-1.723751,6.838446,-6.836390,0.868004,-3.099726,-1.311003,1.460913,5.283966,8.274694,4.415272,4.828035,2.259075,3.222048,1
0.131330,-1.919437,-6.724972,-3.162380,0.605881,-0.401758,-0.922998,0.898136,-8.660904,-3.947268,-2.324682,-1.057299,1.152287,-0.074909,-7.775469,-4.634333,-1.535807,3.616896,-0.457314,-5.148731,3.227375,-4.167398,-2.320238,9.560064,-2.451365,-4.158293,-0.134464,4.782625,0.910389,0.013485,0.120579,0.004066,0
-9.157486,-6.157611,3.099047,-0.257406,0.914110,7.401817,2.048849,2.114399,6.555531,-0.242958,-0.638372,5.343653,-4.143673,-8.662496,-0.030275,-2.820507,-1.870207,3.555622,-3.575115,2.092945,4.938856,2.500332,3.655102,-8.355436,-1.211317,6.340731,2.367971,2.104610,1.323425,9.039980,5.974960,-0.639393,1
-6.877258,1.071434,1.574135,-2.153585,-2.307194,3.191292,3.676977,0.104660,-5.758045,-0.588232,2.757977,4.605778,1.616795,7.385330,-2.595945,-0.327898,-0.059870,-12.070286,1.262320,-2.219532,-0.990070,1.028049,-8.109536,-10.021067,-0.920656,-2.941278,-6.596882,-10.767668,-5.140179,-3.837553,-1.352535,-0.079121,0
3.253204,3.765469,-0.553913,7.252905,-0.267233,-1.677475,6.330982,3.774412,-1.768751,0.940544,2.939243,-0.874334,-2.428989,8.385742,-2.793140,0.857082,-1.946741,3.506330,8.449856,9.496952,-5.370181,2.904064,-1.556116,2.092113,8.142237,3.426048,2.873978,-0.323797,-2.350679,2.025957,-7.830661,1.889990,1
-9.157172,-10.176026,4.188732,-5.393040,3.872490,2.119307,-3.992086,-3.987169,-2.499754,0.228079,-2.469402,3.037361,-6.311975,-1.936869,3.009930,-2.680506,0.944935,-10.866519,1.680052,2.584175,-6.076588,-1.217075,-1.466995,-0.748314,-5.938883,-2.957159,-3.223389,-1.421719,-1.087822,0.285276,-2.441000,-5.304487,0
15.403704,-0.155203,-0.122437,0.112862,-2.640282,-4.328135,0.549959,-3.442112,9.430122,4.261454,-0.118826,-1.517633,6.058985,3.425943,3.858686,8.522423,8.790068,-2.989403,1.188013,5.354198,5.650715,-0.398243,3.317381,1.609385,-3.668175,2.965033,-1.428343,0.374924,0.647139,3.003204,2.981306,-3.956387,1
-5.940323,1.240528,-2.921427,2.776321,-5.329794,-0.139591,-2.324480,2.744883,-6.394588,1.844376,-6.573523,-2.759436,3.771074,-3.607496,4.160784,-6.745522,2.369101,-8.021785,-1.114365,1.188631,-5.038229,-6.134989,3.251411,-3.515141,-4.329111,2.458504,-10.365620,-3.111021,2.404089,2.832193,5.540449,-7.357615,0
1.083717,3.221256,2.291920,9.538448,-0.169426,-2.963654,-4.717323,5.244364,2.498005,1.247517,-0.987049,0.153257,-6.879295,-1.609760,0.762941,-3.399916,-7.461750,2.070860,5.496258,-4.094202,-1.222416,-7.426030,-7.834141,-10.141940,5.557444,1.709436,0.793613,-4.629738,-5.690957,-2.191900,-2.061117,5.205856,1
-7.475170,-0.986670,2.330843,-1.102926,2.433817,-3.445343,-0.192549,4.533930,4.657429,-2.204304,-3.654863,1.237898,-4.494709,0.327541,1.431488,-11.084129,-6.735062,5.147476,2.464323,-12.952139,-3.505955,-2.901817,-3.596087,-2.715029,-5.534296,-2.504526,-0.968731,-0.529434,-7.139542,-5.333031,6.716890,0.654448,0
-6.305875,0.753647,-2.212837,-9.588741,8.536634,3.745113,2.916170,-1.752014,-1.228212,-6.454458,2.851959,-4.590113,5.031176,-1.475908,-3.500528,10.912001,5.715057,2.265163,4.739674,-0.813419,1.623117,3.416557,5.969112,-1.102337,2.214571,7.279303,-3.023970,9.057909,-4.967682,0.330629,-3.293602,1.566736,1
0.988905,1.979252,3.879335,-3.857004,-2.704742,5.871634,-3.289961,5.662523,-1.491436,-10.826432,-2.104752,0.683535,-7.268855,4.005526,1.284252,-1.926968,-4.845901,-1.398525,2.932533,2.515945,-5.146095,3.888374,-5.738287,-10.780125,-1.560316,1.511707,0.997795,5.808455,2.569735,0.243372,-7.873013,-2.656725,0
-0.459864,-0.161112,3.425484,5.314491,-0.082582,6.929455,5.384476,5.847338,-4.761049,-0.778187,2.411995,3.871666,-3.222277,4.369005,2.147322,3.311800,7.664318,11.311739,4.263582,-1.996555,1.577108,-2.777359,-5.325954,0.748646,-0.899153,9.357559,3.416010,-5.833276,-2.745102,10.563597,-1.230986,1.193935,1
-4.768299,-1.285854,0.656839,-1.850710,7.356308,-1.196596,-2.079054,5.925854,-2.907141,-6.853701,-1.627562,-6.250965,7.310238,-1.561817,-7.174870,-0.194555,-8.474648,0.720543,-4.435686,7.930628,-12.378874,-3.723946,-0.825325,5.364895,-1.374018,5.992086,4.507013,1.844072,-3.458162,-9.146300,0.492575,-0.127718,0
-1.965853,2.448006,8.069338,5.603802,0.692711,4.381630,6.280344,-0.783106,-2.839186,3.562216,-3.120243,6.890181,-6.582458,-4.056971,0.784880,4.056414,-3.150675,1.593109,2.090239,1.073967,-0.659801,5.897850,1.939348,3.832556,0.822613,5.181601,5.717865,10.687786,1.959667,-4.499493,7.263235,0.943142,1
2.055643,6.472694,-0.522486,-5.339886,-0.807383,4.071564,-2.628201,-2.493818,-2.198711,6.686319,-4.596275,-3.337519,-0.809158,1.638535,-4.688126,-0.255926,-2.309679,3.159672,-2.180803,-2.565485,0.455614,2.527225,2.630011,-0.746586,-6.339930,1.044453,-4.968664,9.942774,-0.072680,-1.018826,0.025225,-0.560047,0
-1.855595,2.378250,-8.115494,2.075516,-1.546347,2.003431,-8.700342,-11.500107,4.543364,5.426176,0.705889,-1.086134,-3.996599,-6.717211,-0.899269,2.063442,-3.381973,-1.875183,2.493277,-2.678995,7.579273,2.553913,-1.835497,5.557373,3.371786,9.887833,-1.366581,-9.521637,6.250605,0.116495,-0.519600,2.199158,1
1.458536,-0.327833,0.962803,-0.306721,-3.104467,8.822279,-1.402655,-0.401106,0.534822,-3.339302,-1.599251,-5.227125,-1.052090,-3.263199,3.635403,-8.862770,-3.228201,-3.017969,-4.563477,3.492252,0.854971,-12.009172,-6.841959,0.609808,-7.555367,0.063726,-3.366880,-4.625011,2.443430,-3.479193,-7.497713,-4.988207,0
2.320976,6.502367,5.226845,13.593485,0.893600,2.146950,3.979130,-2.424803,7.103418,-2.658321,0.502533,11.055376,-4.951481,10.154240,8.010811,-1.353714,1.980505,-0.445177,3.008657,-3.443192,2.239584,-1.093027,2.053785,-3.872740,3.701225,2.705387,2.467602,-4.989571,-6.372440,-3.536173,-1.005886,-5.554371,1
6.609039,4.804806,0.949108,-3.755919,-5.098738,-1.783529,1.009680,-8.340695,0.518904,-1.585567,-0.412382,-6.477360,-0.104223,-3.603003,-6.702736,0.618240,-2.590740,-2.887867,2.146006,-9.657931,-7.528476,3.084414,-1.055309,-2.626760,-9.723531,-6.732809,4.019751,0.770651,-3.476496,-5.966728,-2.212706,-1.168818,0
2.258600,-2.085138,-6.720624,-1.334126,-8.259485,2.020668,-1.073240,-5.003780,-5.531987,4.585411,0.503418,5.230131,6.470716,-3.415771,-0.026154,-4.660633,-2.924650,-0.722355,5.963045,2.469187,0.559929,-2.618870,-0.903700,-0.188572,0.720955,6.937777,1.467794,2.882465,-6.542015,9.588692,2.516056,1.671953,1
-2.588686,8.509314,-0.378870,5.354244,3.543383,-7.617483,6.620396,-9.243787,3.225870,-0.239784,3.991808,-3.208115,-3.669724,-1.024832,3.881264,-1.530428,-2.230051,-2.343765,1.900053,-1.623344,1.848114,2.799351,-8.392016,4.189936,-3.441114,2.566948,0.271240,0.592758,-10.708605,1.605000,-3.972826,-0.634653,0
4.425819,1.172846,2.669680,11.045504,2.157673,4.120422,-0.151079,-8.029549,7.857491,-1.458014,-4.407999,0.545630,-0.876642,-4.905867,-7.330263,-4.600288,2.125370,4.778679,-4.724098,-10.065591,4.395828,0.469854,-1.553055,7.462267,4.685850,1.207926,1.886675,-1.971098,0.082335,-1.071823,7.245356,-4.858349,1
-6.166100,-5.767519,2.986504,5.425634,-5.835136,-2.104719,-0.669611,4.601748,-0.316458,-0.263866,-5.025986,-0.417536,-12.152228,1.007593,-0.801464,2.346064,-5.055815,-3.075575,-2.356520,1.202963,-2.553934,0.045160,-1.575792,-1.888557,0.520971,-8.727911,3.522221,1.899885,0.751680,-11.161852,7.407427,0.994654,0
-4.948788,7.005457,-3.193497,-0.283127,-0.908138,2.153116,1.892345,-2.651365,-1.055172,-5.772612,-1.780500,-1.216721,-7.724609,4.662235,6.696110,-4.610975,0.015064,3.152153,7.476851,1.285248,4.258608,0.854261,1.234573,-3.372620,5.424133,5.279192,5.768772,-1.530664,-0.052450,2.044811,-3.884621,-0.790020,1
1.404465,-3.837475,-2.865313,-4.297318,-7.466676,-3.788225,-3.019449,-1.058466,-2.731432,-4.813509,4.886129,-0.340109,-3.820549,-14.147453,-4.292646,-0.947556,1.074316,2.294922,0.499996,-2.808344,-1.238438,8.028231,2.965008,-2.339859,-5.939203,-0.997435,0.683638,0.873955,2.523615,0.765779,-0.261633,-2.321154,0
-1.774496,-0.928978,-2.236294,5.257986,3.867651,-0.738373,4.402952,4.026560,-6.885775,2.449497,1.798916,0.856956,-4.806782,1.292980,-7.119702,2.849319,-5.148413,-4.204912,-0.096493,2.215048,3.605827,3.875696,3.015841,-2.757626,4.546179,2.755028,0.795137,-1.472239,8.149225,3.140936,5.598009,7.340872,1
-5.440710,3.283537,5.675037,-1.112650,0.920095,1.746861,5.451963,2.420784,-6.066254,0.443932,4.077000,-9.259798,-1.389236,2.412287,-0.331276,2.343063,-4.806297,0.759657,3.482700,-2.390079,-0.231514,-4.159262,-4.424410,7.865892,-0.056877,4.958591,-1.861023,4.870693,-1.405573,-1.352217,5.305508,-7.042110,0
0.861534,-1.024483,4.204933,5.536425,-4.097740,6.641794,3.342964,-6.759757,-0.228861,-2.296772,5.668871,4.764688,-0.208233,-8.176003,1.356897,3.951700,4.612097,-2.515120,-4.458721,-4.217314,-0.682039,-3.572577,0.061798,-2.342840,0.878656,-0.664743,5.716490,-4.754538,-2.464338,2.121744,-8.759446,3.035894,1
6.382030,4.793293,-0.069834,4.097807,0.164568,-2.908260,-3.574848,-4.524801,3.747631,1.271481,-4.172209,-2.017914,1.285145,3.622770,5.528147,1.367765,2.356874,4.889402,-3.054560,-6.475750,0.541325,-4.228636,-4.838156,3.906248,0.274197,-0.237553,2.127510,1.059721,-0.142694,-3.191786,5.929733,4.190222,0
7.998198,2.345177,3.283554,-4.147099,-4.530628,4.602432,3.852520,2.113932,-6.220246,-6.338279,-14.148859,5.742920,6.368935,-10.432513,-3.600634,1.513998,7.409843,1.822483,5.762106,-1.399117,5.756781,1.975119,-2.288261,1.674147,-3.261820,7.124811,2.524326,2.777615,-8.962944,-7.592262,0.235067,7.234707,1
-1.586769,-0.731146,-2.855917,-4.618284,1.166405,4.265141,-1.012142,-6.939631,1.769361,-6.496681,4.774771,-4.530436,-0.233757,2.173693,1.172026,-1.379610,-8.910392,-1.768766,-2.723907,0.999174,-4.313906,0.895582,-2.320751,-5.798647,-5.261189,-8.602563,1.387920,-5.217424,-0.678251,-2.779081,-0.284330,-1.944311,0
7.075171,4.814079,-9.504719,6.385792,6.833651,-6.349880,5.413666,1.770275,-1.017569,3.538239,-0.801138,8.674335,4.487219,-4.564737,-1.805468,-0.143215,1.987865,-2.169121,-8.409513,4.597591,4.370657,-5.377600,-2.937984,2.175070,-1.211540,8.363667,5.840429,-1.629654,5.664820,-0.642502,-6.155142,-2.801859,1
2.162264,-4.401415,-1.796909,-10.603932,4.121603,3.668427,1.971905,-2.756901,-1.405205,-9.582385,-7.583270,-1.808643,4.745991,-1.283985,-3.042400,9.713053,-3.661198,2.501558,0.112467,-3.267773,10.661592,-2.753508,3.562344,-5.346928,0.023754,2.152441,-0.451525,-1.136948,10.447496,-5.852766,1.348812,-3.431108,0
-4.391394,4.594759,-1.362144,2.856850,4.863482,1.795805,-4.761448,-1.827572,10.444408,9.958355,3.123959,0.746847,-3.953873,0.761896,2.226534,0.763748,-0.035313,-1.920528,3.899029,2.626411,2.168211,1.331814,-6.115487,-9.622096,-1.309410,-5.351974,4.106705,-4.634073,8.521351,-4.449167,3.875486,-2.757986,1
6.572298,-1.368540,4.519327,-1.892538,5.514767,1.374224,-3.976267,-4.421568,-1.442493,6.595556,7.319387,-1.471668,2.855114,-13.866437,-4.586559,4.244665,-2.427214,-0.866133,-9.579780,1.099195,-2.463589,-7.269861,-5.378891,-4.271498,-9.145285,8.472647,-5.876471,-5.755764,-2.873472,-1.758793,0.740877,-3.102026,0
5.925535,1.296766,10.443516,-0.175512,5.116600,6.497486,-3.882315,3.679575,-2.718847,4.686777,0.931334,2.451109,1.622541,2.246847,5.692909,-4.368475,2.066010,3.002625,-2.443928,0.959337,3.801239,1.109652,3.117672,4.688349,-3.138201,1.072653,5.498419,0.027027,-2.416874,2.594810,1.825262,2.628658,1
-0.453363,-5.728283,-5.875748,-2.120005,0.301161,-4.138998,-2.969845,-0.126495,-3.315393,-2.894054,3.461895,-1.376118,-1.232948,2.608318,2.942019,-3.912935,6.274467,3.489832,-0.585369,-6.090025,-0.528996,-1.586329,-3.440901,-0.388350,-1.528816,0.678192,2.489670,5.583694,0.974606,-8.963660,-3.702805,2.085770,0
-7.714179,7.077364,-4.282393,-2.323717,8.886431,1.073326,-2.954098,1.907909,5.952600,4.755278,-2.701658,1.394279,5.163809,3.247107,-0.926243,-1.684837,-0.337942,-4.281357,-1.396803,-10.667965,0.145447,1.743994,9.885786,-1.660248,1.069536,7.509319,-0.235971,2.762768,6.403482,5.831284,4.600788,-16.431770,1
-3.096308,-6.662157,-2.016306,-1.080313,-11.216736,-3.908327,1.561323,-1.276888,-5.691107,14.352026,-4.188313,4.144781,8.870420,-3.162052,1.041815,-3.192141,-6.466633,-2.415714,7.397659,-6.434275,-1.126829,-0.531744,-3.803413,1.344570,1.542103,8.232307,-5.184811,0.000931,-2.790956,1.602077,-2.712818,-9.185965,0
3.958334,-0.484024,-8.590288,8.603727,0.140745,8.183359,-6.706373,-1.223143,3.239374,6.564604,5.402517,7.538700,-0.405300,-2.510151,0.176081,7.511211,7.388895,2.243114,-3.153446,-5.770905,2.716927,2.530479,-10.410182,-5.822741,3.900383,-1.964560,-0.143055,-2.112158,-9.384755,3.290257,8.291904,2.559010,1
-0.454090,2.882992,-2.381985,3.713585,-1.330307,2.249949,-1.973150,-3.420904,-3.627838,-0.653708,0.051777,-2.361343,-2.559744,-5.249514,1.939201,2.029694,-8.577623,0.021679,-11.963464,-2.758305,-9.498339,-4.931194,1.075222,-11.411329,-0.799017,-10.923039,-3.381355,-6.157360,2.958767,1.467356,0.465736,3.446640,0
0.659321,-1.822573,2.468300,-4.726360,3.184719,0.610605,1.893042,-3.961771,6.417849,-3.254421,-9.870324,-1.686600,-0.830225,4.017527,-1.706503,1.227732,-1.854050,2.902231,-7.440167,4.568651,-0.336992,4.522860,6.084961,-3.151833,5.026382,1.542542,0.794436,-5.654664,5.933434,-4.214109,7.965996,3.859158,1
-5.967289,-2.087749,4.227789,-0.183702,-1.038740,2.494946,2.320963,-5.133055,0.805679,-1.639652,-2.508629,-0.412266,2.457466,0.526146,-12.146043,0.211142,-0.504375,-0.387920,-3.197161,-5.323208,-7.650348,-2.345982,-0.140514,2.936771,-4.773624,-8.013939,0.915333,2.506699,0.911983,-4.147377,-8.767511,-2.336897,0
7.697447,-2.838093,5.652330,-3.545492,6.984501,3.495192,-7.768666,5.414295,0.893641,3.077988,0.576681,4.375278,0.748201,2.991978,-4.652473,-0.188280,-11.215950,-1.582911,3.832039,-10.342062,-0.974958,-0.563009,-2.768520,2.529146,4.934954,-0.045465,-3.080122,-2.213902,3.932882,7.406130,7.221012,-4.025904,1
-9.879082,4.145912,9.530756,-7.710677,-1.627842,2.945620,-8.561605,-9.753212,3.746792,-5.045113,1.811829,-0.798618,-5.874794,-2.898510,-4.326187,-2.769129,-0.875172,-3.516357,3.136667,-7.539166,2.293653,-7.693089,-6.842134,-1.915199,-1.350317,-6.743509,5.738194,-6.038755,2.289022,0.554174,0.413607,-0.487881,0
-2.796070,0.688316,-1.540970,2.043854,5.546946,3.774559,0.507801,2.945534,5.002996,0.915493,11.071245,2.117313,-3.029253,-2.161272,3.386290,-0.210936,-2.526316,6.805449,-2.317417,5.464554,8.252502,8.988546,0.521194,-10.499031,-1.256895,-1.375715,1.952665,0.523685,-6.183114,8.027201,5.360195,2.837431,1
-6.478392,0.266571,-6.788092,-4.668699,1.622360,4.205235,-7.029232,-3.706564,-4.491989,-13.817639,-10.020761,-7.483071,-1.719433,1.730875,-5.074968,-5.968569,3.736244,-0.812384,0.522486,5.941381,-4.673599,-1.292627,6.413429,0.653288,-3.711891,6.581356,2.208097,1.470331,2.129198,-1.087282,1.088049,-1.739752,0
-2.531115,5.733727,6.155096,4.360418,1.836182,-10.527208,5.747999,4.672819,6.449274,5.919271,3.710749,5.145010,5.108625,3.936575,3.704594,-5.602097,-5.314882,1.202520,-5.871900,-0.541613,-2.815844,1.555214,4.126509,2.735542,2.246876,-3.579107,-8.781576,-7.424245,2.539955,7.300795,-5.111762,-2.459238,1
-1.668970,-9.036852,1.753569,0.666744,-5.699917,3.545044,-1.596926,-5.003826,1.020586,-2.938999,-0.025860,4.400438,0.708639,-2.214916,2.103956,-4.883324,-11.005826,4.034550,-5.477322,-0.719669,-2.562920,-1.653826,5.403776,-1.516874,-3.993341,-12.521219,-4.749662,1.325930,-0.246391,1.698027,13.295759,6.235357,0
7.829794,3.265215,7.654350,1.492317,3.062983,-4.009966,-3.199190,2.471354,1.551491,-4.055584,-0.001703,3.906689,1.785011,-2.880035,2.708946,0.038239,-6.967957,-1.877790,-2.127851,9.857538,7.835299,7.324749,7.024097,2.196117,1.134014,3.066074,-0.679693,2.105263,6.304674,4.317108,1.833067,4.096992,1
3.127390,1.177080,-2.232822,3.314150,8.741440,0.444351,0.504274,4.295452,-0.524862,5.613569,-6.496881,2.067360,2.008511,0.557905,-0.214724,5.857084,-0.447432,8.447174,-4.018684,5.473917,-1.001368,0.753790,0.934349,1.589783,1.831701,4.212656,-7.843001,0.933924,-0.439068,-3.109152,2.762953,0.025747,0
-6.882125,2.930096,1.268381,10.630606,6.289093,-6.646598,-3.021526,2.296745,2.737877,3.375406,2.005106,1.210003,-7.563629,1.932262,1.164553,3.680387,-4.187660,1.259144,-1.067595,7.823399,-0.333435,-3.059193,-4.732607,-7.088998,5.176584,2.411474,0.295021,1.643448,5.002884,5.478893,-4.109158,0.858879,1
0.383633,2.946831,4.816303,-1.460649,-3.366432,-12.120052,-4.294266,4.974413,-6.462971,-5.804150,-6.167723,2.271740,2.287254,-2.080048,3.007868,-9.195896,2.277998,4.010077,-0.357388,-2.829515,-7.198685,2.739380,-4.874214,4.859388,-1.662737,0.109100,-2.793001,-3.757929,-6.661755,-8.351353,0.086662,1.481525,0
-7.593288,5.798691,-1.403885,-0.165577,-2.259901,9.467274,-3.460117,-2.912792,0.901062,5.485241,4.007282,1.942116,-4.075129,-1.475964,0.563534,-2.633303,-11.315488,2.852949,5.352480,2.388567,2.803816,4.002552,2.444613,2.637291,-5.331415,0.809246,-2.114054,5.034340,2.475672,0.897915,-1.367628,-1.357248,1
-1.152773,-2.588814,1.374876,4.631807,-0.506033,0.794647,5.378883,4.536266,-5.733671,-8.714938,3.825729,-10.300778,-0.906765,-3.553249,-6.990255,-3.876183,-4.785545,2.541121,9.405012,3.561266,2.621948,-8.706596,-3.128960,0.816586,3.729643,-3.395693,-2.505306,0.456156,3.567329,0.342928,-3.091616,-4.544817,0
8.508303,5.245352,-8.388852,0.327726,3.782413,-5.773072,0.022242,-3.251989,4.073254,-4.224575,8.307354,2.113192,4.589476,1.271763,-5.144218,6.103374,3.032249,0.394947,0.965164,7.859962,2.129959,8.209173,-0.423990,-5.045090,-1.506247,-3.590994,4.295813,2.878502,1.544771,4.997385,-4.034296,-1.163364,1
0.535423,4.048096,-0.731699,0.700151,-3.008345,-3.649817,-0.473999,-0.265957,3.459429,-0.011423,-3.011816,-5.505821,2.649712,-5.357988,-4.761414,-3.568697,2.480135,0.982304,7.281693,-0.839212,2.458828,-6.927435,5.376551,-8.598142,-7.727952,-3.633825,-0.847984,-0.386724,-3.894604,0.853849,-0.803804,2.263107,0
0.841967,-7.111158,2.895506,-9.694497,7.415365,3.531563,-3.620310,0.915026,-2.470816,-3.074184,-1.895313,11.347059,-6.191787,2.503052,-5.502217,-8.798949,-11.027034,-1.475817,0.868044,1.478830,2.729641,1.095182,4.335478,-0.965189,0.621796,2.561459,-1.189331,6.378668,7.167044,3.932455,-1.434341,-4.692787,1
-4.842094,-8.205553,2.463884,3.907839,-7.453382,-5.617678,11.528757,-8.358636,-3.735081,9.273813,-4.950951,-3.662722,-4.266376,-0.489094,-0.723114,-5.906403,-0.979425,-1.128639,11.514975,-2.517338,-7.453273,3.713734,8.220402,-4.073624,0.003973,-11.067363,-1.176535,5.834078,2.084511,4.520462,-7.803534,-7.501649,0
0.968517,-4.693615,6.445423,2.206751,-4.811123,-4.228289,-1.731340,1.072638,3.612795,6.465147,-5.163107,7.832409,3.789900,-2.638468,-4.035181,4.728781,0.625317,0.764637,11.213587,6.175680,2.293337,2.560190,3.234289,-4.360918,5.292797,-0.819683,-5.273377,4.260508,0.275343,-3.052233,-0.238058,3.022903,1
-3.521902,-4.005800,-5.522362,-13.487797,-0.078716,-7.720198,2.625032,-12.425454,2.718275,2.947491,4.023878,-2.009089,-3.021881,-9.162184,-0.379255,7.933052,-2.795441,4.650509,1.126184,-2.774038,4.268015,-4.243631,-4.196693,0.943630,-2.587421,3.897409,-2.162004,-4.686972,-3.370041,-2.631975,0.127026,-2.854067,0
4.404373,2.433508,3.447874,4.053421,-1.482687,-2.851315,2.712843,1.915581,3.370272,5.461731,-6.177988,0.987888,5.807899,2.697735,-3.327160,0.189741,-2.639931,7.293766,-3.279148,-2.378910,4.102663,-5.143795,4.146444,0.367702,8.834175,1.656822,3.570484,-2.044737,-4.801546,-2.277710,9.393688,1.783659,1
-0.217896,-2.633989,3.608349,4.195730,4.952272,-3.422745,-4.657913,-5.159603,-9.860121,4.603590,7.357288,-9.517306,-1.270187,1.990259,-0.298693,5.175724,-5.553598,-0.785839,0.075651,2.134674,2.709934,5.455742,-4.086372,-0.279631,1.254612,-0.204712,-8.117602,6.775152,-5.375237,-5.763300,-5.066824,0.548120,0
3.526730,4.732121,-3.108912,1.980301,2.975124,8.869947,6.636610,4.272945,1.396778,0.248909,7.791405,3.387249,-1.340572,7.604725,1.763414,12.221380,0.236671,4.241049,6.043585,-1.380823,2.207363,-0.746466,7.536385,9.544933,0.359877,-3.487274,1.634928,2.730623,-5.242782,-0.254925,2.545729,-1.743135,1
6.467960,6.616362,-5.033566,1.038023,2.307333,-11.250482,3.542040,6.190844,-0.540037,-1.179747,6.284336,-2.928865,2.487123,-2.906252,-0.301035,0.133144,-8.308400,-1.735121,3.975756,-2.026363,4.269228,-2.103418,-3.295576,-5.561310,-4.552605,2.118341,2.053665,0.406570,-6.304300,-3.142811,2.872833,-2.548067,0
-5.283306,-3.487112,3.197010,2.472158,0.559307,2.348095,-5.466125,2.554171,1.569292,1.037796,1.243776,5.806938,-3.160522,-11.128646,5.718731,-3.749632,-3.607521,-0.846243,-4.196114,1.554583,0.133547,3.779470,0.619318,5.689501,3.646267,1.071846,-0.124712,2.693939,-3.856573,16.405172,1.853579,2.154860,1
3.797623,4.791824,-4.559347,-4.694384,6.605724,-2.418116,2.933344,-4.974598,-6.691782,7.896748,2.798765,6.743227,-8.838247,-6.318064,-4.202093,-0.884155,-0.470428,-5.699196,-2.854708,-8.688462,-7.936151,0.612200,-3.993647,-2.268475,-4.732565,-3.682634,-8.644775,0.331474,-5.567169,-4.231300,-5.258497,-0.517706,0
-0.872862,-2.397966,3.746002,4.909477,2.827457,-2.123573,10.325329,-4.440937,1.618017,-2.450895,0.951214,-0.744295,6.615515,-0.912634,-1.671640,-2.651558,-1.496670,-3.438734,4.539593,2.111067,-2.475561,7.284079,-3.726406,0.587046,5.203056,3.290749,-4.889725,5.194506,0.698021,-10.914548,-1.447641,-5.044830,1
-2.604578,0.491980,-1.412270,-4.682503,-0.977854,6.546577,-8.644614,-3.313524,-5.349998,7.572592,0.279858,1.418612,3.318077,0.479677,-9.480186,9.563208,-7.863636,-5.954382,1.236147,3.021175,-5.822493,-1.733049,0.498436,-0.382980,1.927023,3.511837,-3.639721,-5.042080,-8.951001,2.498716,-1.249226,-3.470991,0
-5.741983,5.165619,0.275940,-5.668082,3.644203,1.276079,-5.945621,-7.596580,5.421862,3.024811,1.246216,-7.237642,3.966778,-4.376499,-1.638294,1.576786,2.828917,1.770281,3.694374,-2.282032,-1.901506,-0.242224,-1.858732,2.827765,3.483364,4.958042,3.355682,-5.188995,3.118641,6.617361,3.685150,2.504002,1
-6.602896,-3.009974,3.929371,4.824560,0.121778,0.435877,3.422173,-1.580879,-13.785678,-5.153124,-0.570997,-3.875689,3.894213,-3.078194,-2.307806,-1.478079,3.681004,-2.786318,-0.800743,-1.722574,-2.826324,-8.189205,-3.488529,-6.966660,9.896952,-3.615187,-1.432707,-6.562237,-3.622351,-5.005037,0.628637,-5.522125,0
-1.716581,6.908453,-1.565321,4.491346,0.470144,2.013252,1.292570,6.508587,-0.642239,8.572052,6.140886,0.492315,0.549433,10.015751,0.279476,-5.092852,8.676254,1.491320,-1.085014,11.001181,-2.809896,3.653042,3.479784,-0.401600,-0.599541,-4.168114,-1.938734,2.886129,2.315912,4.077414,4.310904,-1.055376,1
-0.542227,-3.135553,4.557026,0.013454,0.105219,-6.005911,-0.435360,2.582338,-0.716246,3.213875,-2.099701,0.412231,-4.686983,-10.712694,0.576040,5.396074,4.608904,-1.858789,0.445847,-4.879250,-0.295086,-4.042955,-4.676476,5.513302,2.087809,1.559217,-2.997913,-1.265379,-4.308538,-0.699446,-4.123442,-6.866997,0
8.870852,2.106150,5.021063,-9.127703,-0.912029,10.331480,4.228062,-5.375433,4.670609,-1.505665,1.174971,5.334482,2.709127,5.971201,-1.453651,0.627375,-0.350838,-1.840755,-0.776861,2.915144,-1.883753,-5.019850,8.944025,3.438105,-6.016821,-3.855459,0.490507,-3.775610,-1.104107,-5.835054,2.090391,-11.452998,1
-6.091576,-5.643295,-3.139679,1.322878,-3.221712,-2.685188,2.155499,0.514849,-3.253714,-9.136086,3.671055,3.158503,-4.935995,-2.272732,3.958015,-0.222086,0.086786,-9.477341,-6.050491,3.677256,1.163109,-2.892868,-2.823725,-0.758347,-0.221287,2.241352,-0.684597,1.314911,-5.695189,-4.120491,-0.431295,-0.916872,0
-5.635015,3.375528,7.156736,-0.443668,7.865854,5.671076,5.028608,1.751232,1.098001,-2.494249,1.759853,-1.309860,-2.209026,-8.579664,-4.401182,-3.158443,2.227446,1.477705,5.470940,-1.693027,3.306372,2.954494,4.047331,4.226925,1.755703,-1.636600,-6.533585,7.780748,1.860598,4.208979,-4.162289,-5.407981,1
-1.877169,-1.069159,-5.010214,-9.337303,2.296682,0.856216,-1.798002,1.654400,4.449722,-2.180803,-1.887056,-0.041826,-0.720112,0.680008,-2.214420,-6.806643,-1.180229,-11.108529,2.809690,-3.058939,-3.803316,-0.665657,-1.410841,-2.145126,2.859022,-10.216779,4.213156,-2.427040,-3.699245,-7.233027,-3.368364,3.456690,0
-3.073271,6.808651,5.473913,4.787516,9.521225,6.015030,6.253809,2.742535,-2.683405,10.980829,0.214880,0.774031,9.132504,6.207088,0.952955,5.187563,2.903116,2.889761,-1.680538,-0.065300,-7.749267,0.369207,2.507692,4.669998,6.542662,-6.405873,5.679798,1.038229,-6.153543,2.604132,-0.846567,-4.334124,1
-2.547705,1.407057,-2.261312,-4.116570,-0.115744,-7.830362,-0.317408,2.688593,-5.301182,-2.038260,1.249916,-6.200991,4.272358,-5.234407,0.797382,-5.483431,0.902790,-7.139904,-3.575542,-3.933697,-5.487370,-0.763285,-3.957415,-6.863970,-2.641104,-1.285116,1.312626,1.326498,-0.264566,0.246809,1.141363,-2.129436,0
-0.503155,1.396271,-7.656791,1.850199,-0.068806,1.772303,1.679995,-5.245546,4.598902,-11.561310,-2.934885,8.467754,1.063396,-6.611730,3.248503,2.749050,0.571228,-2.843298,-7.165803,-0.982594,4.704102,6.935896,1.367146,-2.423967,0.856670,-3.796589,-3.925056,5.424662,4.314243,0.838802,7.703070,-1.335995,1
-3.656040,3.568743,1.027039,-3.106970,-4.660797,-3.151585,-4.627024,4.874138,1.383453,-2.406048,-1.439629,-2.216612,2.980330,-1.062258,-2.906054,-0.271461,-2.646500,-7.172828,-0.044603,3.566250,-4.450115,-2.483486,-1.619242,0.504738,-4.083460,3.104858,4.443684,-4.170019,-2.162216,-0.412903,-4.294382,0.989569,0
10.143642,10.524042,-0.730097,6.493975,4.412706,-5.195888,9.167624,0.771338,-0.275106,10.244669,1.620132,-0.303404,4.291822,6.169552,0.629868,-3.540087,-5.985413,-1.904119,-3.620550,0.174047,10.798794,-1.667942,2.257425,-0.510227,2.024055,1.389589,-3.074646,5.167192,3.983389,-8.155868,-2.919403,-1.439144,1
-2.893772,-4.497528,1.003464,6.012993,0.545076,-3.427965,1.300655,1.542231,2.816772,-5.175772,-1.482107,-1.080999,-1.300386,-5.997938,-0.681070,0.788759,-3.374306,4.143433,1.797327,-7.072285,7.183193,2.051168,-0.757530,-0.766590,-13.074713,2.760509,-6.763468,-4.742384,1.621357,0.511923,1.407688,-9.791121,0
8.823376,-7.502566,2.935225,0.643942,2.094828,-1.490135,-4.152277,5.468246,-3.418573,-5.303458,11.730696,0.314383,9.085340,4.576361,2.381956,2.210634,2.473566,9.213079,2.765430,4.361355,-4.600550,11.803144,-2.927233,14.047655,3.361956,1.258207,2.740002,4.666931,-4.019268,1.211269,-4.351755,2.743025,1
-1.007713,0.084745,1.015131,-1.193033,1.381207,3.281391,-0.297676,-4.553457,-3.494816,2.789207,-3.861471,-3.557011,-8.069017,-5.926117,4.589792,-3.413979,-1.511677,-3.424618,2.940216,-2.987698,4.487883,-2.941339,1.098164,-4.050396,1.663364,0.334614,1.598286,4.087231,-8.093533,1.068804,-8.378925,1.428038,0
-5.005299,2.166405,-2.937723,1.872204,4.865314,3.203402,7.665073,-0.219753,-4.576075,-3.403835,2.352430,-1.246033,0.538544,-0.298420,4.672287,0.013300,-1.904463,-3.551310,1.669092,-0.539698,-1.450495,5.501112,6.809334,7.788641,3.038681,-8.114051,-3.273811,6.405312,0.139124,0.839975,4.417303,-7.125052,1
0.517908,3.904444,-11.768827,-7.612260,0.660904,0.393291,5.315712,3.236956,-4.612513,-3.830427,0.646690,-1.431332,6.067339,-0.162619,-5.487017,-6.194653,-7.584122,-6.695852,-4.695614,0.643835,6.627171,0.458393,0.789679,-3.854103,2.076914,-3.321604,2.468649,-6.133654,1.955187,0.871675,0.102465,-0.169878,0
0.212837,-4.303631,6.847099,-1.344099,8.931040,5.000849,10.661690,0.910307,-3.287760,-1.904476,8.372961,0.532526,6.987410,1.645628,-1.356758,-4.124937,5.933643,-1.491377,-1.476030,2.467846,-1.090275,1.477467,3.137840,-3.946144,0.479185,5.021696,-1.936592,7.403669,7.769758,-2.565212,5.005739,0.877617,1
0.802973,-3.307306,0.450014,-1.419928,8.795923,2.003717,-4.232948,0.322632,2.835176,-3.081785,3.638496,-5.394220,2.967833,-5.175737,5.339268,1.687849,2.149464,-6.323235,2.550053,-4.413231,2.995424,1.956469,2.097370,2.986794,0.617994,1.710619,-5.969213,2.281000,-3.275263,-2.719584,-3.406939,-2.113297,0
7.170460,0.747522,10.361008,-6.588738,3.045786,3.080318,-4.939924,1.098171,3.210571,-7.428293,-1.324886,-1.232708,2.845860,2.279869,4.305414,3.708466,3.522945,0.716404,6.893929,8.594275,1.348768,-0.282248,1.428289,-1.657501,4.870636,2.187561,2.824324,6.292105,5.212347,-3.432646,9.663763,6.469210,1
3.212154,1.876740,-5.118765,-0.679005,-1.830723,3.662115,-2.968010,-3.882793,1.790857,-2.896906,-3.074463,-1.129755,0.312269,8.805325,-1.057266,1.264978,-3.097235,2.369234,4.652292,-3.872223,-1.396269,6.940985,4.968449,1.423042,4.222012,8.448366,0.638998,-2.168013,-7.548944,-8.856053,4.193129,-4.672440,0
-2.331978,-1.479980,-3.941933,12.294920,-2.001238,6.387604,0.695139,0.158222,1.966146,-6.680023,-0.256620,5.723166,-7.565843,-2.480892,9.872900,5.461872,8.934629,-11.113710,-6.067008,-3.607018,4.665449,-7.227074,-2.691961,-6.546521,6.794388,-3.022966,-3.085783,2.279863,-1.764124,3.962246,4.590734,4.882210,1
1.400682,-5.047464,6.451731,-4.947718,-0.148335,-0.972548,-4.816580,2.359289,-3.427902,4.487595,-6.542873,-9.529995,3.768311,-0.075054,-7.888919,-1.585047,4.033670,2.788137,1.905163,12.140738,-4.900251,-6.121996,-2.569326,4.672548,1.137564,-1.181965,3.612148,2.963123,1.727169,0.754633,-4.033297,4.806526,0
8.267643,4.274450,-6.254245,-2.990141,-5.291018,-11.806717,-3.638956,5.028748,4.626101,5.848743,1.409815,1.895588,0.229696,4.920795,-0.234491,6.342381,-1.163294,0.469059,-6.950220,-5.177425,8.872404,1.546545,-0.281473,-9.807604,2.983685,2.596199,11.457937,-3.813118,-3.171936,-1.109991,-0.612787,0.975885,1
-0.646036,-2.812044,-0.046059,-2.404827,-3.996620,-1.099627,2.924664,2.697636,-1.688955,2.277578,-0.755644,0.986862,-2.211550,-4.536480,-1.576698,-2.510395,-5.803082,-3.925892,-2.093399,2.171787,-6.400879,2.814981,-2.360979,-6.633682,-5.603384,-0.832220,-5.288883,-4.883144,-4.602625,-11.073112,-7.027105,-6.014111,0
-3.454546,3.155712,7.425379,-2.446228,-6.716008,8.380018,3.732372,-8.468733,2.958155,2.008078,6.054569,-5.125744,8.019966,6.091354,10.932077,6.647467,-1.088369,-5.970863,-12.601130,5.460300,-0.131250,-1.924353,1.697117,5.563301,-1.331457,-0.760900,-5.222535,11.218321,-4.846117,-8.157702,7.737349,4.674026,1
4.165043,7.116072,1.285763,-1.206816,0.395765,-7.750867,-1.728243,-3.220581,-4.142284,2.169918,0.037241,-3.462906,-6.528578,0.821768,4.330944,2.916035,2.767183,-0.015280,-0.895664,-6.141756,3.302755,-5.991524,0.018475,1.518757,-1.491663,-6.321096,0.401979,0.994797,-3.172676,-1.708307,-5.999374,-2.884882,0
3.295393,-4.105331,4.741739,-3.303925,-6.768429,-10.586618,-2.088190,-7.981602,0.349194,2.737448,8.890354,3.196548,3.880587,-0.801836,5.652740,-2.809986,8.498823,-3.963938,8.198458,5.850431,-3.535719,4.679361,2.290762,0.047983,1.166859,-2.022198,-5.571510,4.177574,4.382479,-1.933893,1.508665,-4.272264,1
-7.732799,-4.386478,7.073969,-0.733130,-5.878603,1.820723,-2.899624,-4.640312,-7.171628,-1.980991,-4.039162,-0.382147,-1.568926,-3.297350,4.840363,1.043886,2.209246,2.602892,6.678345,-5.044453,-0.705679,1.045834,-2.587639,-3.919333,3.866276,-0.788130,2.531553,-1.512531,3.669037,-3.916206,3.023445,-4.433460,0
3.390783,-5.719671,2.566713,0.351133,-0.363886,2.357651,-4.407469,8.916754,-1.700830,-2.492254,1.496096,1.487074,2.415577,3.508038,12.112024,0.233950,2.714157,-1.335646,-2.653957,7.790768,2.779339,-1.080494,0.851072,0.243410,-5.854349,6.386141,-1.391979,4.374382,-2.140188,-5.709177,2.806347,0.313290,1
-2.697441,-7.046089,-3.649096,1.507647,-3.670763,-1.369375,4.796064,4.730049,0.705854,-2.602365,-2.107370,2.847654,-1.873268,-3.024456,-9.382593,-2.467249,-0.963667,1.868229,-6.529791,-3.555962,-0.812622,3.627968,-2.895809,-1.213186,-1.080885,-2.711124,0.419334,1.527349,-3.559408,-1.328770,-4.978094,-3.999353,0
-5.229179,4.524879,-3.330774,5.880327,-3.569868,-6.050298,-6.832628,1.659964,1.409697,-6.813000,-0.835112,-0.667816,2.716377,-0.069023,0.013086,-5.924721,-5.889292,1.141630,3.356565,5.168743,-2.172659,-1.244743,1.826473,7.285833,-7.813890,1.042656,10.055185,-0.786352,1.299217,6.670940,-1.753279,3.507807,1
5.325377,-0.340500,-3.430553,-4.782625,4.236099,2.657944,-2.087397,-2.894314,5.841316,-0.504917,-1.027756,-5.460512,-2.070992,-0.688814,1.654015,2.412113,1.744440,3.685938,0.393206,10.314112,3.280268,4.544836,-1.974092,-8.381421,-7.187245,1.317402,0.146275,6.633762,-0.068201,-5.298836,-3.714081,-6.499922,0
6.139774,-1.443270,9.095207,1.538910,3.359098,4.926977,5.786871,-1.586954,5.017080,8.040930,-0.139481,1.492340,4.693144,2.736500,-2.601244,2.509405,2.672142,2.931690,2.998146,-4.038095,-4.963428,-5.533271,2.386429,-1.639414,-3.957455,6.618235,-3.932434,-2.771231,2.115866,4.919384,0.537573,5.399975,1
-4.460316,-3.126677,4.478025,-1.188608,1.047131,-1.536194,-1.089853,1.978863,0.187941,-3.125072,-2.817127,-0.105665,-1.829718,3.961664,-1.646404,4.637459,-4.638617,1.869123,-2.443216,-1.456894,-4.658106,3.330206,-5.768843,3.908154,-2.748898,0.978157,1.277420,-12.155220,-6.877693,5.035398,2.704983,-1.782387,0
-1.830223,4.561855,4.268957,0.194746,7.064316,7.955143,6.645039,-8.008403,4.315008,-5.466233,2.432816,3.034721,-1.093943,-1.931435,1.541742,2.970213,3.953110,-3.181818,-5.666632,4.988102,0.814329,5.878656,4.511295,4.599932,3.253435,2.548700,2.022013,4.602646,-4.157476,-5.672334,-2.468801,6.685801,1
0.526360,7.281002,8.405369,2.451260,-2.914097,-2.004360,-1.839632,-4.078491,1.733984,-7.764668,-4.160873,3.044075,-1.367708,-0.162140,10.159330,3.577042,-0.836763,-1.634796,-5.587475,3.517086,-7.435086,0.962904,-1.372150,-2.729431,9.014723,-2.229937,2.026163,2.429596,-4.407093,-7.697866,-1.171637,-0.642279,0
-1.136805,-3.199852,-2.200308,4.804485,8.983360,-2.037497,3.032457,-0.128294,9.566574,0.657230,0.187052,1.099895,-1.750233,7.691923,-6.798886,2.321066,3.626247,3.553944,2.101492,1.498949,3.339436,6.272381,-0.545530,0.607836,-1.584101,5.160213,7.240871,-8.697701,2.006908,0.186251,8.411133,0.198572,1
-4.680922,3.080347,-1.134995,1.194790,-4.450193,0.942743,-1.529190,-0.626490,-1.828939,-1.908760,-2.460917,-2.573833,7.844002,-3.331614,-0.245070,3.988148,-6.304190,-7.903084,-6.647545,-4.154331,14.273771,0.417204,-0.431484,0.093245,-3.512796,-7.481843,-0.998018,-1.151672,-8.547977,-4.389866,-5.025251,0.315176,0
-6.637740,-0.997194,3.621471,2.271896,6.996210,1.436701,-0.037785,-2.686050,2.835970,7.785025,-3.927134,2.234707,-0.525621,-0.487467,0.177361,0.020021,-1.964167,-3.473425,2.709944,7.297102,-0.896648,0.758631,1.672480,3.618395,-0.671936,1.216665,5.352818,3.057642,-0.656010,3.329977,0.202257,-3.684542,1
-4.496422,-6.874048,2.853296,-10.093086,4.498661,-0.770992,-0.677032,-3.536732,-12.161186,-4.991198,-1.050072,3.397934,1.161840,-7.406092,-1.060400,-5.181467,2.694004,-4.503254,-1.386377,-1.119076,-1.588167,-5.188324,-2.141500,-2.749811,4.920408,6.470566,-6.842272,-6.785980,-1.924988,-8.208228,-6.079105,-0.674492,0
3.378010,-8.074644,1.749889,0.052467,6.414755,-6.437016,-0.880455,2.297855,-2.767202,3.617456,1.818243,3.934729,-0.052357,-2.711882,-0.994959,0.593746,1.353872,-4.854103,1.327984,2.925913,1.845901,5.804991,-1.119099,4.427786,1.337404,-0.352850,-4.151804,-0.617382,-1.377100,2.965572,3.269552,0.977461,1
-1.764193,-0.916889,5.313545,-7.985830,-6.061821,-0.484003,-1.924500,2.969309,-5.800285,-1.258112,3.039309,1.023472,-2.889545,-7.987666,5.930006,-0.630819,-9.827839,10.138304,3.804224,-4.126757,-3.446568,-0.404425,7.112703,0.539480,-1.305946,3.887297,-4.273497,-1.743782,-1.245333,-0.041557,-1.933287,-3.546278,0
1.910685,-6.254685,-3.300264,7.074753,7.486151,4.885550,0.566847,3.909370,-0.108635,1.901196,-3.484398,4.567169,1.288731,1.551645,0.771070,-3.361032,11.307467,-5.558508,-2.052235,-3.304962,3.307722,-0.986832,1.914406,2.489470,-2.830858,-1.677229,3.693390,-0.082653,4.849329,0.130320,3.908384,-0.932182,1
9.708281,5.249323,-2.411663,2.383608,-0.371540,-4.943808,1.801027,-12.872324,3.193888,2.042984,-5.225819,2.148907,7.450798,2.466311,0.153439,-0.789942,-3.253706,2.997900,-4.960081,1.704012,-2.793642,-10.278329,-1.362701,14.511000,-4.295183,-5.863811,-15.423860,-8.548978,-4.260342,-3.207767,-3.612146,-0.627026,0
0.626247,4.553795,5.230509,2.262384,-6.938601,4.612896,-3.308744,5.001492,4.222761,-1.138214,0.149355,-6.395315,6.462194,3.158318,-3.385912,0.171021,-0.835457,2.426033,3.011480,-0.880489,-1.760700,0.311426,-11.718335,-1.931606,10.871904,0.859674,-3.607515,12.971800,0.388313,-4.041325,-6.812611,1.203783,1
4.235407,1.535442,-11.242642,0.596273,-0.051226,2.699799,2.424078,-5.157087,4.006727,-1.966820,-6.904467,0.724394,4.401085,0.450279,0.888607,-2.723545,-0.040590,0.280416,0.510002,7.770021,2.408876,-1.559546,-4.992191,3.853205,-1.838055,4.422092,-1.961561,-2.218224,-1.272467,-7.196000,4.898169,-5.842497,0
-11.487720,-2.907120,4.736586,5.242785,-4.148006,-1.290167,-5.422102,6.152327,-2.252214,-5.547359,0.126104,1.375858,3.025190,-0.788898,3.015196,4.349005,-1.415924,3.633339,2.403080,-1.514450,-0.477432,9.345654,-3.911320,5.438892,0.158644,6.545053,9.423849,8.199293,3.434298,-12.059298,5.763298,6.499048,1
-2.578112,0.868570,-2.099783,-1.886965,6.809454,-6.173367,-3.208969,0.129778,-2.090754,-4.993582,-10.255380,-8.139332,-3.857372,-0.229269,-3.178787,-10.667398,-3.315542,-5.461113,2.664539,5.942280,3.915350,-0.158983,1.920921,0.442307,0.178755,-1.739201,-2.446365,3.512644,-2.319458,9.647940,4.517302,-8.495808,0
-1.308161,2.830929,-4.648954,4.158226,2.441196,2.360174,-7.149182,1.130985,0.298857,2.248613,-0.241325,8.463123,7.317526,2.125368,3.537645,4.055534,-4.066174,-4.720097,4.430243,0.891523,7.143085,-3.571365,-1.380211,2.255148,1.281542,-0.563356,9.211668,-1.713108,-0.339539,-2.059471,-2.951311,-1.712727,1
2.837793,0.737617,1.800522,1.635355,1.186478,-7.326943,-0.689411,-1.902531,-1.963299,-4.367018,0.957224,-4.348434,6.343817,-9.958995,2.047018,-1.725107,-4.311483,-0.518318,1.482727,-1.616135,-1.216898,-0.440172,-4.927912,1.517361,-3.868687,2.927042,-4.519203,-1.011263,-4.785778,0.490906,-3.983627,-6.796591,0
1.900164,-5.257357,1.845280,-2.241718,9.316038,-2.427044,-5.053476,-7.427027,9.594982,1.056068,0.234047,4.033472,2.355875,7.807331,3.360117,3.638472,-4.258244,-1.071404,-0.552773,6.857063,8.339405,9.111006,-3.816515,-2.870636,-1.313053,3.403902,3.629877,4.800833,1.974960,-6.661788,1.517830,8.907400,1
-3.035292,2.229292,-3.761402,-7.250898,0.508987,-1.070295,-4.231117,6.178181,2.139481,2.967232,0.005354,-4.591669,-5.079035,-6.177317,-1.812885,4.083654,-6.974771,-0.517422,0.401875,-1.414995,-0.083710,4.808023,-1.670357,-2.572065,-2.739193,-2.663668,2.934341,-4.069805,-5.515335,0.008375,0.214338,0.205450,0
1.107944,2.564875,1.412542,6.409002,1.547815,-0.314970,4.384741,3.269367,-0.295551,0.324057,1.555731,2.391840,-5.219905,-0.960501,6.578308,-1.912825,-10.215278,-10.656649,5.614378,6.534054,-9.274714,6.360815,5.228456,-0.126274,9.962603,0.979509,11.230528,-3.752258,12.191072,-2.838217,1.979145,-2.360365,1
2.101212,3.368732,1.406969,1.831295,-2.243876,2.899302,-8.300598,-8.415816,2.370136,-6.746338,1.283016,1.395884,-5.686546,-9.172287,-2.132746,1.758017,-9.977270,4.162025,-0.527592,-1.507061,-1.657503,-3.051210,9.487776,-6.952715,7.827698,-0.567743,3.742573,-0.642603,-5.707937,-7.680284,3.354361,-2.388121,0
1.661510,-0.054070,-0.570513,-0.135401,-1.887329,-4.124945,-1.681387,4.231333,-0.859766,-3.206207,6.379978,6.051149,1.803812,-0.189680,-6.955098,1.116947,3.854963,0.783720,3.765932,5.792593,-1.493402,-0.685682,5.267227,-3.652611,3.097612,0.300966,3.883656,0.632988,2.953630,-3.374651,4.084658,-1.277861,1
0.010756,-0.327057,-6.067904,4.666519,3.927929,-3.550522,1.018129,3.196928,-0.984272,-5.219025,2.768698,2.186768,2.195082,-2.333538,3.019655,1.050045,5.308935,0.929523,-2.450233,-2.313519,9.811094,-2.601162,3.525208,-6.612535,-4.036722,-5.540251,-11.069362,-3.694601,0.543344,-11.266291,-2.178650,-1.031652,0
10.393082,-4.135935,-0.395731,1.112589,-1.687645,-7.224607,3.795652,0.895653,-3.603184,0.164400,6.398575,-5.085148,-4.764429,7.220524,-0.441456,1.059732,-1.264408,-2.649206,2.639044,5.770729,1.147266,-0.050131,2.175602,-7.294574,-1.630703,-0.706215,-5.847505,6.239120,6.158848,-1.902603,-6.428185,-2.145330,1
-4.791500,8.575457,7.772308,4.348003,0.566940,6.648106,-1.286053,-1.341078,0.538687,0.990849,3.166847,-4.444206,-1.630232,1.188139,-3.833076,-0.592400,-0.878645,5.767715,-3.182764,-9.237165,-5.694315,-13.945333,-3.461008,2.023020,-7.558681,-5.241600,0.441935,0.573383,-0.935453,0.669569,-1.413778,-3.529575,0
1.219419,-0.827110,5.645605,-1.197081,-0.178757,-6.251829,-4.155838,1.530935,3.139891,5.164856,1.535669,6.397392,5.775236,5.875948,-0.228937,4.282148,0.208857,-4.330936,-2.990269,-8.623104,-1.746210,-2.346823,-4.389204,-8.580948,-0.629179,-0.691507,-3.419521,4.870117,3.749540,5.529442,-8.098268,-1.866198,1
-1.483799,0.529926,-3.029608,-5.511461,-0.059422,1.866142,-8.553366,-0.809032,-4.216152,0.715607,4.718584,0.847265,6.235935,-1.270817,-1.109423,-5.619461,-7.876916,11.279078,0.649279,3.218767,-3.998428,0.953222,-7.724185,-10.601920,-3.372459,1.889950,-6.464449,-4.452120,-1.885036,-0.178209,-5.889517,-2.418745,0
-1.079088,-3.204836,2.574144,4.465115,-0.755035,-0.373352,4.953163,0.806246,-7.305821,2.643887,4.524353,-4.094118,3.200817,-6.767411,6.083757,1.238014,4.747360,-2.365973,9.311249,1.465136,6.049496,-7.522501,0.193665,8.100178,0.112017,-2.522350,1.205009,-0.402130,-1.606873,-1.650923,-1.192724,14.675589,1
3.912163,-3.243052,-3.414160,5.689005,3.675920,-0.189774,-3.308067,-7.048626,-5.077682,-3.624552,3.294519,-2.669514,-4.305473,4.603085,-4.021097,0.774323,9.402117,-6.298115,-6.603966,-6.939980,2.110235,3.116684,-2.616566,-5.788260,-5.011196,-5.086876,-5.768158,2.904762,-3.330303,0.328220,-4.223415,-7.116977,0
0.113417,6.483198,4.369322,6.808767,2.248295,0.440792,1.258865,0.784824,5.059420,2.101501,2.451626,-5.518941,-5.162521,1.880131,2.966991,6.225277,-3.407297,5.206776,-9.459000,0.653566,1.925430,6.763809,4.552395,-2.397537,-2.777422,2.145218,-3.926378,-1.145668,-3.650002,4.995241,-0.345865,3.097971,1
-0.398323,3.995062,8.540430,3.613491,-6.243059,3.444405,-1.431610,-0.958315,0.635700,-2.481733,2.373474,0.438578,-4.722416,-4.161610,1.104599,-2.921259,2.506834,4.754868,-8.383868,1.635405,2.471361,-1.881929,-7.237763,-1.979691,5.080219,2.010845,-4.466164,4.332659,-9.628152,0.566710,-2.451544,2.643181,0
4.472155,-8.952475,-2.004040,6.126869,4.074701,5.221922,2.915295,-0.078344,-0.697668,-1.593534,4.663727,-4.421387,5.949583,-2.166800,1.535524,-0.966002,1.011360,2.371252,3.539246,1.148027,-2.531639,-5.046852,3.177534,1.766489,0.236643,9.314743,1.267813,4.368095,0.260284,-5.929441,4.521664,-1.919132,1
-8.063908,-0.385839,-4.848343,-4.630629,1.679327,-2.021669,-0.006937,-4.249622,-4.763290,4.177578,-4.240658,1.228521,-0.540665,-7.604927,2.454596,-4.340290,3.407904,4.843231,13.495028,4.692184,1.118765,-3.636856,-10.168612,-5.438349,-4.180658,1.943888,-1.352962,5.759432,-5.230410,-1.124977,-0.532457,-6.690186,0
2.921986,-6.525981,1.761318,8.312166,11.929049,4.476265,1.069330,-1.815771,2.868567,6.058933,2.006485,1.019039,-4.579741,-6.499868,8.904335,3.057240,0.971193,0.088251,-2.812651,1.243217,-1.653183,1.670189,1.139000,-0.440598,-2.515179,-3.236315,3.054665,-1.836052,1.177340,9.207979,-0.849716,-0.996885,1
-7.357956,-7.299919,-4.073637,-4.099140,4.462170,3.869959,-12.328708,2.152397,2.049109,4.391281,-1.309450,6.089893,-6.912426,0.699787,-0.743641,-3.015291,-0.597614,-6.349764,4.289900,4.804743,-2.301828,-1.739407,-4.535542,-8.885947,-3.771803,0.109299,1.052673,2.033466,-1.386015,-6.341885,1.255735,-3.969618,0
-1.248253,4.011824,3.342058,4.683369,-3.419689,-1.106499,2.413284,6.499392,5.800798,-1.080908,-2.040121,2.194794,-4.639978,0.997032,-3.288023,2.846865,0.960596,10.921749,-4.195595,4.683697,-0.816732,-3.833576,2.032955,-1.846159,0.240929,0.499208,12.878588,-5.448045,-0.817301,6.557158,3.356804,3.991552,1
-2.419510,0.944613,4.005350,-11.285092,-4.757011,-3.609837,-4.256250,0.312775,0.347439,-8.748144,-1.256042,-3.058659,1.862202,-5.723324,-5.042669,4.802223,-6.750540,-2.667871,-7.627667,-5.312746,4.290070,-2.507919,-1.732651,-3.228754,2.608574,1.436333,-2.112768,8.264297,-1.158262,-5.307652,-6.813044,1.018518,0
5.635109,6.977272,-1.532755,-1.543015,7.542894,-0.520697,-2.884932,-3.652828,4.172913,-1.795851,-1.345396,-3.919348,-1.500105,-7.548617,-1.175800,6.717052,-1.006567,2.468027,-0.857491,4.932417,1.447809,6.184088,-0.452065,0.169369,0.293842,4.159088,-0.758154,2.255415,0.398283,2.852379,1.011469,-3.565187,1
