0.344910,2.654564,-1.080404,-2.099964,5.514233,0.761852,0.495300,-6.504477,-2.576033,-4.280560,-1.078938,-4.971197,-0.222734,4.391685,-1.979008,-1.690416,2.116255,3.022635,-0.836535,-10.627180,-1.773750,-5.863794,0.101963,-8.729756,4.417147,-5.572271,-4.157286,-4.665058,-8.344216,1.844473,-1.783194,-10.663254,0
-5.745283,-0.338144,-1.223133,-0.073195,-7.526531,1.701006,-1.997156,-3.760937,-2.150784,-1.737225,0.010342,-5.364770,-2.592752,0.051998,1.494347,1.265997,2.336800,-6.953891,1.611490,2.630720,1.996529,6.872311,-2.012440,4.426119,-1.238384,0.224249,1.638863,1.434278,6.488764,-3.171526,1.004576,-5.577400,1
4.079998,-4.936375,-6.985048,-5.311161,2.057280,-4.046921,9.989893,1.520714,-3.262247,0.034639,0.862238,-2.213600,6.739740,-3.371868,-2.721682,1.392307,-12.969846,-1.768509,-2.837357,5.117535,-7.798232,-0.126673,-2.040726,-0.067921,-1.359169,0.431080,-4.724224,-6.912598,-6.616512,6.371546,-2.963230,-4.086023,0
-3.659462,-2.187008,-5.555773,4.982735,1.810881,7.954077,7.730999,7.648012,-4.823738,2.243839,-1.329777,-2.152302,-3.961121,0.030375,1.604485,9.091913,-2.252974,3.047770,0.459330,5.264194,0.164913,4.462942,5.951653,8.000038,-4.806639,0.742449,-6.608397,-10.129210,-3.918850,4.676693,-2.264004,-2.339342,1
-2.380308,-7.727504,3.878895,-5.814568,-2.607031,4.473925,0.085026,-3.514545,-7.984048,-1.896132,-5.600496,-6.428600,-2.683208,-0.448172,1.005232,-2.250574,-4.556675,1.706385,-3.832825,0.491859,-4.214231,-2.605145,-5.278044,-0.486217,-1.922827,3.663729,8.869612,-0.764715,5.890045,-5.342192,2.474566,-2.136921,0
6.569033,-6.928741,0.380842,2.664839,2.888779,4.382278,-5.093248,3.544775,3.392605,-1.456160,8.122530,7.493570,-4.809053,-6.034645,1.097845,2.437990,-1.523914,-4.091827,1.748636,-0.299307,6.879278,-4.796682,5.730549,10.124008,3.878347,6.629263,1.097490,-1.642061,7.111486,8.480774,6.372515,4.315105,1
-1.327995,2.012615,2.745014,-4.574322,7.058283,0.173288,-5.678576,0.852304,2.770708,-4.663202,5.205980,-7.115714,-5.192801,5.764179,10.339972,-2.713018,-0.069885,-1.487755,4.374905,-12.019378,-4.026255,-2.916027,-2.982216,-3.414747,-9.066692,-0.531698,-4.624031,-0.323353,-7.324769,2.704145,-2.135181,2.522970,0
-4.374361,4.788408,4.251328,-1.173286,9.775307,-0.229469,8.588747,-0.415281,-4.720474,4.850599,5.822515,0.948601,3.969595,4.573986,0.251150,8.607521,5.439726,3.779570,-7.360844,0.793135,-3.920902,3.490124,1.261988,15.175428,5.743082,-5.426893,5.632175,1.934309,-10.313463,8.534824,0.525593,-0.703770,1
-7.183639,-4.503229,1.816420,4.468533,-12.777081,-5.263725,-6.451433,1.838089,4.539795,1.009764,-2.403311,-2.284161,0.587645,1.246784,0.139948,0.984888,-2.862640,-1.664913,3.290211,-3.164295,3.097471,-8.634115,-3.430119,2.211710,-0.043301,-2.820435,-6.097963,14.220705,3.306458,4.330555,-2.439404,-0.320026,0
6.443401,-0.907051,-2.288744,-6.083608,9.701256,1.747866,6.818535,-1.841303,3.771696,6.427835,-2.001677,6.532724,10.480417,3.717005,3.821541,9.067463,12.278555,-0.990347,-5.173809,2.884159,6.283770,4.211475,5.978111,3.018673,6.996536,5.082163,7.468927,-4.619270,-3.613705,0.023228,-0.040754,1.578329,1
0.850349,2.486057,2.644579,3.424829,4.309782,1.888348,0.050703,-6.628771,-3.259737,3.767818,0.947676,-2.865582,-2.778374,1.603319,7.150816,6.944017,-5.591745,3.737648,7.883007,0.079939,-0.834442,-0.750340,-2.391771,5.070736,0.896856,-2.297113,-1.198139,1.756004,1.844477,1.763197,-5.616053,5.518396,0
2.586769,-3.474365,2.714504,4.267611,3.320009,3.637535,0.279160,0.960443,-0.627048,1.192839,-3.522577,0.879129,3.456385,-5.750500,6.195515,2.467579,-2.376751,3.485292,2.863506,-3.999832,0.104782,3.457472,-0.553717,0.367119,1.565884,-1.444983,1.719900,6.833578,5.748672,-2.747181,-5.470288,-13.585144,1
1.325161,-3.306822,5.549316,-3.210432,-2.192318,-1.154505,-0.693178,3.043915,2.051308,4.181532,-8.479806,-2.361408,-1.370474,2.646761,1.821259,-0.853601,-5.745342,2.127674,-1.906427,-6.320053,1.341871,4.292990,1.786146,-9.818193,-1.061703,5.367142,-2.394882,-3.289591,-0.901358,-3.460453,-2.672548,6.216051,0
-4.889166,3.212906,-7.981459,-2.683569,2.175676,-1.430124,10.090208,7.194078,0.961752,4.879025,6.447498,-2.622572,-0.392231,-0.470367,13.836569,4.047979,-1.807617,-1.678759,2.833838,4.138931,1.114834,0.914671,9.759554,0.688988,-3.948444,-2.788181,-3.573442,6.493519,-0.806688,0.857244,5.166945,1.843096,1
-4.242533,-5.662169,6.692993,3.004843,-1.005058,-2.865713,-5.587847,2.231195,3.216894,-5.052868,-4.681387,-5.114573,10.216677,-2.377602,0.084846,8.227259,-1.366432,-3.394733,-4.998432,-1.560946,-6.614618,2.506281,-5.240408,-0.050644,-6.189625,2.734880,3.181549,-1.506056,2.745653,-2.191860,7.580860,-5.816128,0
-2.994194,-2.727812,0.451668,1.470177,8.591221,2.881741,-8.329923,2.948807,1.086048,8.489607,2.451754,-3.384205,4.152683,1.783854,-7.057942,-2.064125,3.652168,1.548834,-6.563251,-11.060597,0.190409,-11.568588,0.964165,-0.095510,-0.488199,2.729675,-0.997015,0.267733,4.412262,-2.217482,1.727945,-0.110786,1
-1.349401,-6.033703,-2.692236,-2.745546,2.743803,1.150410,0.695372,2.905151,-2.882879,3.002058,1.185785,7.550987,6.075945,-1.499928,-6.032234,-5.426413,-1.127750,-1.421301,-2.144524,-4.819517,-9.832349,-2.548738,-6.773775,1.382029,-0.268236,-3.583809,-7.774400,-3.596449,4.703800,0.465378,-3.423925,-3.032471,0
4.700832,-0.842888,-7.641507,1.379547,-7.802183,-1.080811,-0.873295,1.429319,1.537346,2.179728,-3.835472,4.049795,5.966259,5.970608,-2.132753,-2.100708,4.992990,2.175194,-2.361721,-5.933802,6.177422,-0.375311,-1.663355,-2.353472,-1.878939,0.864941,-0.115005,5.816919,4.753677,5.987093,1.990356,4.481199,1
1.321692,-7.814657,5.078140,-3.663855,-1.038435,4.089476,-0.310196,-1.221018,4.856932,-8.275681,1.412460,-4.287708,-11.015281,-0.642221,-5.662945,3.584347,4.002010,-6.511240,2.523104,-1.665796,1.054762,-1.448509,-0.151699,-14.264585,-0.457191,-3.017733,-3.002432,-3.585342,-1.134586,-5.880569,-1.509354,-0.705256,0
-9.826281,12.405397,4.215067,2.584604,-2.141790,-5.177894,9.181217,-0.995794,8.477903,1.012962,0.810249,5.479349,0.167917,3.155518,1.821251,4.931232,-4.333534,8.082926,1.914459,2.457502,6.902077,4.184729,0.446297,1.144888,4.180990,-0.367163,-8.734750,-1.568502,-1.872301,8.137718,1.371458,0.717396,1
1.439091,-7.608826,2.363232,3.749302,-1.702669,10.173613,-5.779778,-4.857124,-4.672699,2.034653,-1.326017,-4.140259,-3.266506,-0.893347,4.703484,-4.305174,1.301954,0.022917,0.063978,4.407858,-0.541521,1.435713,1.705246,9.870878,-4.503662,-7.571465,1.636343,0.428303,-5.000738,-3.030987,7.368452,4.515745,0
-4.257507,0.218651,-7.767589,1.983023,-10.169186,8.979549,10.253077,4.375408,-0.090458,-2.603958,4.040247,3.773275,-5.890555,5.222672,2.479979,0.587683,0.333113,-3.187763,-7.532411,9.960630,1.903374,-4.006796,8.113451,-4.028799,-1.789619,4.482733,2.577118,14.052813,-1.587496,12.484735,-2.736168,-7.954522,1
-1.054201,2.538292,-4.936916,-3.094946,1.973188,2.452847,-3.207624,-10.740449,5.213734,-0.552748,11.880880,-3.545959,10.232924,5.272234,3.844193,2.710669,0.513901,-1.124123,-3.323280,-6.868799,1.249533,5.343935,-6.094896,0.698196,-4.026018,-1.709337,4.444801,-2.807362,3.745935,6.025688,-4.192211,-1.690945,0
4.437122,4.730835,10.347849,2.331635,1.704336,-7.471158,-1.148033,2.530869,2.550854,0.287239,11.426546,-2.346636,-3.142748,0.615576,-1.905817,-2.499157,2.104019,5.940701,-4.745125,-0.195889,0.091480,8.660490,-0.873789,-1.457340,-6.532237,4.353083,0.540089,1.448565,-0.873926,0.378206,5.457561,4.493032,1
0.842175,5.875319,-2.343231,0.640167,-3.438665,2.438398,-0.678946,-5.446035,0.622017,-6.344116,8.649649,-4.476198,3.131336,1.242380,-6.670452,-5.837412,-6.661995,-8.278795,4.518917,4.868715,-3.286194,0.047752,-8.243849,-5.350880,4.135777,-2.855867,-0.590345,-1.151848,0.266190,-4.378883,-3.307205,2.918665,0
2.414103,4.713213,12.653814,-1.748360,-1.703568,-3.008493,-3.115963,-6.700173,7.260769,0.905424,5.309921,1.536573,-0.622511,2.879017,-4.021711,-4.892784,2.104773,-3.040174,4.660929,4.179707,0.912327,-3.063648,-2.163633,5.239119,5.723013,-1.839741,1.406321,6.131468,-2.371136,6.337332,0.321434,7.153831,1
1.892456,-2.355635,-7.500369,-5.987867,-0.595459,3.630264,-2.602156,-0.523218,1.246464,2.902878,-3.897921,-0.507633,-13.793108,-3.889091,-5.629389,-1.083168,-6.563770,5.992682,8.603525,4.371346,3.803379,-2.186436,-4.578285,8.809174,-0.244560,-4.078644,2.521555,2.067619,-0.703239,4.352016,-5.169436,-5.162436,0
-4.607571,7.471605,-0.641092,-3.924328,-0.777122,4.365622,1.094700,2.996611,6.268814,4.020103,0.615351,6.556799,4.349152,0.471395,3.674181,4.693195,2.189569,-0.622076,-1.875795,-6.950953,7.045288,2.978754,6.385534,0.685904,-1.427992,0.613825,6.003071,-2.787254,-0.007545,6.081774,3.718531,1.403082,1
-5.845179,4.982431,1.786760,2.671427,-6.105101,7.549929,0.131895,0.707638,-1.340405,1.658464,-1.413607,-0.721233,3.716244,-4.071203,2.810589,-2.915106,5.535435,0.986582,-8.744438,-8.021011,1.418798,-7.154764,2.164648,0.532957,1.913244,0.271212,-0.550383,2.057005,-5.798553,-4.479143,2.931076,6.486898,0
-2.067793,1.490076,-2.397207,-2.589811,0.218433,-0.770094,7.833420,1.139893,2.718145,1.321972,-0.592449,8.861496,7.242512,2.400513,3.512459,1.116781,0.961058,-0.723364,-5.687091,5.349571,4.022144,3.068649,-2.677679,-0.180891,10.706522,-1.973391,3.768871,-6.033702,3.707884,-8.360880,1.757536,6.977373,1
9.092718,0.699593,5.361597,1.924469,-5.061314,1.661499,6.925611,0.109045,0.095949,0.606499,0.771069,-1.783236,3.055317,0.859591,-2.874264,0.405434,4.855055,-0.898790,-3.190971,3.606203,4.925203,-11.449633,-1.298325,2.715805,0.297937,1.338264,-6.237896,3.637093,-2.485859,1.688002,-4.083117,4.299627,0
-3.051725,-8.533345,0.371443,-2.218082,3.552351,-0.555548,3.682932,3.917196,-1.066740,4.528088,2.407402,0.803814,7.230330,6.953121,-1.718428,-3.971146,-1.854897,-6.635787,3.679155,1.738192,3.457251,1.595455,1.363117,6.509863,2.012724,4.170288,1.103785,-2.055845,3.225628,0.024591,-4.072470,-8.811665,1
-3.798740,2.986139,1.637575,3.309597,1.226097,4.524611,0.818914,3.394520,1.688421,1.574545,-1.814764,-1.518438,0.050335,-4.647509,-8.100275,0.363298,1.109043,-3.293329,8.026388,-0.406660,8.891806,-7.281384,-1.210400,-3.841507,-0.312231,-5.205193,6.439154,-5.504566,7.931137,-0.109915,-3.880091,-2.366959,0
0.033880,3.233599,5.343344,2.753931,-2.605831,-5.963510,-2.990284,2.629665,3.753433,0.801085,3.149546,8.427357,-2.526325,-5.602141,-2.463301,1.404015,-5.699278,6.687029,-3.185547,0.853191,4.431784,-0.580175,-2.785345,-4.633928,-3.804491,-7.436156,-0.324450,7.730532,-1.495260,-0.459103,5.425156,-2.367800,1
-3.572435,-7.411539,0.194927,-2.178640,3.168663,1.471575,-3.284634,5.103186,-3.641809,-0.258636,1.978319,-7.479486,5.519415,-2.393354,6.013880,-0.836266,0.430676,-5.452974,6.553377,-0.937029,4.770924,9.319971,-2.066088,0.061703,5.372665,10.135454,3.566500,0.403900,-1.759363,-5.361605,-6.146959,-3.232700,0
9.484337,-2.856400,3.386003,4.517431,0.267452,-7.360594,-5.658387,3.695778,-0.649921,1.517118,-0.828619,1.300566,4.029947,-8.056361,1.296923,0.068844,-2.312355,5.936747,0.184927,1.892639,-5.350175,2.490181,2.859997,3.276232,2.274317,0.915052,-0.762514,8.365139,3.607351,1.159534,0.127333,3.922934,1
-4.700354,-0.273590,-6.581213,3.237717,-1.321035,-3.346704,-3.760340,1.398081,-3.290632,3.927021,1.652439,-5.271404,-3.898281,-8.067799,-3.579750,-1.175684,0.274216,4.483768,-0.560085,-0.633400,-7.339862,-5.204641,2.517757,-3.822680,-5.307362,-5.054543,0.354914,1.666613,1.557158,-2.077414,-3.447945,-10.260097,0
-1.764427,1.914165,-3.317429,5.196222,5.498724,4.486082,-1.100168,3.244810,2.552519,-0.295370,-1.376352,-3.687288,2.796053,3.259706,9.686972,-0.563652,-1.465048,5.434662,-6.913072,1.658930,-1.879450,-7.693419,8.170288,3.422512,-1.480846,7.346174,-1.229200,-0.026316,-3.278580,4.141760,0.370640,-3.622898,1
0.944332,-4.552502,2.958841,1.439934,-0.589870,-5.515362,-3.422226,-3.562574,3.080885,0.417227,-0.407547,-4.510059,-2.076056,-2.194746,7.916805,-9.315138,6.145830,2.694731,7.423079,-4.327608,-3.684031,1.624840,3.169926,1.248335,2.374521,5.886330,-1.649418,0.994015,2.230227,1.268309,0.219980,6.134401,0
-0.276630,7.514711,0.828941,-3.635187,3.772747,-2.007107,-4.039583,6.350536,6.602709,9.544743,3.188295,-4.299746,-0.852165,4.312290,2.251949,10.096943,1.818769,6.458355,-1.948322,-0.257072,2.893341,3.876234,3.234659,-0.628696,0.214275,3.406771,7.408888,1.566563,3.321455,-1.513874,4.474270,-2.373877,1
4.030130,-4.405874,-6.153273,-4.654371,7.868921,-6.489857,1.846252,-12.940013,-3.873201,-4.999849,-4.243834,1.942322,6.334263,-0.265167,2.158945,2.935308,3.178947,-3.687840,-7.603067,2.151930,-0.709942,1.666328,5.380737,2.380421,5.482914,-5.239307,-0.641317,3.430006,0.740767,-4.518694,-1.557465,-2.731808,0
3.739746,-4.028990,-4.361704,3.721819,4.814205,6.612110,-0.965115,-2.923321,2.268337,2.932514,-11.037106,-1.350933,3.560936,9.670506,1.325573,1.814863,2.373489,6.057905,1.951498,1.960093,-4.304657,-2.029593,4.531734,5.148605,6.216867,-1.546562,-0.534883,-2.394781,7.900410,2.607628,3.500065,-0.381968,1
2.490721,-4.805838,0.930098,-6.569485,2.960907,-11.160532,4.012039,-2.559341,2.672049,1.544273,-0.547468,6.676298,10.518400,-3.669785,0.168354,0.149685,4.102043,-3.579493,6.256966,3.592613,-4.575346,0.693863,-6.465595,1.029226,1.138853,9.169027,3.778669,-6.997667,-3.535488,6.931866,3.087704,-3.230501,0
6.767319,12.424604,3.096872,13.343634,-6.178938,-1.134722,2.871502,7.924433,-1.786028,-1.409191,8.209824,-0.499649,-2.364405,2.320717,-2.901091,0.700104,2.871386,9.756563,-9.542818,3.826752,-2.996454,-2.954435,1.803707,1.502028,-1.417217,12.047491,4.612452,-1.511549,-0.629271,-2.137722,-6.580731,-10.204345,1
1.497902,3.857294,-0.208456,4.257927,-1.313662,-9.652111,-2.052608,-4.506691,-4.427019,-0.469133,1.846649,-2.800436,-0.218672,1.363581,-1.153360,-1.813667,-6.018795,1.047968,-7.960756,-1.654095,5.991877,-4.608021,-4.070795,-0.986897,-0.144697,-1.253510,-6.390053,-3.246483,4.414469,-8.318141,-10.689795,-6.975815,0
11.091425,-6.385209,-0.027836,4.507917,3.277708,-1.329937,1.600071,4.475454,0.445894,0.027294,3.141397,-1.073311,1.685526,-3.350824,-5.009521,-1.585775,-0.758387,2.650291,4.723946,5.426535,4.121672,-5.418424,-3.044979,2.979671,-2.026115,-1.690601,2.943943,2.626652,-1.610125,6.493488,-10.353050,2.326204,1
1.172958,-6.684156,-2.661814,1.092674,7.936699,6.206694,-2.043665,0.786667,-0.020329,4.931452,-0.322353,-5.006546,-4.508596,5.945486,-7.076394,-2.126772,-1.772877,9.118879,1.814884,2.589901,-1.564629,-7.108534,-2.261536,-0.375328,-4.154537,0.067764,3.364443,6.045406,-1.283354,0.289970,2.144238,-5.857620,0
9.599340,-7.754883,-4.944063,6.540733,-5.028633,-3.312845,-0.828375,1.776888,3.596346,2.497629,-0.343927,-0.773035,5.586351,-6.276626,-2.846874,1.420414,3.079372,8.602097,-5.049028,-4.856913,3.847692,-2.311630,7.606848,0.534233,2.782181,0.556170,-6.552983,0.934906,1.281116,-3.493338,-6.464602,1.623152,1
-3.244425,-8.345330,6.170576,-3.911066,2.664425,-6.575577,-10.253457,3.452162,0.355125,-6.288353,-0.915220,-4.824070,0.930897,-4.193438,1.406624,3.653090,-1.955347,-9.473468,-3.463362,-5.364134,-10.213093,-9.755157,-8.649331,-1.648144,-0.831575,0.390013,0.059715,3.420624,-3.627268,-9.032860,-2.164026,-1.653078,0
1.566263,1.931187,0.686525,4.795229,8.176859,3.197220,-2.022413,2.180357,-1.358477,3.985346,0.492525,5.584379,3.034893,-5.315350,-3.261259,0.172375,1.245804,-3.806768,4.189938,2.573677,-5.059446,-0.248308,-5.819825,1.789343,7.768593,-4.030878,3.411625,-5.062597,-2.637121,1.858389,5.717205,-7.906845,1
-4.853745,-1.911444,-2.084164,-6.599665,1.760559,2.516060,-3.979378,-2.032825,-2.883530,-8.405708,-2.392019,-0.307646,8.336178,-3.520828,-2.480568,3.577383,0.756777,-2.174980,-7.539493,6.924862,-2.667538,2.103235,-3.906387,-4.476215,8.327579,-9.748630,-5.951172,0.162001,1.283798,2.461142,-5.193836,-4.409571,0
2.900631,2.083155,-2.925264,-11.091822,6.109413,3.264349,-0.008551,-0.697693,-3.781000,0.392241,3.966639,-2.013517,5.758759,-1.500851,-3.222244,1.127144,-0.370295,-2.830050,7.130341,0.453234,-1.841841,-1.126522,1.357641,8.724581,-1.937815,-3.055132,-6.606407,3.349026,-1.893028,2.697474,-0.709978,5.029076,1
-7.359188,1.905848,-5.662991,-0.527218,-2.589861,-8.965816,2.777046,7.146152,-3.684395,3.992905,-7.087861,-9.096121,7.300596,-2.200527,-1.084764,0.343124,3.028734,-3.000963,-6.205093,6.131397,1.619659,-1.828236,-3.320393,0.802721,-12.617962,-7.765487,-1.459515,-4.020271,-3.584414,2.402376,-3.338541,-7.405824,0
-2.443562,0.242840,7.844490,-0.667311,0.631323,-5.324873,9.181730,-3.266191,11.234243,-3.945374,-0.296616,1.773735,5.631409,0.253088,7.606115,-1.269806,1.272039,1.421898,2.134886,2.298174,8.155609,-1.864485,-2.474239,6.789789,4.227810,0.060032,6.959286,1.318403,-2.914404,9.412525,-1.144428,-0.881950,1
10.057009,-3.512602,-5.593357,0.852306,4.920822,-6.776981,-9.464341,5.801105,-8.940065,1.157946,2.735096,2.253057,-7.758701,3.098492,6.989632,0.518139,-6.883823,-11.036794,-4.500261,-3.179110,-5.949654,-4.429510,8.671553,-0.584665,6.659336,-0.798801,-4.538078,-4.798141,-0.162043,0.756294,-6.689447,5.777229,0
1.126736,5.989019,7.784466,-2.955534,0.522413,4.290947,-4.579742,6.573637,-0.383289,-4.662849,5.587540,0.059935,-7.719515,10.151167,3.697788,2.332140,14.028883,4.776567,0.412458,-1.548187,5.062574,2.912380,5.276976,7.963131,-2.517693,-0.930069,-4.228539,5.651987,3.380648,2.811287,10.366499,2.794561,1
-1.900826,-6.646814,0.122200,0.943314,-4.487236,5.935686,-3.403570,-5.745762,-5.676983,-6.044237,2.966192,-0.607815,-2.767838,1.665003,-3.614664,-0.435854,-2.971451,5.665747,-5.609316,1.494001,5.781704,-2.372087,0.989155,-6.133076,3.060596,-5.827917,5.867172,-9.413315,-2.693253,-10.237619,0.178207,3.176001,0
4.647810,-2.257566,-2.339613,-3.576162,-1.115025,-0.140753,-4.742628,-2.803740,-1.314356,3.948931,7.147091,-1.548630,2.376535,0.051697,-5.999106,1.670477,1.468563,4.158960,-6.328971,3.267790,-3.511229,0.210466,3.676971,-1.424417,1.091616,-3.297493,0.650398,-3.627808,-1.150635,6.129751,1.000307,1.195972,1
-5.348524,-5.167574,0.467073,-0.459497,0.988930,5.097296,-2.790594,2.645500,6.898191,-7.245056,-2.060984,-1.617834,6.117970,6.461163,-1.899847,-3.940308,2.281534,1.088634,-6.663252,-4.941818,2.917154,0.257017,3.258932,0.854221,3.445124,2.975010,-4.430952,1.799440,0.605993,2.772631,-0.351645,1.085495,0
5.519821,3.843569,-0.193451,-5.478929,5.610170,-0.382818,-0.389162,3.264599,-3.969776,8.038422,1.116762,4.028164,9.784290,-1.067406,-1.736113,-1.032806,-2.685879,9.348682,4.915810,-3.360119,4.375126,-1.684143,-0.738922,9.299143,2.484146,7.688147,-3.675476,-3.588804,-1.555309,6.061831,2.734329,4.506613,1
-1.721048,-2.155279,-10.237888,-4.477520,-3.640499,-1.621456,0.632395,4.416416,0.695631,-5.795828,-8.281190,0.910017,3.714380,-3.127382,2.002356,3.473816,-3.898640,-9.844109,-0.094257,1.429371,-0.738962,7.190453,-1.762377,3.622633,0.432112,2.731728,6.340010,-4.699022,-0.384916,0.808868,-4.786295,4.095438,0
-0.698133,1.538095,-8.208402,9.582535,-4.926300,-0.169424,3.371525,-7.173943,0.413473,1.985146,-1.505594,-2.694454,3.458755,-0.059746,-6.222283,-0.967928,9.216177,2.840094,-1.918762,-2.946671,-3.580969,-1.469774,3.081404,5.041899,7.889812,10.430079,-4.390844,0.871325,-4.168182,3.147226,3.327837,-1.029921,1
-1.150885,-3.897583,-3.202969,6.200239,-1.745983,0.054384,6.506462,2.637356,-4.601185,1.069668,8.851719,-2.369099,1.071440,-0.071812,-0.314167,5.213863,-4.487015,0.144852,-5.727394,3.146475,-7.964789,1.063305,1.970810,-9.098013,-1.227922,-0.427652,-0.964691,4.629995,1.528048,5.199274,-0.477600,8.510601,0
1.339489,-0.070807,9.006426,10.463659,-1.129005,-2.674046,-8.558990,-6.571885,4.164814,-1.893845,3.137371,5.256258,5.783367,3.306831,-5.433441,4.286533,2.721659,4.643911,7.266161,0.752892,-8.833237,5.516428,-2.028175,-5.082957,-1.981709,4.429667,0.497843,-6.036623,2.537497,-1.231445,-0.101110,-1.287050,1
-4.663425,-4.463835,-1.393503,-0.515768,-17.605892,-5.206036,-3.147091,-3.572937,0.427393,-10.054185,-8.159634,-1.646296,-6.251165,-14.910228,-4.277359,2.348745,7.063839,4.914814,1.799105,-8.260226,-0.382971,-0.585480,-6.790836,5.283386,0.434574,1.246674,-0.501945,1.379612,-1.091356,10.249910,-8.913970,1.186865,0
-1.706688,-8.667432,9.250172,-0.887268,-1.067680,-1.186600,3.349262,1.199150,-0.611835,-0.562572,5.518240,0.265572,-3.271431,-5.927363,-2.193687,-1.024107,-1.214943,3.391012,-6.682311,4.293230,-13.002821,5.044077,1.231499,2.688541,4.052065,1.134918,8.208260,1.763742,0.190668,3.486666,-8.569596,1.829247,1
10.633066,-2.094578,9.659704,-2.522558,-6.005430,-7.921098,-3.898390,-7.113008,-5.192415,3.503792,0.663223,-7.413146,-0.317049,-9.223186,-8.001719,-10.183140,0.034851,-5.676350,-0.449570,2.220568,-2.624029,12.324266,5.562803,3.822706,-8.671013,1.763124,10.508993,0.268539,8.773504,9.559866,2.541824,0.577772,0
4.600399,8.971584,-1.097752,3.398819,3.326168,-0.036833,0.936867,8.003733,9.884703,0.764095,1.159485,4.669279,8.346415,0.801899,-0.454496,-5.359326,1.092783,6.600943,6.117161,-1.363188,-9.811087,-2.908871,2.111542,0.927113,-1.517252,9.074137,-5.727194,-5.338779,-4.495636,5.627401,0.576773,4.525574,1
-9.638881,-3.752117,-6.441666,0.501383,-2.196424,0.146164,-4.916643,-7.864208,-3.528799,-1.307842,-2.889889,5.857418,-3.776102,3.083937,-1.463757,-6.671307,5.650410,2.174139,-6.219118,-0.137737,-8.379871,2.350140,-4.834442,-7.428998,2.949259,-0.618841,0.218006,-3.284246,-6.282162,-2.084877,2.738337,-4.707188,0
-0.474812,-1.639095,2.526697,13.546450,-6.026159,-10.522395,1.612738,2.938086,9.077484,-1.437130,5.487492,0.075340,-6.878692,-2.881792,2.658634,-0.885706,-0.730804,0.840502,2.562220,4.873055,7.148823,8.750143,3.246679,-0.823193,0.574120,-3.686695,0.710110,-3.499647,3.855505,2.499035,4.867195,5.344915,1
8.119791,-3.500013,7.205685,-0.690117,3.143438,0.443417,-0.381031,-1.325645,4.658291,1.114819,-3.446024,-8.091444,-2.602280,4.498354,0.512703,1.647570,-0.818150,-0.187580,-4.097994,3.837658,-0.714977,2.214828,-0.243843,-0.045805,-0.103886,6.578114,-3.543772,-5.960085,-2.838230,3.311281,-8.517359,0.750217,0
8.655405,0.741692,3.749243,-8.399268,3.308279,-0.704954,4.636440,5.994345,4.803619,-5.645638,-4.550392,2.634031,-0.662806,1.641500,-11.639489,7.240463,-0.218645,3.290506,3.234217,-0.434795,1.437147,0.996429,-2.705685,-3.082781,10.541918,-0.760851,-7.731669,6.343000,6.549780,-6.251997,-0.389685,-5.369874,1
8.911734,-0.102127,-3.252237,0.748936,-4.482719,-0.473862,1.867611,-0.327847,-3.051208,-1.905230,1.417643,2.978798,-4.844011,-7.689928,-7.817960,0.190756,-7.717658,-4.434374,-1.365530,-1.117020,-3.018393,-3.931166,-11.049128,-3.008205,4.354111,-2.314133,-4.729799,1.551161,-5.072128,-4.710712,-4.414364,0.005976,0
3.284180,0.883583,-1.678644,3.360661,-2.862684,8.535305,-5.675371,3.103632,0.723669,7.322876,-7.468234,-0.198336,0.817095,-5.689117,0.035728,7.700567,2.838032,0.996870,-1.676399,6.104046,1.557604,4.327160,5.521191,5.136765,4.534399,1.951427,3.072201,-1.252634,1.325958,5.895607,2.604269,-0.817415,1
0.666737,-3.626970,-1.515812,-1.916029,-0.057926,-6.385269,0.495626,4.029167,-8.060010,-3.780979,-1.935501,3.164108,-1.889872,4.976770,-0.075174,-7.849043,-2.267878,-1.447311,1.513391,-2.046038,-4.005751,-6.624029,6.523338,-9.539878,-0.148947,-3.658175,1.645828,-5.324337,0.080503,3.039371,-0.938671,6.258701,0
2.260788,-1.756329,5.825005,0.272907,9.960619,-2.869572,-0.598360,0.708015,-3.708706,8.145248,6.025841,9.079266,-0.652882,-2.716227,7.649323,2.097570,-6.850760,9.855352,3.129862,6.462318,0.974766,0.891983,1.786297,-0.067020,3.062372,-1.963800,4.571173,-3.282965,-2.767736,-6.851565,-3.649105,-4.233528,1
-7.296799,-0.752577,-1.597130,0.478104,-5.727413,4.312813,3.356722,4.789921,9.949018,1.325924,3.349577,1.292276,-3.766157,1.382959,-0.517403,6.194593,-1.326302,-0.760494,5.048948,-0.066710,0.988155,6.103745,-2.190910,-2.383720,-1.562788,4.436703,-5.927794,-0.791990,0.693792,-0.143232,8.256054,0.248415,0
6.978497,-2.623457,1.948832,4.189240,-0.218372,1.650249,0.761101,-6.396543,1.518682,1.946236,3.813038,10.697739,9.191975,4.563238,-2.364517,7.050262,5.772404,2.254734,4.565041,2.054575,6.901354,-0.656054,-6.169117,0.833252,-5.888774,1.011930,-1.608370,-5.730854,-2.185545,-1.142811,4.201714,2.917347,1
-3.613537,2.099220,-1.382231,-1.836645,2.469912,1.727303,2.916386,0.078814,-2.500402,-8.257914,-8.458844,7.299314,2.638630,5.542395,-2.741686,2.490320,1.948130,-5.018370,1.033739,-3.779438,-6.901871,-6.956177,4.791990,-3.525059,-1.252895,-3.069658,3.196457,1.126461,6.930948,0.268375,-4.944750,-3.098795,0
5.946016,6.258543,-0.765606,5.501562,0.060026,0.269470,5.953480,0.739191,-0.326843,-2.563553,-2.016752,2.013449,1.796362,-1.178389,-5.565498,8.268431,8.319841,-0.178965,9.909767,0.186708,2.564096,-6.888082,4.536093,4.136070,-3.929628,-1.600735,-3.937160,-6.516654,3.578093,3.365301,4.685345,3.325266,1
0.892815,-6.371468,2.129400,2.243301,-3.160526,6.453508,2.506227,-9.149055,-5.164997,-0.885668,-6.132215,-1.097734,5.012499,-1.156355,-8.519839,-1.535601,-5.558023,-6.589790,0.393829,-1.687567,9.149733,-3.058144,1.944708,-2.502302,3.121458,1.981314,4.814180,-4.653387,-1.237007,3.185652,-2.939358,-3.405912,0
4.404846,3.244263,0.380608,-0.683046,-2.967932,-5.422414,2.129536,0.648382,1.101969,-0.143974,11.670172,-0.449360,8.171318,4.054968,-2.219568,1.494421,2.873816,-2.053837,1.869829,3.492796,-4.746731,3.475784,-4.275476,-5.548250,14.312784,-1.565735,-6.117791,6.358046,-2.426893,-0.788797,-3.990076,1.728294,1
-1.907230,3.316710,-2.752346,-3.289307,1.096640,-8.133259,0.955408,-0.809748,-3.167601,-6.952997,1.453924,3.627317,2.734453,-6.683928,-3.003361,3.384363,-7.385082,-1.506472,-2.371769,-3.670965,-3.306696,3.668922,1.238180,1.797295,6.202503,-2.746155,-8.430578,3.430027,-4.068319,-8.146120,-0.242853,1.572632,0
0.604174,6.588970,8.180820,3.883390,4.001614,1.591028,1.563347,-0.319672,-1.897312,-4.755449,1.137709,-1.199270,-3.646345,6.015570,4.534126,-0.714787,-3.289202,-0.291294,-1.341982,3.695751,-2.431147,-2.918571,6.047512,0.536098,0.847160,1.372841,-2.978762,3.558064,-7.816060,-1.488783,2.467474,5.988579,1
6.213623,9.417097,1.547686,-1.168972,2.328775,1.720634,-6.997591,3.339437,8.092718,-1.493370,-12.905835,2.906351,0.022337,-7.437886,5.610477,-0.387144,0.839481,5.142813,-3.645306,-5.432375,3.152420,-1.598631,-6.586506,2.698999,0.227207,-5.511120,-2.537310,2.623772,-0.245293,-1.568596,-6.242228,-4.086887,0
4.081394,-3.092554,-1.992220,2.025215,6.749271,-4.829918,8.554632,0.397404,1.981258,1.968124,2.624468,-2.194605,4.648540,4.659441,0.053553,-5.426883,2.779552,-10.807438,5.419788,-5.132600,3.070457,5.235495,4.472134,0.522745,-4.740871,2.436981,-6.137511,3.401653,-4.763279,-2.276041,-2.448830,5.317230,1
-3.016068,2.129511,-0.713379,-10.318806,1.015194,4.433769,0.456949,-3.846703,-7.470726,6.199057,-4.943193,7.346848,1.505623,0.868296,1.012585,1.027523,0.178938,-2.540670,-3.739174,3.880613,-1.942066,-12.222293,0.845098,0.108158,-6.064953,1.014416,-9.806870,-5.405443,3.245979,-8.988534,0.935244,-1.710251,0
-4.366035,-0.888746,-1.052366,4.769035,-0.323887,-10.706499,0.554132,0.790852,-3.810141,1.779030,8.234522,-0.422834,0.593918,-6.487774,-2.772869,0.651953,-1.135233,7.380936,-2.634012,-3.963678,-4.569429,2.785860,-2.883038,-0.984243,12.618395,3.270475,-2.412006,8.528992,-4.103991,5.155195,0.061863,3.654226,1
-0.860146,-5.019701,-4.385098,-3.418360,-0.476593,-0.973080,2.105835,-2.031990,-3.687971,-9.711015,-7.480793,-4.035807,2.538576,0.698002,-4.883722,-1.864288,-5.124046,-8.271218,-5.610058,-0.838713,-1.670319,-0.552187,-0.739229,-8.889803,-3.093649,1.817415,-9.890311,-3.138628,6.936964,-3.050179,0.316935,-6.576502,0
-2.175728,-0.325226,3.516958,-4.610142,6.536104,-8.104083,-2.554747,-1.288414,8.782734,1.146313,4.043087,2.552708,8.169186,0.019176,1.799469,-0.961185,-4.434029,-3.580664,3.665041,-7.923156,0.018301,4.664341,7.794550,-2.461464,-7.798480,-3.045172,-5.961887,4.301828,0.944365,-3.069765,1.201183,7.358789,1
-1.219578,3.360376,2.017536,-0.265432,-9.373277,0.108208,-1.347780,7.671726,-4.927189,3.656343,4.119215,-3.001951,-2.428137,-9.688619,0.877522,0.053377,-0.869297,2.055155,-1.882462,-0.858131,-9.466702,3.505356,-6.935001,-2.610138,0.044979,3.150671,-2.456423,1.060169,-0.176146,-5.477573,-6.344645,-5.041761,0
-1.464546,-2.447472,-3.131054,4.091772,-2.088358,0.416330,-2.436293,3.908300,3.014555,7.076181,3.388689,0.751120,17.581724,4.391653,5.585312,1.886507,1.807631,3.859531,-1.571913,-1.690271,-7.304345,-0.263458,-2.908239,9.603897,-3.960855,-1.640844,0.195581,3.380980,6.794703,-2.807762,-0.700109,2.534283,1
5.162226,-17.202805,0.692371,-8.578023,-8.432998,-0.754128,-5.118567,-4.786587,-3.214027,-7.132696,0.202190,-8.942893,-4.844440,-6.123732,-4.313171,4.161753,1.135038,2.126225,3.983604,-6.903034,2.680641,2.917845,-6.584652,-8.036240,-4.833403,9.586653,5.792744,-3.618050,-5.612659,2.943630,2.579399,-3.893682,0
7.982843,-3.646582,3.723782,-0.224377,-1.772633,-3.075937,-1.205309,1.259167,2.447065,3.359028,12.564886,3.016729,6.056276,4.618404,8.621048,3.299578,5.637033,-2.503368,7.518524,3.634777,-6.256868,0.489840,1.772255,-2.417706,0.526020,-3.259985,-0.101440,-3.149326,-1.645967,-3.157970,4.859251,-0.185268,1
0.668037,-4.369690,-6.216917,-7.278699,0.419918,-3.268412,2.514118,-4.059771,-1.459566,3.187748,-1.833248,-3.577810,3.408371,3.744646,-6.693525,3.664703,-1.088558,-1.090370,-4.574991,4.981054,0.051926,-10.637824,-2.109293,4.161596,-1.160664,2.084621,-17.644228,10.555803,-6.389946,-3.877140,-2.714375,0.042978,0
2.377808,0.352015,3.661900,3.639200,-2.241800,6.920843,0.334494,1.303440,3.221149,-0.573317,2.630970,2.180508,-3.610933,-4.832510,-6.972482,6.512827,2.841118,-3.002981,3.716509,-2.066692,-5.693978,2.914633,-1.423637,2.156008,4.657682,2.067636,-8.018491,-0.037153,1.547567,-1.505289,0.734091,3.345316,1
-2.875475,-1.835878,-1.393175,-6.140205,-1.993607,-2.549345,-7.099687,-0.102432,0.791435,-1.616814,1.314598,1.230165,-7.029375,2.202374,3.962240,3.523064,1.009842,-7.434924,-0.481319,-2.950619,-3.515440,-1.429739,-6.022911,-2.577316,-9.068878,11.555880,3.653160,4.567299,-4.512831,-5.180067,-2.286297,-2.774147,0
2.781031,2.438593,9.225605,7.354622,-5.448144,-1.975559,11.476393,2.360567,7.794460,7.597261,4.360399,-3.112955,1.754421,-9.146880,1.881893,7.372509,0.969894,-2.087349,8.573969,-2.741808,5.960604,-0.481796,-1.539858,-3.059189,-0.717743,5.244862,2.704470,-8.290356,1.571259,-2.258638,2.633553,-2.388622,1
-2.204489,-0.205265,1.490227,-0.421268,-7.027771,0.896090,3.406351,0.545551,1.067589,-1.755106,-6.669353,-2.497793,-2.485064,-4.798491,-0.636053,2.193260,-8.036783,0.423895,-0.050468,-7.639147,2.443846,5.312500,8.899605,1.076708,5.442980,-0.252701,1.063009,5.010687,-8.900599,-3.674290,-4.487617,-2.520456,0
0.370371,-3.253592,1.538774,2.061031,-1.965065,2.664007,-8.238256,-7.182136,-3.032644,-1.701962,1.217827,2.633385,9.455704,10.876215,1.585314,-0.687651,4.301266,4.159292,7.180655,1.569916,-6.106506,2.514420,-0.577852,6.518118,-0.382526,3.479942,5.163679,-7.688557,1.505014,5.844458,0.852177,-3.842615,1
-2.134201,-2.364622,2.558956,-6.172985,-2.826408,8.501032,-8.535338,-1.679447,6.755215,-2.972569,-4.563383,-6.597393,-4.035522,2.490700,1.247475,5.492094,5.001976,1.540579,-4.994133,-1.649530,3.033438,5.423321,0.024937,0.111012,0.745115,-9.303616,-2.041746,-4.019852,-8.704221,3.669048,-0.799053,-11.942393,0
-0.241074,4.204428,-12.777487,-4.519444,-2.310068,5.087860,0.783485,-1.559061,4.634085,-0.797733,2.492516,0.801748,-4.302460,-0.539158,2.501375,2.441380,-5.741564,1.744680,1.499590,-0.035965,-0.975067,2.955429,-2.009497,-2.725143,0.802021,1.257208,-6.189009,5.770618,2.627947,-0.311346,0.105669,6.118120,1
-2.322580,0.827217,-4.397881,-3.459671,2.018578,-0.443760,-3.702375,2.496077,1.385172,5.267332,-2.098186,-3.908386,-8.045376,-1.145065,-8.408808,-1.549829,-4.442169,5.930365,4.272097,2.060255,-6.828356,-5.833244,-1.409361,-4.877138,1.047640,-5.708555,-1.474180,-1.559195,-5.271425,-5.290878,-7.304000,-0.554087,0
-2.094318,4.663958,7.712969,-1.765198,12.399710,-3.651575,-3.037514,-0.341656,0.341129,-3.358980,6.501316,6.991854,3.260738,-2.244915,-0.631990,4.025295,-2.024740,0.792490,6.558990,0.856997,-2.185379,0.744202,6.155371,3.901636,-6.359917,-0.650822,4.055820,-10.456828,-1.104164,5.412777,-1.404335,0.878967,1
-1.525251,0.985043,-5.019089,2.915178,-3.382765,1.173698,6.272228,-0.276873,4.842062,-3.986233,-3.978382,1.981968,6.571201,0.315405,0.583273,-4.089783,-4.535177,-4.358791,-3.077736,4.109484,-10.829531,-4.167641,2.288603,-4.801954,-1.660770,3.461132,-6.516817,2.393688,-1.473448,4.401865,-1.646090,-4.558273,0
3.113750,7.772064,-3.844780,5.949978,0.993244,5.182199,-0.267389,1.997484,-1.419308,-3.244097,-7.454733,0.579370,-6.177485,7.586815,0.604752,-7.812840,6.943991,-1.606627,6.869598,0.939999,4.499968,4.175240,2.525875,-2.470907,-3.564093,0.447159,2.144615,2.505486,-3.813389,-0.900990,-5.119411,1.846996,1
0.966564,-7.054338,-0.988445,-9.990332,3.589235,-0.793837,2.806431,-5.720266,-0.949085,0.813244,-7.125172,-10.526830,-0.461435,2.762804,1.147532,2.937887,-4.598383,-0.463816,-3.883368,10.578878,-0.179653,-1.581617,-0.665586,2.841827,-4.016062,-3.826408,-5.178141,-13.188427,-1.573296,2.495029,-4.797501,-8.801367,0
6.855915,-8.676848,4.378405,-3.971926,-6.193565,0.713810,-2.959227,3.309784,3.924744,0.019091,1.197126,1.685301,4.588196,3.223623,8.604332,6.665049,-2.196642,8.429750,0.903959,9.562841,2.928144,2.935772,-2.545527,-4.351442,1.703337,7.977449,0.317780,7.486113,1.990883,-2.878756,-4.134333,-1.976206,1
2.988075,-8.846338,-0.817244,1.126915,4.243032,-3.613081,-13.582686,3.452579,-1.103548,-2.814230,6.973465,-0.562237,1.523937,-4.320360,2.432531,3.790052,-8.611690,-4.933435,-2.056089,-1.520582,-2.662800,-0.679491,0.560680,-7.484997,-1.375229,-10.760588,-2.396908,2.528925,-3.582024,-0.491306,-3.072248,-1.994202,0
-5.330778,-0.357698,3.490021,-0.308125,1.559908,0.898684,-4.876392,2.327417,-7.380582,8.147738,-5.355270,-0.616861,9.910952,2.665865,10.896753,-0.422834,-1.873272,7.272360,-5.045979,0.993378,6.783808,2.724089,5.191092,-2.047972,1.245619,4.705559,-1.341017,-3.968849,2.827501,-0.218605,-5.152211,-2.943058,1
-7.395549,-2.466991,-14.416754,0.582983,-7.814488,-0.769352,-2.926767,6.274839,-4.124989,1.503609,-1.527441,1.918158,-6.879366,8.722689,-5.007252,-3.583069,-2.985937,-4.690580,-2.840017,-0.448166,-4.301849,-2.512672,-1.046993,-5.653194,-3.043676,6.301394,0.270664,-4.132565,-1.076069,-1.693609,-4.102324,9.126955,0
4.353212,3.645117,-0.339312,-0.986202,-4.266003,-3.253677,4.383947,-3.548351,11.719721,-0.711735,-0.122986,7.175690,-1.550318,2.454296,2.607311,-3.298996,-7.243793,4.697464,5.752453,1.710646,4.832655,1.515409,6.321796,-1.510818,-10.269725,-2.080406,0.094469,-1.237837,1.971546,-1.380753,5.256569,-1.272627,1
4.349295,1.567728,-7.070939,-5.842714,1.678911,6.166100,-4.192539,-3.956436,-7.021675,1.318281,-3.793398,-2.117016,-9.893892,4.311073,-6.496782,1.737331,7.902725,-1.811718,2.192480,0.491005,-3.200218,-4.077574,-1.578615,1.152170,6.767023,5.909502,-3.217323,-6.529884,-1.989748,-3.811874,-9.975627,-5.593264,0
8.320662,-1.892683,2.173588,-3.457661,-1.952267,7.750538,0.464838,3.376225,-1.121641,-1.275747,-5.434415,1.631187,12.000704,-2.020563,-0.202745,1.139881,-0.506479,6.601927,8.123119,-4.051712,-3.981541,0.971365,3.980145,-5.051342,1.507669,3.744331,-1.594444,6.931061,3.617159,0.625715,1.411663,5.203934,1
-4.265949,-3.031464,2.937712,-8.298697,3.900621,4.617737,-2.252195,4.760395,-5.844910,-6.022068,1.778212,-3.761892,-2.128567,-1.196472,-1.545610,4.406282,7.824493,3.392469,2.326439,-1.140579,0.425066,-1.021643,-4.929749,9.828360,-6.562960,-3.866405,-2.619862,-0.836508,4.662964,-2.836563,3.115877,-2.773823,0
-6.655247,-5.746843,-3.193169,-1.115406,-1.958191,-0.669542,-1.271759,1.546995,3.204521,-5.772335,3.457897,9.680113,1.989334,0.242979,0.037760,0.633989,-3.430605,-1.934580,-0.058025,-0.677134,-3.543655,0.600258,2.838839,-3.513081,3.639309,3.649189,1.600527,4.949110,0.461540,2.460215,3.773983,0.176071,1
-0.945503,-5.331757,-5.148964,2.336349,-4.944962,1.230284,-3.976074,0.064188,3.967075,5.408443,-10.186604,-1.093426,-3.280285,-7.727005,4.238646,4.055040,-7.843228,2.323435,10.351900,3.325697,-0.531071,2.883583,1.039360,2.409649,-5.727636,-13.879580,-5.858526,0.231033,-4.763325,-2.091642,-1.992495,4.214935,0
5.642769,9.471861,-1.294876,7.708801,6.772089,4.692350,1.379663,0.244389,4.154131,3.539806,1.642597,-0.000307,-4.527447,3.012787,-5.762394,3.740658,3.460077,7.972878,2.791056,6.024328,4.376106,7.329102,0.118107,0.252567,4.319338,1.771908,-1.227219,-4.468807,10.238422,1.735970,9.974575,4.409014,1
2.067904,-3.536245,-2.968746,-4.705175,2.125122,5.802622,3.140596,2.886885,-1.545221,1.386097,-8.286627,-2.947536,-11.578295,-3.051577,11.187052,4.272354,4.847668,5.611290,1.329720,-0.138330,-10.305569,-0.130400,-5.019375,1.320375,0.612930,-3.940952,-3.632496,3.279078,1.153017,5.026007,3.786776,1.166147,0
4.697102,-5.765796,4.781370,-2.603931,-4.426888,1.343040,2.330801,4.988611,7.235178,6.065796,-2.231596,-3.584633,0.960072,-4.713230,1.180580,-3.838017,6.160946,5.593456,7.310314,-7.418762,5.558397,2.582384,-4.251621,-0.053516,3.570171,-0.849356,8.079760,-6.665587,1.202305,1.593176,2.549192,-6.691119,1
1.261795,-0.938540,-10.497274,-4.664150,-2.407644,-3.037371,1.955711,3.866922,6.927614,1.196157,6.322239,-7.673249,-5.188404,-3.002131,-7.784262,-2.594091,2.957245,1.081877,0.183762,5.335848,-4.057674,-2.203787,8.345173,-2.079208,-1.764130,2.530518,2.297543,-5.154634,-5.194302,-4.028379,0.121504,-4.683601,0
2.989378,-4.245270,5.539488,3.945559,4.415646,-3.881424,1.399345,1.704393,4.555862,-0.758757,8.155706,5.633556,4.301256,4.084089,0.571302,1.073874,5.307163,-8.001733,-1.360043,5.157476,2.713621,6.116161,-0.139666,-1.995214,5.288019,9.864336,-1.367527,-4.804878,-2.185434,-4.056145,7.970829,-0.713400,1
-3.229551,-3.286345,-4.958927,0.806297,2.859491,-2.674528,-0.916328,0.888773,-4.261045,2.693657,-2.085943,-0.243841,0.192060,-9.708820,-7.956847,0.640913,7.119261,0.215086,1.031933,-7.741665,-5.573910,0.980711,-3.488592,-0.873989,-4.743649,1.440310,-4.042974,2.167297,2.517101,3.853996,-1.070948,-3.054947,0
3.802576,2.066818,-5.744575,-4.418766,-0.672195,1.427235,5.089155,6.108976,4.336605,-9.000451,-4.731152,-0.122686,11.247141,-6.116971,0.079245,1.331692,-3.588324,7.515236,5.256788,3.647957,2.427946,-1.633577,-6.873085,-4.461412,0.632635,3.829454,-4.536053,-1.017479,2.865189,9.569378,-0.682293,4.067282,1
-2.154840,-1.695890,2.939486,0.072340,0.306925,-3.426487,-11.485392,0.320076,1.302431,-2.411274,1.066734,-0.224871,-8.654284,-6.852421,4.901770,2.036335,-1.394783,0.203224,-0.075102,3.194935,-1.634315,6.114325,0.850389,1.550394,-1.227757,3.446123,-7.536117,-0.737841,-2.031200,-0.791874,-0.502897,-0.191845,0
-1.407219,1.686369,0.676540,4.377752,-1.810108,-0.169373,-0.400171,4.219444,2.289730,9.559740,0.990055,-0.032391,15.077829,1.153465,-1.378065,-2.602104,3.629778,1.828730,-0.799114,6.191090,4.602457,0.645561,3.765356,2.972355,-3.148731,2.936268,-2.196775,-3.276707,2.620138,2.194754,-5.583496,4.679937,1
5.383142,-2.334167,4.028372,-3.091644,-6.344452,-3.198687,-7.585176,-9.461451,-8.788701,3.213360,-3.026651,2.761984,6.256636,4.132212,2.185286,-1.260302,4.003971,3.876804,7.636209,0.021313,-5.075138,0.115025,-1.503677,-1.965446,4.873512,-5.388990,2.614378,-4.215984,-1.069185,-5.254669,-2.321785,6.137283,0
3.879128,-1.391796,6.395845,-1.464331,6.181910,-3.084909,-6.113939,7.018566,1.190195,4.726473,-2.385838,-1.496910,6.454323,1.286972,5.268084,0.338652,9.307331,1.950191,2.089344,1.247940,-3.301725,1.031460,6.161606,-1.681396,1.577185,6.259457,7.540316,3.023518,-1.221899,1.539980,-4.119429,-2.500937,1
-2.913698,-2.530472,-1.852882,-9.555519,-6.739283,-1.742476,-9.290707,-0.385227,-0.202536,-1.248026,-2.670372,-4.860546,-3.731066,-2.381912,-0.903769,-3.945177,-3.137178,-4.998041,-0.392994,-4.582001,-2.564739,-2.788588,0.593946,-2.455303,3.176243,-2.424578,-5.574192,-9.306086,-4.995758,-4.566277,-3.011969,-3.434729,0
5.287838,11.167562,-7.109777,-3.778828,-4.035555,2.603840,5.846920,1.871698,3.937067,3.607464,7.626936,2.204216,11.810427,5.751261,-1.076284,10.555332,-0.361439,2.598700,-3.163652,5.572500,-0.536610,-4.275917,-0.428444,-3.851894,9.336321,-2.472637,6.390795,8.722023,-8.436671,-1.171968,-2.420795,11.710730,1
-8.312789,-11.111604,0.900646,4.780691,-6.620314,-2.823389,0.667778,-5.662037,2.393311,5.042206,13.959349,-1.754738,6.033356,-6.695932,5.989367,-0.303040,-3.038477,1.477459,-2.340403,-0.968540,-1.602661,1.279528,-2.694639,4.126282,-4.234282,4.194784,-6.370918,-8.387094,0.303141,1.313574,0.618429,-4.276361,0
3.767456,2.924263,-2.809097,7.418390,1.365793,-1.345722,6.092985,-4.962675,-4.677599,-3.382038,1.490120,7.659430,-0.136692,4.928728,-0.318624,-1.930332,-1.933052,6.639355,-3.414156,1.779961,0.621235,3.050249,-5.907705,0.226467,5.348461,2.038082,-3.525372,-0.451315,-1.489244,5.603367,4.289389,1.829386,1
5.106831,-0.842453,6.308105,-6.761341,0.914871,0.760300,6.953442,8.441273,-1.043009,-3.891788,-5.026833,-4.206419,-2.716932,1.831949,4.524532,-8.633746,-7.490108,2.015118,-5.056223,-3.553770,-14.150979,-1.433962,-4.207563,5.336739,6.811802,2.761286,-0.834896,-0.803028,-2.319786,-4.459440,-10.942143,-3.176464,0
-6.736953,6.714647,-3.575788,9.674545,8.740698,-1.416094,7.014610,0.134565,-1.415522,8.683521,-3.163311,1.857605,2.635740,2.679276,-10.664638,6.733944,-0.828184,3.939154,-8.978800,1.355467,-0.640970,1.580988,-1.023777,0.891298,0.952721,2.007769,1.992867,2.721924,-5.641190,-3.893499,0.935394,5.152515,1
-4.230410,-4.603914,0.279657,1.339558,-5.186819,1.358427,-2.916779,7.209467,1.743431,-1.756905,2.867010,0.154846,-3.907799,2.682224,-6.858917,0.831968,-5.308407,7.757545,-1.399572,-1.170534,3.691811,-4.724808,-4.960245,8.534103,1.065102,-0.297768,-8.774809,2.160038,0.103237,-4.024723,-0.864500,2.830723,0
-2.443752,1.209766,-0.888065,3.503212,1.915054,5.956007,3.635605,-2.195501,0.337563,-3.153111,6.704727,5.636475,-1.797276,-3.336952,6.221521,-5.292961,12.072336,-3.373686,-5.173780,-6.100471,-5.353387,-3.088160,-5.651875,12.102846,3.494530,1.556625,2.036989,7.587566,-2.677843,-4.426464,-1.282473,0.544176,1
-6.515144,1.366533,-7.091526,-4.427399,5.430094,-4.015709,-6.754959,0.160261,4.635170,5.419554,-2.522913,5.097549,-2.642881,2.809809,-2.757189,2.019133,-4.616568,-0.054115,-8.848032,-1.775431,0.072071,-2.348736,1.578766,-5.217285,3.370966,2.171062,-0.411411,3.746792,-7.651999,-10.359890,-9.852992,1.367809,0
-2.562988,-6.813135,7.460087,3.239182,4.124977,-0.237589,-0.232239,0.118593,0.701197,-10.285690,1.495674,2.825659,-0.312738,6.828663,-2.977219,-7.029819,8.890068,-2.791637,5.760632,4.310366,-6.128673,-3.196741,-2.923681,3.019148,7.724325,7.864624,2.596956,3.653057,3.395489,4.000658,4.056211,2.098690,1
0.655193,5.543657,-8.840975,-5.796841,-6.701298,-2.308622,-0.543018,5.164534,-5.521326,-5.991613,0.451769,-8.598447,-8.384000,-2.737236,-7.867149,-2.958458,-0.549370,1.863096,2.168812,7.909929,5.745508,0.775517,0.348577,4.581623,-7.849982,-6.259735,0.905811,-6.023197,-9.789915,2.264681,2.399025,0.176853,0
-1.941639,6.439205,5.826841,2.095808,-2.338638,-7.792572,0.090914,-8.588707,0.697693,-0.624336,-1.086092,-0.636688,-3.625795,-0.776619,0.593462,-0.697556,3.317369,0.840088,-0.411867,-6.320230,0.020454,4.469166,-5.588531,-2.355631,1.419840,2.827812,1.873274,-0.991362,5.222071,-2.611074,2.680717,1.380655,1
0.892628,-4.981382,-0.641201,-1.189220,-14.203224,-0.674074,-3.574881,-0.075262,-0.610353,-2.921747,-2.317276,7.708021,4.221329,-3.686602,-1.363815,2.119526,-3.757416,1.433527,2.341476,-5.342363,-1.418993,4.829464,-0.116688,6.551029,-3.161299,-6.856035,3.603758,-1.378822,-3.041048,11.689817,-7.055059,-3.816479,0
6.843081,3.868576,-5.408316,4.320992,5.211224,6.995546,1.480257,-0.395950,8.170082,5.359943,5.281467,5.659420,-7.153290,0.427444,-5.187572,4.244844,-0.676950,8.032627,4.121429,-4.053804,-1.740210,-1.655312,4.764996,-2.622503,-3.345133,-9.396555,-2.218014,-6.003199,-4.260252,-4.144508,4.738382,-3.427011,1
2.308174,-1.511383,-1.429581,0.887884,-0.475393,-2.870316,3.846008,-7.547257,3.554720,-1.257862,2.001621,-0.337688,-7.848458,2.310913,-4.944941,4.845964,-4.224373,-2.648956,1.754139,2.480925,-0.024582,1.532822,-1.383120,-5.492340,-7.965815,-0.389284,-10.600585,-5.242626,-7.748718,-3.912739,0.865347,-2.801569,0
3.004349,4.173191,-6.054699,-7.216326,-1.139397,3.523754,1.835672,-4.155579,-2.737270,2.449738,-5.357433,0.771879,-1.418264,7.344633,-9.915281,4.887999,-2.517477,-6.189862,4.788168,0.172138,0.523384,2.951550,1.268795,1.006729,2.629187,-1.959684,-7.387083,5.438332,-4.339319,-3.245316,-2.310963,-1.209164,1
-2.215427,1.621006,0.798058,-11.577188,4.879335,-6.469006,-3.816324,1.581802,-2.644087,-6.617718,-0.646984,3.043833,1.492914,-3.448912,1.425251,0.813898,-1.671183,-1.489281,-1.474762,0.287992,0.008495,1.315779,2.830650,2.942337,-0.780622,-5.190140,0.393026,1.539728,-3.360378,-6.298174,1.800550,-3.631634,0
0.442305,-2.622789,2.914736,-4.316555,0.982901,0.773701,4.665550,-4.702555,-2.509926,4.225073,-0.272823,-0.223083,-3.447968,8.425652,-7.146808,4.467115,9.888956,2.927721,-1.482666,-0.163013,-0.312658,-2.154240,10.044125,2.615627,2.872551,-3.065638,0.189386,2.918087,3.620951,-1.157400,-2.273790,-4.264673,1
-0.131266,-6.090229,0.570681,7.546574,3.363913,7.146971,2.299557,-0.121365,-0.713963,-5.538790,-4.706406,0.762972,1.463430,-1.556562,9.546522,0.124434,-6.799255,5.903782,-4.962894,2.806948,3.248573,7.157478,-4.595888,3.380932,-2.487995,-1.615768,-9.194299,-0.769783,8.413164,-4.534443,-5.555758,-2.056919,0
6.775166,11.007738,-3.183147,-1.138504,2.158661,2.080997,-0.069002,2.987350,0.187880,2.526428,-4.832226,5.058538,-0.016653,-1.760168,-2.321840,9.432400,-2.689837,1.876486,1.969604,-3.902941,4.147503,-8.008752,-5.960736,-3.380695,2.445932,-2.299620,6.571955,5.582878,-0.915344,-5.714068,3.281033,-4.323076,1
-5.097071,0.654781,0.708836,2.684076,-3.284163,-4.580126,-7.223280,-4.213579,-8.869919,-4.377516,-1.887547,-4.877592,-3.062778,1.895105,-8.351296,-2.680479,2.741671,-1.147274,-2.855618,0.926519,-4.367434,0.165077,-2.982023,2.991390,-3.852816,-2.084990,-3.278938,-4.519882,4.152922,-7.554697,-1.541122,-5.974813,0
7.818132,8.655132,2.842472,-4.796606,1.285097,-2.074787,-11.103848,-8.599251,-1.394457,0.299450,4.596970,7.011385,2.021654,4.662420,-3.379606,-2.062748,6.575481,4.434980,0.352074,1.433649,-4.415340,-2.247419,-5.574389,-4.774811,-4.009235,0.032810,4.742163,-2.696732,2.304274,2.933281,1.442741,-3.018013,1
-11.046499,5.062632,-4.886726,5.861832,4.744480,-6.755116,-0.907928,-4.370493,-0.122751,2.862251,6.769194,4.054476,0.313257,3.718977,-1.767790,-4.371731,-12.682781,-11.775357,-5.556528,0.908833,3.278866,-9.855644,1.139973,-3.025642,-0.590776,0.246599,-3.440231,-0.210918,0.861275,8.183815,-2.670628,-3.260714,0
2.644720,11.481546,5.699875,0.037846,0.513075,-3.440319,6.996746,-4.137232,-8.672527,2.050358,-1.387770,8.184553,-0.568665,-4.850380,-0.491901,-1.770273,11.435907,4.887671,1.971424,-1.022575,3.707117,-0.013908,-1.488068,0.435900,-4.395550,3.846441,-4.535681,-1.090960,1.392456,-14.577255,2.978537,0.045893,1
-6.975664,4.382261,-10.338231,-0.225523,1.881832,2.574318,-0.782070,0.981443,-5.618937,-3.071281,-1.099628,1.079336,0.286409,-0.289703,7.363832,0.511435,-0.645140,3.269609,-9.555287,-2.201569,3.641062,-3.267559,-2.305021,3.003708,-5.866457,1.877443,-2.043060,-2.856457,1.367048,-9.067098,4.554955,-1.164776,0
6.896938,-5.558888,-0.798426,3.284985,-1.340603,2.117189,3.004677,3.635033,-3.611828,-2.161150,2.847279,2.980696,3.142485,-7.977385,1.226488,-4.257877,3.752718,4.911453,1.981226,2.214520,-4.909189,-7.470198,0.334072,1.125393,8.364176,4.254025,2.872349,-2.853277,8.042933,-1.932819,9.705477,-3.130045,1
0.388935,0.374722,-3.365019,0.098951,3.513514,0.717093,-11.333689,1.808083,-2.632351,5.014946,0.168571,3.669474,-1.990919,-4.839022,-10.862020,-1.247099,4.676691,5.935814,2.041117,-5.833088,1.295055,-5.368177,3.503462,3.696566,-0.781755,0.978374,1.268850,-0.411598,1.613600,1.017136,-4.031248,-2.824335,0
-1.273470,5.212736,-2.595230,9.073542,-2.206116,5.842154,-3.293114,4.136801,-3.212603,6.196901,1.080933,7.475954,5.292446,6.355366,0.289463,-1.848846,1.816391,5.081047,0.026428,2.329023,2.710405,8.874121,5.200071,-1.603348,3.544008,2.797256,4.211365,-5.095339,-2.489529,0.012800,0.877115,-2.281618,1
-4.724134,-7.047968,0.928350,-9.821795,-1.726383,-10.388160,-0.168514,-3.071615,-13.848332,-4.720358,-6.968145,4.892673,3.077869,-3.239626,1.178862,-4.394585,1.280666,-9.629265,1.003769,-11.583172,-0.422800,-2.331028,-1.587746,3.559021,0.132421,-1.315098,-1.727070,-1.709534,-5.634068,7.881256,-1.847891,5.065239,0
-2.271969,0.585878,-11.664332,-0.122644,5.459974,4.517399,13.128153,-3.748842,8.370989,3.200830,4.805645,-8.015425,5.703474,5.199402,-2.818661,2.257410,2.363943,-0.728020,-1.198027,0.240627,0.763369,-1.874720,-4.163595,1.208353,-0.712914,2.526108,-2.147575,1.521626,-4.427170,2.074286,2.983818,5.944479,1
-5.161352,3.633659,2.579027,-4.642879,-4.921619,3.387184,3.222626,-5.670450,0.105837,-6.281418,1.204546,3.655668,-0.039864,-11.122373,5.284380,-2.248270,-5.820528,-5.138634,-1.779314,4.362200,2.989426,-6.521372,-5.351156,-7.981495,7.676796,-8.128853,2.436573,2.333372,5.386854,3.937643,-3.313711,0.368019,0
0.605091,1.592257,6.232441,2.113075,0.320557,0.743980,3.139595,-0.384701,0.375910,3.600286,3.386049,8.900906,0.630568,-1.485184,-2.608715,-2.888617,-7.989904,6.669918,6.360228,7.184435,9.157516,4.085917,3.289928,7.541571,0.936848,6.958298,-3.636492,-1.737745,4.119974,0.565266,-4.033901,0.133982,1
4.639875,-2.776300,-6.150858,-6.688900,-1.603712,1.165510,1.315619,-0.516294,2.992874,5.133606,0.498676,-2.562315,3.281443,1.610821,-3.457314,6.760227,-6.330187,3.893145,-4.142786,-1.221397,-0.658169,-7.729049,-3.414536,14.021212,-1.155760,-6.995817,3.845854,0.896038,6.677639,-4.053436,-5.582241,-12.275140,0
-0.052719,0.487909,3.505861,-5.255387,5.391418,7.070019,3.786509,-1.934151,-2.921568,4.358065,4.227222,-6.308931,6.219385,6.563387,-6.801184,3.881220,1.498499,2.539413,1.105940,-5.251870,-7.289798,1.863871,9.461493,3.876549,-2.651415,0.415503,-0.186701,3.545683,-0.104107,-1.081547,-5.710320,4.216501,1
0.084000,-3.400251,5.606371,6.561512,-5.281546,3.626369,-0.626421,-7.119505,-1.403570,0.092300,-2.876305,2.066402,-7.407000,-1.333261,0.151222,-4.255898,-1.105944,5.575230,-6.497196,1.464527,-2.756304,2.690691,-0.443844,1.623684,-3.935518,0.008940,0.187519,-3.213694,-1.017982,-0.797764,0.309654,-5.062321,0
5.109320,-0.495974,3.020790,-4.235678,-5.767504,-7.788368,-9.109053,-1.266768,-0.599211,5.157625,5.879864,2.479229,3.458509,4.125616,-6.409561,4.814291,-3.201563,2.345047,0.515055,1.420719,-0.368269,2.577314,1.170771,-5.122072,5.868422,2.626320,11.168489,1.682840,2.794603,-2.486460,-3.102619,6.103573,1
4.730352,-4.004622,-4.634039,2.419357,-3.074923,-5.150024,-2.280157,-2.428659,-12.405207,-3.786022,1.635605,-6.943888,-4.537220,-8.846430,3.406830,-5.096321,1.668167,-1.827095,-3.817648,5.390736,-1.436970,10.398077,-8.461930,-0.268866,2.984526,-2.791552,10.669950,-3.092491,1.623817,0.479469,1.455595,3.813145,0
1.359406,8.167133,0.511980,8.030052,-5.499391,-2.845747,2.747274,-2.505198,4.856413,-0.600798,5.544577,-2.907063,2.245615,-5.068003,3.690756,0.559580,2.073339,-3.304434,-0.673632,3.229868,0.018089,4.999699,-1.096388,-8.535403,9.750179,-1.212194,-1.364893,-3.353327,-1.002289,-0.442583,7.203150,-0.619970,1
-2.591187,-2.198059,-7.579297,-8.992927,-3.740812,-0.291197,-4.011379,-1.254568,-1.599499,4.384117,2.039639,0.120047,5.702978,6.321037,-3.278370,-3.074852,-6.947100,1.740183,5.468452,3.338455,-0.732388,-9.899501,-7.378838,3.661879,-3.025425,-3.192017,-6.232990,-3.263834,-2.050032,11.016607,-4.417135,-2.671505,0
1.237404,-5.072451,2.169222,6.909296,-2.581486,0.650822,-0.310946,0.716810,-1.859577,-3.474060,-5.169642,2.169048,8.513725,-4.400444,7.593807,4.383093,0.634542,-2.877975,2.680103,-1.960831,-2.941536,2.862713,-1.873379,2.590178,1.255980,-3.916834,2.240400,-0.860819,0.783400,-1.620008,9.605021,-0.335493,1
-1.542223,2.204268,2.557545,-6.104328,5.284628,2.533766,0.556059,-2.793148,-1.546762,2.555769,-1.991518,-0.036112,1.061405,5.006481,-0.371134,0.566967,-6.099951,0.048285,-1.427158,-4.177940,-6.080053,5.724981,4.168612,-2.769409,-9.898962,-2.755745,-0.469263,1.831379,3.975588,1.007601,-2.713661,-2.481478,0
4.187113,-2.169312,2.877798,2.470570,5.228178,0.156120,-0.939209,0.525675,-7.651039,-3.095184,0.042858,6.250877,2.862812,7.356298,1.460463,-1.188639,0.808062,0.499622,0.515959,0.550634,0.006666,-1.253099,3.717690,-9.704937,6.533537,-2.756172,5.187071,-9.208204,3.805452,-7.673250,10.262512,6.007282,1
-7.921054,0.818649,-4.399191,6.737537,-5.242989,-1.238928,3.564564,-1.638964,-1.523380,-3.524763,4.346443,2.798466,-1.404112,9.221834,1.443825,-1.434063,-1.540634,-1.223614,7.909636,2.425547,-5.485399,-4.685680,-4.909046,1.276337,-0.952761,3.090921,-2.570358,-3.936636,2.000204,1.416389,0.272188,-4.084244,0
9.282970,0.647779,3.457130,3.646765,-4.847696,12.014074,-2.041834,5.689283,-1.546227,-7.005466,-5.555467,-0.893370,1.888264,-0.228310,1.439007,5.397478,-4.141026,3.695934,3.290487,-3.633186,3.961449,-2.096430,0.279764,-3.050953,1.264378,-5.261410,-7.328210,5.116880,-2.519260,-1.795059,1.058048,1.403532,1
5.241873,-3.807873,-0.674772,-11.522761,1.805313,5.930250,-4.571283,-4.487833,-7.760414,2.373886,-3.399334,-3.394680,-6.220388,-2.452980,0.678488,9.557165,7.291437,-0.543329,-2.251625,-1.037127,-5.349298,-11.135411,-0.400623,3.305222,-6.382067,-3.429724,-8.425744,-11.180741,5.339849,-2.119068,4.221264,-4.083708,0
3.174353,-3.766182,-2.194628,-3.866375,6.375689,1.162197,4.942690,-0.395920,-3.980331,-1.902224,-1.021688,6.191103,4.752451,-2.636190,-3.434481,4.146864,-0.236168,-1.495165,1.368099,-4.896946,-4.315746,-3.318701,2.162941,-6.037960,9.259884,-6.347308,-0.494881,-6.012037,-0.465630,5.068907,4.207260,0.317261,1
0.606268,-8.887762,0.356611,-4.444517,3.881538,0.736740,-6.958927,-4.417786,-0.429209,-5.161272,-1.531052,3.007565,-3.913128,-5.951563,-2.340046,-6.550777,-3.854202,-0.483820,1.548044,-6.795786,-2.490673,6.225874,-2.961039,-1.499943,-2.419827,1.300119,0.403994,3.457462,-0.129351,-3.244324,-3.617249,-1.111797,0
-1.578777,3.740936,0.166857,0.418236,-3.161283,-3.145357,1.179193,6.589714,-0.153372,-3.699902,1.736856,-7.262558,0.724173,0.520880,-4.153425,2.208555,-1.893303,-1.986282,1.036535,3.999363,-2.053152,-3.666746,-3.549646,6.272449,7.310263,-2.274296,2.176414,-0.586863,4.491884,-2.660732,-4.902361,9.455564,1
-4.379087,4.399740,-5.477055,-3.607187,-5.016518,2.240303,-7.697842,1.787127,-5.541914,-7.100688,-7.988853,-0.087257,0.556038,3.143747,-4.142113,-1.408636,-13.343400,3.532227,1.349428,2.598589,-1.870985,-2.172256,0.103107,2.969707,-2.060965,2.883099,-8.497362,0.602228,2.144373,-7.095333,1.545219,-4.569324,0
-3.806185,5.132147,4.609865,-6.462043,-0.410460,-0.565710,4.383797,2.483206,2.349632,2.014223,-2.021723,-5.715379,-6.537844,9.113615,2.266769,-2.049139,5.553951,1.410328,-8.243002,-3.813179,-4.804041,-0.688662,1.999550,2.529964,-2.745724,1.844650,2.503685,6.287144,8.148117,6.606667,-8.924532,-10.456153,1
-1.802757,0.367926,-4.284990,-0.941433,-5.637362,3.513464,-8.085182,-1.489817,-8.632597,-0.706812,-3.936171,0.069523,4.995108,5.677740,1.358553,-3.836374,10.103273,-4.004118,-9.284143,5.425085,-4.396246,0.399334,-7.476630,-5.953499,0.627619,5.204922,-0.603254,-2.769960,-4.019621,0.200197,-3.823410,-2.273668,0
0.129986,-3.210917,2.863300,-6.742814,4.387951,-2.771915,0.950476,1.748510,-8.715189,-0.290283,2.159452,2.227306,-1.523506,1.491665,-0.467607,-6.421197,-0.021275,-0.919754,4.297104,2.236534,-7.093874,0.419142,1.990297,3.150326,5.199404,2.235523,2.227936,2.608091,-1.382654,3.178598,0.775719,9.830221,1
5.410946,-4.627317,3.850883,-7.416622,-3.576939,-8.493822,0.095591,1.985552,0.703392,-2.369858,-2.168358,1.165815,-2.819345,-3.488153,3.568794,1.747761,-3.735746,-0.975506,-1.667498,-6.044657,0.903769,-2.431082,-1.173609,2.304789,-0.462255,-2.488577,3.171261,-2.606697,-0.400230,8.599682,-1.866049,0.358427,0
4.051893,6.301630,-2.058298,-7.315298,2.859625,-8.578275,-1.696650,2.860888,4.762661,-2.452572,8.855040,1.329409,-6.361057,6.252981,1.134357,3.927982,5.896521,8.273699,0.020193,-9.172924,0.087931,-2.411781,5.461554,2.512976,-3.250900,4.130159,-6.190666,2.450436,10.425024,0.039986,0.733845,4.366344,1
-6.297392,-2.896545,1.546192,-1.734287,-6.903034,4.296658,0.841827,-1.153824,-2.971064,-3.707966,3.085817,-4.027122,-1.525740,-1.588884,1.250704,-0.954302,-6.295191,-0.322195,-3.738087,-1.016539,-1.613394,0.551645,-0.620707,-2.309067,4.546667,0.395716,-0.655941,-0.064903,-0.155878,7.403376,4.532686,-2.986126,0
7.140921,-6.686090,3.077015,-2.982294,0.630920,-1.765257,2.229012,-4.861216,6.944988,-4.705349,6.200771,-1.303503,-6.641658,-2.149944,1.356661,2.746405,1.028345,-0.993814,-2.603376,4.080885,-4.702000,-1.576241,3.830957,2.502588,2.649084,-1.960281,2.016062,4.430695,7.286686,-2.512400,-3.940266,5.802158,1
-0.611296,-2.269575,-6.844700,-0.653086,0.443153,-3.294630,-2.681589,-6.312904,0.058651,3.511127,5.492298,6.715248,4.904604,-1.948633,-3.095724,-5.580132,-0.081533,4.539629,11.230448,-7.423107,-2.184319,1.574095,-0.899399,-4.450043,1.143438,3.462139,-9.024103,0.007032,-5.282875,1.862759,2.353662,-4.528183,0
-5.746741,-1.005114,2.471081,4.009731,4.091270,-3.359386,-5.231293,4.488722,-4.114019,3.738771,-6.919964,1.154001,0.287470,-8.335389,1.486649,2.135736,8.961161,-2.031847,2.491360,-0.029486,0.109913,2.915014,4.985796,4.642141,-3.435291,-5.171515,-2.321434,-0.960337,-5.892301,-0.112242,4.404865,1.772158,1
4.945658,-2.773087,-0.273054,-7.710914,-1.466297,-8.179127,-3.735167,-6.003546,0.595160,-0.033276,-1.000050,0.250029,-5.613861,-7.927570,-4.909658,5.238045,4.939856,-5.815924,5.295952,-1.266539,-0.557682,-1.736029,0.697969,1.692505,0.883612,5.208443,-8.706396,7.328707,-2.150028,-3.666592,0.516556,3.848373,0
3.547163,4.044075,0.510622,2.146601,6.283058,-1.797674,3.824127,3.470028,0.504679,0.567051,0.083712,0.853462,-1.631901,12.413000,0.868410,2.109711,7.556963,-9.575946,-0.634878,4.814524,3.092985,-2.360151,4.693441,2.948919,2.272511,4.046782,-6.423322,9.476954,2.088037,5.252588,3.449223,-8.048889,1
-3.385128,-2.294527,3.069574,-4.232841,0.306566,2.079506,5.699179,0.725288,0.125574,-7.050083,-3.703791,1.452553,-4.180653,-2.885490,5.871359,-8.798509,2.286070,-0.627428,3.528011,4.346159,0.051085,-4.987873,5.080282,-0.013859,-5.472612,9.498060,2.055893,-6.640318,-6.448421,-2.047947,-2.086052,2.593523,0
-5.894501,3.475351,-1.469439,4.632624,12.828684,3.899080,3.624104,5.527536,-0.329361,4.008509,7.984114,-6.044210,0.977955,-0.254667,1.831802,-8.515545,-3.121649,-1.981808,10.769337,3.206005,11.099596,-0.225311,6.860207,-7.021045,-2.087339,4.107861,1.699594,5.927057,-2.240299,-4.237858,2.931633,5.799095,1
-3.018827,5.830919,-1.092234,12.575968,4.715471,3.376970,4.399719,-8.587796,-7.527739,-1.098671,-8.936528,-0.962109,1.874214,1.402863,-2.508194,-0.983187,7.288603,-2.008108,-8.492034,-0.943876,1.186323,2.063646,-4.699785,5.110123,-1.229223,8.018373,-10.403566,1.209335,-5.132530,-9.051975,6.025558,-4.119896,0
-5.265879,-1.637365,-0.589390,1.102160,2.148874,13.419165,-2.607668,6.588310,0.522816,5.883369,5.945574,-1.234642,-2.080433,6.864595,6.766682,6.988764,3.808348,-1.822956,-1.372126,-3.896414,0.866211,-2.264360,-7.046757,0.661343,-1.882374,1.606083,5.109926,0.061495,4.243158,-1.130798,3.375523,-0.158045,1
-3.465340,0.664539,-0.948849,-4.816254,0.992502,3.360973,0.162189,-3.515343,4.508188,-7.115834,-2.804821,-1.849607,1.905828,-10.722025,-3.571550,-5.481007,-3.364573,8.106594,-4.257370,-4.942671,3.806522,-6.707617,-6.404257,0.962820,-1.318003,2.921707,3.011547,-0.442741,-7.106990,-5.953098,3.670776,-6.612724,0
-2.927979,7.471581,2.917761,-3.625793,11.159689,-3.689276,5.563404,1.870468,5.535000,-1.292410,7.462790,-1.902941,-2.407606,-7.754774,5.307505,2.437855,0.579651,-0.358019,0.242632,2.977650,1.861818,1.784716,2.969978,4.486301,-2.067564,-5.019510,-1.048481,4.421835,3.777449,-5.247378,-2.060965,8.188066,1
-12.113424,-9.412873,7.461388,2.436069,-4.678591,10.728292,3.131786,-6.389067,1.381477,3.029808,-2.827068,3.505999,-0.722527,-2.845751,-2.502195,8.733294,0.525213,4.464655,-1.600368,1.586205,-0.520903,2.395241,-3.991121,5.990721,4.870523,-0.304647,-0.653631,-0.660818,-2.704487,-9.731594,9.179632,-5.660606,0
-3.199472,1.907867,10.842422,4.015297,8.695185,-6.091228,2.467783,0.219936,4.979126,10.625454,3.055948,6.205885,7.104515,-0.790134,-10.155232,2.781773,-1.473883,4.472504,-0.905006,1.822929,6.141680,-2.467213,-2.522850,0.264835,4.963192,-4.766558,2.892258,6.732037,2.764563,4.818192,-4.874117,7.870512,1
-6.102804,-0.801262,-0.624031,1.400846,-0.392141,-4.576778,-0.150267,-4.933813,-1.812218,4.756546,-3.844229,-4.723419,-2.294086,1.982445,-2.829100,-3.376844,0.515722,-2.678928,3.679907,-5.379454,1.714893,-3.866833,-0.372555,2.272493,0.446518,6.677429,3.930521,1.525702,-0.069117,-6.726482,-6.225847,-1.590551,0
-8.398774,-4.082092,-6.296481,6.200848,2.929573,-4.404129,1.351976,-4.642422,5.804783,0.526768,-9.836156,5.980932,-7.896551,-5.779647,-3.592648,10.579266,1.829290,-5.490858,1.586039,-5.755577,1.998323,-0.970161,-2.455025,1.989010,4.690622,-0.133848,-1.815229,3.878273,-0.285151,2.316048,-2.525379,2.552382,1
-1.094028,-0.412048,6.713814,-3.024897,-6.790842,-0.066597,-3.068005,0.251873,-0.512321,-0.801279,-9.674328,-3.154215,-1.707451,1.326462,-6.523525,-0.455925,-5.682980,-11.848605,-9.946340,-8.035417,-1.401972,-1.375393,-10.884618,2.671198,-7.597321,1.125282,2.543541,2.238014,-7.378270,1.225817,-8.032641,-4.631077,0
0.990377,0.602760,2.904764,1.887199,4.361609,-2.396858,0.569672,2.412664,5.911470,4.905577,-0.372534,-3.505474,-0.450756,7.106527,0.826956,8.763611,-0.637037,1.392212,5.103271,2.644064,-1.148159,-4.179270,6.823380,0.663977,5.590740,3.938019,-5.594644,-0.093559,9.566992,-0.343983,-9.275783,-3.219477,1
-8.452442,-7.472460,1.747395,-3.948933,3.210068,-1.470053,1.956820,-5.245295,-6.791914,0.395514,-0.544991,-0.800413,-4.201550,-0.894688,-1.694183,0.085472,2.643906,-3.417564,4.393011,-1.406111,-0.327475,-9.660352,4.359209,5.433542,2.049335,0.709351,2.015211,3.733469,-3.215340,-1.337614,4.831358,5.788542,0
6.366190,2.182308,0.497503,5.501343,7.385496,0.151955,-5.228863,6.035847,-2.499638,-6.077278,-1.143799,11.295664,-0.557364,-5.922183,-1.007095,-5.929200,2.055649,-1.923660,-0.826675,0.043665,1.718372,5.638186,2.215822,-3.388861,1.645058,8.179895,-1.501764,-2.024546,0.787651,-0.589499,8.438654,2.783295,1
-0.159292,0.433746,-1.564209,-9.697988,1.425087,-3.927706,-1.136763,-0.010164,-0.363338,-0.018986,2.598009,1.079233,-0.363001,-0.056231,-1.692804,-0.442823,2.302034,2.488415,-3.651941,1.970457,-12.285300,5.702765,5.811033,-2.383087,-5.537586,-0.290411,-0.761189,-4.389162,2.577644,2.785910,4.676472,-9.431051,0
-2.848305,3.652393,5.720053,0.565735,-2.466532,7.381657,1.886795,-4.240824,4.821568,0.247669,-6.192565,-0.973965,-0.577209,3.886904,-3.139269,4.570133,-4.133276,6.386784,0.824842,-4.309975,0.215799,5.964256,-6.415570,0.687508,-0.503460,6.996014,5.492950,-0.904467,7.161005,-0.810390,-2.472246,4.002029,1
-0.187281,3.544935,-10.517038,-8.301674,2.559061,-3.736383,3.244204,-5.308723,-1.309673,2.173620,0.634523,-3.336651,-0.268808,-1.222391,1.050564,0.351673,-3.576366,-0.483580,0.156004,-4.434851,2.063307,6.478249,1.889444,-3.875006,1.075401,1.927458,2.299183,0.700274,1.015005,1.007217,3.768908,4.545507,0
-8.338450,8.801590,2.063330,5.533360,5.076683,-2.846165,-0.264709,2.553669,2.796551,4.700644,9.040491,12.307913,0.780447,0.340534,-3.916265,9.207178,-3.706150,9.047958,5.131907,-2.885902,11.777082,-3.076746,5.589766,1.074377,5.613163,2.455128,-4.013012,2.377895,6.448992,-6.669761,0.199631,2.190235,1
5.323368,-2.450357,-8.745909,1.110580,5.999582,-0.294619,-3.999352,-0.968880,1.490551,-1.524179,5.500740,4.038754,-2.977345,-4.377939,-3.605894,-3.852840,5.266603,3.266106,-1.809898,2.297398,-7.058836,-1.509489,4.427359,3.248034,1.291445,-4.353302,-4.643221,-8.363128,3.115498,-3.290449,-3.481293,3.344692,0
-6.873610,-1.475191,1.384863,4.509689,5.690943,4.806074,3.713108,7.417974,4.934460,-4.832346,1.799799,2.208427,1.690506,-1.523249,-3.147591,8.501587,-3.818094,-2.638695,0.821566,3.259602,-1.631651,-1.741682,5.757671,2.846390,2.210224,2.600662,-1.236664,-1.327789,2.659201,-2.141026,4.703186,-2.623386,1
-0.962214,2.090523,-4.293333,-8.200724,1.455090,-8.672739,1.104561,-5.429295,-0.213657,2.189386,4.582760,-4.665068,3.916035,-5.395010,-5.913475,-11.775626,4.783020,1.198786,0.152025,-5.133921,4.326515,-2.430931,-5.187046,-2.679764,-6.002249,-5.431849,-2.924316,-1.231075,4.871813,0.994686,-0.069592,-1.484493,0
-0.302164,5.930868,2.812912,3.953142,9.624786,-3.411730,1.372967,-4.165726,-2.091331,-3.612820,-11.809196,4.329439,5.838511,-0.418989,-0.679785,-2.020411,-3.159033,-0.746346,-0.298359,3.525640,-5.745208,-1.495949,2.254757,9.332962,-3.923117,-3.752411,0.663383,-3.986517,2.172020,4.784189,10.120844,5.223503,1
-6.686684,-0.115372,-0.870152,-5.652704,3.073183,1.091356,-0.492397,-5.848473,2.633202,-6.173859,-5.538935,-4.005793,-5.678041,-7.433511,-1.704746,-3.068823,-4.544441,-3.692425,-2.911230,-0.640806,-3.292562,1.011948,-5.089354,6.028063,1.115040,2.430794,-2.060402,2.020670,-5.876499,-7.261986,-4.400198,0.384121,0
3.875326,5.581207,1.038157,1.640383,-0.689434,-1.434851,9.122725,5.971218,11.528021,3.195868,-3.971840,-2.007378,6.472576,-3.307352,-4.406248,8.059364,2.120424,-2.735388,-10.946191,-0.105755,-2.305426,3.647131,-7.116802,1.382479,5.230999,-8.374464,6.116478,-5.002880,2.223757,1.623205,3.792618,2.289900,1
1.856613,2.405848,3.520145,-0.601255,0.754690,-3.987099,-0.867363,-2.690825,-2.301945,2.677214,-3.559334,-4.293917,0.234568,9.143274,2.454922,-2.483143,-6.115715,-3.410215,5.491337,2.414200,-6.028145,-6.035959,-3.013443,3.928135,1.371853,0.568508,-4.494884,-8.099770,-2.261906,-4.542162,-0.444405,0.234865,0
8.073624,1.448629,-1.924992,6.616547,4.503332,5.353603,8.229765,9.591208,-0.837698,-9.315320,10.332047,-0.268127,-4.099031,8.937332,-1.076811,-4.051188,-0.413872,0.447784,8.993586,3.832779,-4.430895,0.898600,-1.254963,5.671080,4.162390,2.729708,-2.640640,4.389519,-0.146896,2.287418,0.275364,-1.560936,1
0.689051,-1.871025,1.201864,-3.001143,-1.452097,-4.517942,-9.557184,0.474611,-3.264107,1.216509,1.311539,-5.451267,11.959967,6.651491,1.512259,-2.441299,1.059061,9.833326,-1.839443,2.845356,-6.490965,1.178780,-3.524643,2.094805,5.970995,-2.591013,1.452225,-2.848494,7.391861,-1.073151,-1.116201,-1.043343,0
-8.520378,-3.096952,4.668865,-1.812878,5.252197,7.428810,-1.079609,-1.687378,2.732962,-6.249166,4.808777,1.032730,2.278412,2.245701,-5.440635,0.527929,-0.770563,-2.057035,5.418486,8.373032,8.283388,5.303043,2.343702,-2.042549,10.402292,5.703091,6.053604,-12.361003,10.363731,-0.217102,-3.066015,2.239851,1
-4.126009,1.110703,-2.140432,1.264256,2.982710,-1.866554,-0.407312,-5.141523,0.648108,-7.060503,-6.850042,5.139524,-1.204348,4.900826,-5.319464,3.010906,7.602236,2.750834,4.373041,-7.241356,-5.552818,-0.896400,-1.247183,2.052412,0.826931,0.113186,-5.808344,7.124054,-5.829571,0.237038,2.081484,-6.323008,0
1.587742,1.932455,-3.329727,-1.950722,3.965139,-0.381235,1.825422,-1.291954,5.284273,-0.950983,4.765165,2.784019,-2.663332,3.989325,6.852226,-3.889654,-2.827763,6.530748,-1.917789,8.332336,-3.518799,4.181019,-3.459602,3.321133,-1.409769,-1.543249,-0.437111,-1.955824,0.701521,5.288355,1.052366,2.354366,1
1.927454,-8.706365,3.253517,-0.284985,0.191931,10.660082,-3.522665,2.576435,6.494883,3.061190,5.945494,-2.458820,-7.175537,2.875601,2.054113,-0.506258,-4.258986,-2.317249,-5.362600,-4.614759,0.770994,-4.078430,-4.137550,-1.897144,1.610823,-13.653288,-2.690653,-4.281530,-7.920170,-2.574299,-4.496248,-15.959341,0
-1.326777,3.263474,8.723579,-6.062477,-8.030807,1.560532,-1.730129,2.223793,6.047094,0.036654,3.010479,-3.242125,1.346590,0.463354,1.701536,6.831100,-3.596502,3.597540,-7.593691,2.648073,-8.543647,-3.757797,-2.143036,5.646906,2.727966,-1.873833,-9.143938,-3.447031,0.753054,-5.555579,-1.225225,5.242676,1
-3.729866,-3.697355,-1.467583,2.094528,-5.224432,-0.358099,-3.136559,-5.006144,6.903921,4.599613,1.397982,-3.531103,8.154827,4.268339,2.280264,3.048201,-5.041290,0.155926,-0.425406,1.175089,-0.201820,2.842991,2.989166,-9.180547,0.011816,7.184246,-7.165011,0.550892,2.517899,-3.075235,-5.367369,-5.639233,0
5.982641,1.237724,0.426491,2.766666,-3.011553,0.559172,-0.791002,10.002617,-3.029751,5.569109,2.032356,-1.700361,-3.200363,2.698002,6.602169,-0.550180,3.286322,3.657082,1.505117,0.418823,-2.240870,-1.227295,-1.153082,7.420248,4.016119,2.852676,4.138010,-1.832958,-1.636572,6.771700,4.430460,1.144104,1
-0.771000,-1.771971,1.468243,-0.255198,-4.873913,6.109007,-2.809212,-4.665659,-2.681505,-0.066160,-2.461443,-2.408936,0.224846,-4.255688,-3.840387,0.760645,-0.054777,-4.009398,-4.020967,2.603117,0.089802,-0.316797,-5.395317,-1.977701,-0.594400,4.941427,1.848591,-8.329912,-3.248587,5.890219,2.014698,4.761999,0
2.071836,8.013378,3.668272,8.068394,-3.515699,3.522097,0.157904,0.446941,8.741938,6.536146,-0.094334,-1.432972,7.128996,2.503031,2.981625,-10.437253,-0.361013,8.283489,3.183443,-1.448944,2.708080,5.250769,0.782917,6.444843,3.820574,2.257671,5.565891,8.432177,-8.839796,0.064083,1.955166,2.104639,1
3.433540,-1.696789,-7.448483,2.375338,-6.030056,3.067072,-1.499956,1.820475,3.406321,-0.848200,-0.987595,0.634008,-0.384821,5.710480,10.296026,-2.807751,-3.682306,-1.384651,6.337168,-4.830730,-0.209267,3.896753,3.189215,2.512295,4.214815,-1.504398,0.361551,8.668655,1.035681,0.656628,-0.748426,0.729300,0
-2.370453,-1.793406,-8.289977,4.597538,1.230270,0.301422,5.154968,-0.789656,5.283497,0.769753,-2.154488,3.865036,2.421230,-6.069857,0.983711,5.116106,-0.785736,5.437201,6.127323,-2.769239,-0.559174,6.347538,4.019670,3.627266,-2.179228,0.312693,7.631971,4.143349,9.859476,5.467848,4.147602,8.167820,1
-3.240376,1.790190,-5.169836,-0.977348,0.244625,0.391268,-4.333265,-3.396162,3.279308,-4.907866,4.400146,-3.481520,-5.580116,-2.391956,3.920364,-5.795506,-6.583469,7.262676,9.300634,-5.646334,-5.192692,-3.422697,-0.074369,-6.275122,-1.723804,0.538374,4.174662,0.108921,8.780916,-7.395513,2.874716,-0.381567,0
1.877491,0.416050,8.970991,5.658138,-2.116886,-2.519670,-1.335026,-4.009911,0.388002,0.347368,-0.098169,0.737648,2.572758,1.820097,-2.718279,1.419500,-3.941483,4.101509,3.580975,-8.059488,-5.889529,7.915466,6.098850,-1.081377,0.714521,2.978172,-4.418915,6.310553,-2.728868,-6.007954,-2.053051,-1.315022,1
-11.464950,-3.930351,1.847702,-0.025482,0.380371,-6.932638,-3.102266,-1.966288,-6.855032,7.640009,-3.356709,-4.418497,-0.287256,-1.999386,-5.239815,-3.916872,-6.413021,-0.813570,-1.491314,-7.402031,-1.949261,2.084047,-2.073309,-10.533412,5.457478,2.020205,2.522717,-0.464138,-2.118252,-2.235447,-1.759192,-0.379564,0
4.849646,-0.971014,-4.744961,-0.949011,-3.222498,5.398157,-3.961876,1.138760,4.938583,5.129192,-5.385850,3.702063,-1.218822,2.796038,-1.428267,-1.441425,1.740082,4.341908,-3.932932,1.823978,-8.317329,1.606936,2.909332,-2.132608,4.615276,0.582386,5.884243,3.927986,1.857567,2.711813,7.670986,-2.958561,1
4.697901,4.787058,-2.098389,-1.183226,3.487234,3.648722,3.633154,2.125679,-1.737814,1.129066,4.842625,-0.599020,2.176769,-11.171525,-4.650791,2.423931,1.311886,-0.821049,-0.533278,-0.898962,7.259674,-3.420076,-6.472952,-4.664793,-3.322365,-4.469244,-4.339369,0.720932,-2.090664,-4.841122,-5.726942,-11.840820,0
-1.733425,9.175253,-2.276218,4.196093,2.783178,7.906042,6.043116,2.294985,5.013090,3.170567,-0.481880,2.660885,5.308334,-3.117096,-2.846870,-3.964361,0.359194,-2.901773,0.788126,-1.320911,4.413961,7.204748,1.556173,1.813669,3.705841,-2.520905,-0.824923,-0.579243,0.344536,8.465696,-0.140644,4.645622,1
3.235312,-2.631399,0.584553,0.280272,-1.926241,8.295759,-0.971670,-3.015596,4.937609,2.424637,3.924973,-4.188354,-0.578182,-6.630341,4.486385,0.224457,-4.627260,-1.116369,4.400486,11.488890,-0.520115,3.385088,0.966221,3.484707,-8.502859,3.371328,-0.321508,1.535580,-5.398514,1.109045,-4.206455,3.394779,0
-2.171963,-3.034260,-3.130295,1.793238,-0.141176,0.615841,-1.406837,6.173306,-1.948938,3.978867,5.411125,4.078321,-10.442954,0.246153,2.920130,6.837549,-3.889906,1.926828,6.195482,6.498459,2.222986,-1.174452,-0.819021,10.867517,4.175451,-2.591419,0.866964,3.015129,2.176579,9.770002,2.790730,6.726057,1
-5.027384,-1.890192,0.175106,-10.224155,-4.388393,-4.225237,-9.755857,-12.911572,2.611380,1.845364,0.875902,-0.335384,-9.320364,1.228275,-4.881809,5.630651,0.049606,-2.302423,-0.764091,-0.996412,0.833769,-5.935429,-9.703512,-0.654451,5.335705,0.695969,-4.672398,-4.427637,2.238028,-3.551550,-7.387366,2.541836,0
2.370476,0.754780,7.731518,4.232698,-2.421417,-0.150221,9.837181,3.825233,1.544416,0.594765,1.336498,5.700975,-2.079247,0.576357,3.612442,-3.207333,4.086220,7.101675,2.654987,0.844370,-2.851419,-0.587111,6.416779,7.944117,6.106266,-5.259837,-3.093851,-9.875357,6.487249,-2.535933,3.618000,3.007067,1
-3.203318,6.526398,-0.595335,-6.544155,-2.406370,-6.490667,-3.469534,-0.256044,-8.696561,-7.328985,-8.780267,-1.341852,8.023058,-10.846678,11.445189,3.844061,-6.021315,0.502249,-4.529156,2.816349,-12.742982,-9.319186,2.027792,0.185766,-3.923195,-3.475311,5.629061,0.787521,1.264431,7.217636,-0.713333,-10.040977,0
1.230671,-2.757292,-0.521435,-3.762827,9.663120,-1.141060,-5.720307,4.968719,-1.738903,-5.578231,-2.332556,1.349260,5.582693,10.755598,6.098078,2.349834,1.651434,3.594368,-2.699364,0.354687,5.748009,3.780962,-3.343060,-0.238199,-4.224886,-2.393089,-9.887155,-2.008581,2.630604,1.788755,3.088560,1.967726,1
-2.059206,3.169302,-2.229387,1.967550,-2.517136,-4.143721,-6.435019,-0.006849,4.971973,-2.806803,1.655338,-7.802296,1.715591,2.210623,0.192732,-1.340897,4.319365,-3.071856,-2.418100,3.208141,-2.096329,-9.495760,-1.779018,2.792484,-6.465464,-13.236631,3.839239,-4.004284,-1.014208,-2.201771,0.621042,9.452684,0
0.812683,0.062752,0.002846,0.573771,-4.678654,8.186131,0.074224,-2.483465,0.799566,-1.988375,-0.219810,0.929209,-6.306416,-10.732465,-2.490715,-1.945515,4.078047,-2.310650,5.942839,-2.641468,12.214342,-2.299000,7.456858,4.905375,6.431232,0.830364,1.147156,-2.891605,-8.203259,1.908812,-0.472071,-3.870905,1
-5.316755,6.737204,6.771891,1.384132,-4.406601,-5.700375,-7.563451,-0.730009,-4.791458,4.541334,-1.522934,0.214281,5.625484,-6.361223,-6.056435,0.473095,-5.688154,-1.412836,-1.585768,3.780956,-0.631361,-9.508342,-2.736183,1.457300,9.144758,-4.572918,-13.198439,-1.715521,-2.502176,0.152134,-0.308172,-2.251850,0
1.510761,2.257620,-1.400562,-3.569311,3.485865,10.070248,-4.230648,-2.759817,5.110340,-1.357855,3.600937,-1.206528,-12.796198,0.627266,0.828899,7.355280,-5.273135,3.115736,11.288065,3.437397,-0.168613,-7.091143,3.108065,-0.381975,4.187981,-2.748505,-4.288563,-1.557631,0.136600,-2.884552,4.452065,2.538464,1
-1.549049,-4.408987,0.088482,8.226118,4.362820,-5.052269,-4.817566,4.500561,6.468491,-4.525578,-10.127202,-7.088982,-4.301142,-4.551552,0.913214,-0.796185,-5.850727,0.044830,-4.392065,-5.510511,0.588995,-3.754084,7.641968,-0.363518,-5.539291,0.140121,3.561136,2.325422,-6.001202,-3.425007,-4.413631,-2.094381,0
-5.477182,-4.462748,6.365608,1.061533,0.036234,10.340746,1.549622,13.020334,0.856308,1.894085,-1.092451,-0.077276,-2.905237,0.047743,2.936253,-2.135332,2.323219,-2.553223,-2.151293,-0.033209,6.434191,-2.072767,4.188707,5.039690,5.577841,5.214630,2.271082,-6.634775,3.770702,2.555756,3.258736,-0.341013,1
-0.310602,-8.352242,-1.460617,1.710976,3.187643,1.246723,-6.043896,2.390413,3.219385,0.933672,-1.813490,-3.518841,-4.127962,8.688847,2.114801,-1.410894,-6.735487,-6.890045,-2.452942,0.909040,-3.078894,-3.525007,-4.959496,-2.249708,-6.731470,4.578751,-0.133522,-5.030064,9.569155,2.079214,-0.246851,3.943100,0
-7.675728,-1.770954,-0.070601,2.948133,-5.632326,-2.298218,0.677536,-4.153147,-1.416824,1.017012,1.932911,1.027494,-6.510561,3.088041,0.007797,3.052530,-2.315264,3.168751,-0.727057,-0.332478,0.714245,5.290915,-0.081684,3.977570,2.372149,1.017746,6.871931,-3.573647,-10.534692,4.688707,1.114540,1.780136,1
0.491285,0.696604,-7.422339,-8.395038,6.999239,-2.330170,-4.356802,0.047613,-3.006174,-2.685493,-0.586403,-0.054571,1.591646,3.561222,-1.308725,-2.976074,3.097176,-1.345997,-2.999376,-4.540705,-1.462288,-1.538973,-0.554775,-0.973804,-0.299221,4.535854,-1.647160,-6.311028,1.851551,1.137981,2.632137,0.451033,0
6.958702,7.447449,5.674191,6.849922,-3.140038,-1.478958,1.466707,1.249670,-7.887756,5.433037,0.195774,-2.876022,2.426151,-5.042847,-2.403934,6.371099,0.512098,-5.196018,-2.003210,-3.708881,-4.923939,1.871067,0.756908,7.981386,-0.724318,0.031500,-1.288517,-4.918362,2.806314,-1.372593,-0.623728,1.811741,1
-2.044750,-10.002548,-0.980722,-8.302960,1.465425,-7.349115,-0.189907,0.981634,6.161221,2.287661,0.057215,-4.279152,3.897621,-1.703716,5.367128,-1.490759,-6.959463,-5.435675,5.059111,6.038219,5.137861,-2.300619,0.120399,3.909920,-6.521643,3.368906,-6.224810,5.087751,2.059484,-12.192091,-6.786312,5.095045,0
1.798672,2.703346,1.869738,-9.402736,-1.250706,1.589565,5.729172,1.696705,-5.924508,-1.559650,-2.894938,10.712795,-1.524162,0.136353,8.469736,0.879473,13.060446,-1.643307,-4.649681,-3.194818,3.026011,5.840845,2.659107,6.897440,-1.612928,6.412447,-1.178272,6.704926,0.552002,-5.732350,5.552723,2.566172,1
