-5.157448,7.579193,-5.312458,-0.471375,1.145914,-0.131344,5.084831,0.413185,-2.685400,1.841877,1.364775,3.038038,0.547804,-7.159322,-5.564856,-0.132389,8.453228,2.126310,1.623018,-2.354637,3.000057,-2.454695,-3.338661,-4.511356,1.820406,-5.810154,-3.144175,-7.246267,10.467535,-3.334520,5.609993,-1.688103,0
0.274588,-2.639507,-0.682371,5.762356,1.259825,-0.121601,-7.220222,8.937365,3.880213,4.669559,2.284750,6.709066,5.366489,-3.183535,-1.928263,7.716236,3.504656,8.767900,-0.281471,10.242588,4.219210,4.689447,11.844450,1.417692,0.883265,6.232235,-1.661406,0.099319,4.318008,3.062944,-1.209749,0.535692,1
4.233009,3.589855,-3.595369,3.187761,-0.708328,2.668430,-0.185173,-0.684538,1.048632,5.005402,1.155619,-0.144009,-3.268646,-1.849781,-0.319992,-3.597050,-6.864935,-4.699291,0.372782,5.436876,2.854429,3.402369,-4.995853,1.950668,-1.558760,4.295504,-6.966280,8.122389,-10.153821,-3.656082,6.057362,-1.964308,0
-1.233831,-2.928526,-2.067001,-6.728783,1.209105,1.802080,3.421753,4.003801,-4.479528,1.292505,11.756353,-0.156393,0.488838,-4.472605,-1.489712,-6.560024,4.755184,0.049091,6.028919,0.901300,-1.654697,0.706041,3.442303,0.258690,5.428551,1.109110,-3.538757,-2.589808,3.823442,4.641031,1.452457,6.648497,1
0.229635,-5.149450,-3.217169,1.591156,2.989265,-2.333733,3.748873,-1.476536,-4.245840,-2.737862,4.463226,2.200583,-7.773588,-6.364450,6.930035,-3.715172,-9.155238,0.767929,1.290070,-2.729109,-10.495158,1.972372,-10.507848,0.943090,-3.657495,-3.798582,-4.309637,1.766037,3.383289,0.032663,-1.398785,-2.308773,0
9.891825,-6.902645,0.550455,9.360853,11.024149,-3.278044,-3.874323,0.064177,-1.998821,0.803509,12.373308,0.138170,4.391249,3.925808,-1.327402,3.906023,4.937895,2.806719,4.134558,0.630577,-0.167057,0.149235,5.343122,3.232697,-0.003132,-0.461166,-0.865231,1.057692,-0.446911,3.581631,-7.898215,0.710608,1
0.939819,-1.857639,0.626360,-3.211649,-2.977688,4.148920,4.444927,1.851767,-8.946192,-5.210363,0.136734,2.066315,2.367338,2.629505,-4.678358,-3.295677,1.270967,0.825109,-6.106102,-4.681244,6.944128,4.930130,-5.010443,-2.908562,0.546745,-7.158593,-2.924725,9.468580,-1.744883,-7.996503,-1.746275,-6.219564,0
-5.513256,0.324589,4.716515,-9.815962,0.576746,-4.362020,-3.098970,-1.563044,2.942848,-0.804026,-1.385183,-3.344307,5.172945,0.980162,11.147497,0.935789,-4.797447,-2.092056,2.983170,3.501917,-3.127878,2.251122,-1.819475,3.175484,-3.746914,5.811108,5.040047,4.073900,-0.533882,5.664900,-0.940203,1.753014,1
-6.150385,-0.265415,13.020433,0.775209,4.465370,4.233892,3.973774,1.574738,0.181747,-7.618658,9.376341,3.162758,-10.284985,-6.845781,-2.283968,1.047007,6.422674,3.356621,4.958984,-3.655716,-8.165662,-5.189056,-3.121870,-2.923019,-0.136982,-4.987782,-2.862238,-2.107042,1.183857,0.494764,-0.972670,-2.628639,0
-0.966660,3.890648,0.477253,5.834044,6.270018,1.165882,-0.512260,-0.663570,-2.229170,-5.897216,10.858866,-1.460316,-2.629639,-3.129082,-5.168725,3.831482,-1.971273,9.082119,0.091328,-1.146578,-3.369459,3.601740,0.380634,5.495947,1.501995,1.776762,-1.130682,-4.029285,-5.489292,0.506006,1.781113,1.938025,1
10.661364,-0.973478,1.089497,-1.051764,-2.044756,5.631960,6.905458,3.455063,3.608349,-0.530338,-3.066500,0.519827,2.603361,-6.411467,7.151150,7.561073,-0.802586,2.482855,-3.084694,2.278673,2.465902,-9.630384,8.018568,-5.783314,-7.361017,-5.305773,-1.033167,-8.683079,0.731211,3.739254,7.448862,-1.929815,0
2.451469,-8.681582,3.978689,3.378038,-7.729699,2.261047,1.025259,3.102570,5.384947,-0.504551,-2.057936,9.096418,7.135532,-1.864126,5.034166,12.354467,2.524601,6.370558,1.569309,-4.759912,2.742050,-4.487404,1.280636,-0.286827,1.576328,-0.975937,0.744150,4.116642,0.914001,0.279987,7.961716,0.035770,1
0.802841,-0.523262,1.185764,0.731749,-0.216919,0.720884,-8.715868,-6.923372,-3.421682,-3.035383,-2.876417,-3.553474,-2.489698,-2.847977,-3.296318,1.765356,1.072664,0.877689,-14.417940,1.041382,10.310102,-5.807384,-3.828407,-3.044716,1.241604,-0.715677,-1.078512,0.636446,-7.719536,-1.370422,2.305592,-4.506411,0
-2.121307,-3.383759,-7.287882,-2.087515,3.328232,-6.794491,-8.212006,2.475769,2.159962,6.445108,1.028912,-1.184641,4.900816,-2.141018,12.755163,6.261234,-2.968786,12.834654,6.494835,-0.031689,5.900013,4.652275,15.123362,2.323029,9.426085,1.021358,-2.114803,1.525028,0.383814,-1.161522,4.629326,5.467989,1
-4.090521,2.846409,-2.851181,-1.003853,-3.437111,-10.920650,-5.000563,10.127481,1.663960,6.438841,2.114660,-3.850975,-5.726873,9.173834,-5.976221,-8.326061,7.156544,-6.667839,0.629496,-0.259466,-7.461495,-3.231043,0.485823,-5.922287,3.369055,-0.087263,0.762127,-0.629459,-2.141504,-2.656849,-3.436018,-2.644945,0
0.366892,1.071119,-3.200586,-0.663097,-2.357035,4.458200,-4.040709,8.955681,-4.513130,-0.725021,-2.225914,0.825817,1.013718,-0.920332,-5.060242,4.690769,6.391108,-5.169904,6.334488,4.018293,4.043783,2.948984,-4.203550,-0.708529,3.074688,-5.103004,-3.328070,5.304386,1.473351,-5.307012,0.215635,-0.508425,1
1.219763,2.219034,6.461668,-5.385929,-2.041225,0.728674,-5.367878,-0.031269,-1.222942,2.960033,2.747175,-0.937773,-3.946074,-5.371124,-1.478310,6.237516,-1.410509,1.515821,-7.042940,-1.048975,-7.042061,0.904995,-1.808678,-0.578506,-1.626316,0.056786,0.476475,-1.464109,-3.134165,3.656340,4.245342,-2.959061,0
-5.322558,-1.882956,-1.261995,-4.983965,-2.783615,-1.717958,-7.508825,-5.791223,0.580387,3.028450,-9.114655,-1.547258,7.331131,3.708536,2.765503,0.909344,-2.672735,7.767031,-2.815071,-4.955921,4.063541,-8.528752,-0.877718,-1.731651,8.713074,0.233122,5.661991,-0.901711,-3.434601,4.155807,6.418442,-6.614511,1
0.928547,2.739954,-2.339722,5.734970,-3.417791,-1.603458,-3.615658,7.323557,5.266922,5.703571,4.386263,5.268215,1.550526,9.945711,8.128901,-2.943483,5.726782,-8.483575,2.545244,-3.159527,9.647528,-2.547020,-3.293781,-1.259388,0.921537,2.748697,2.439981,4.766861,-3.493286,1.497692,2.685566,-4.903244,0
2.457319,0.463669,8.130293,6.014223,-1.625710,1.889139,-3.668320,5.372196,-1.991276,4.865545,0.501839,-4.846697,3.620661,0.785040,-6.471375,-3.097647,4.898355,-2.211544,-5.678376,-2.927624,-5.686870,0.971806,3.333622,-0.651333,5.334764,9.323320,6.721031,0.424294,4.803226,-8.170712,-2.585510,-7.675608,1
-0.974966,1.252123,-2.863949,-4.963440,-4.783041,-3.889946,-8.691318,-2.229795,-1.889088,-0.783735,-0.794956,-5.918810,-5.247419,1.200518,-5.024633,8.853340,1.722855,0.630203,7.646564,-12.465935,4.729797,-5.762651,-2.565807,-5.932129,5.015966,-13.307027,-3.166767,0.104084,-6.932682,8.043711,5.504375,-3.739569,0
1.148157,3.524664,0.352478,-0.257759,-1.387346,2.631954,13.799429,-1.931728,2.960835,4.987434,-12.339600,0.915686,-3.154411,5.273130,-3.504902,8.686651,0.224770,11.446852,2.727152,0.904636,-3.127462,0.108484,-2.253014,5.005587,-7.629888,1.301491,0.372965,-7.189825,-0.432629,1.116312,2.628700,-3.993010,1
-6.988312,-2.016619,-6.646284,-0.435558,-2.061722,-4.303734,-7.435383,-8.992214,-3.970209,-7.625725,-4.493355,-0.927002,0.000477,1.855591,-1.680819,0.861834,2.377916,7.086834,-0.448608,-4.665689,-0.589926,0.093910,2.221159,7.947170,-2.333641,-1.135073,-2.231569,-2.530750,-7.472403,-5.664759,-3.834063,2.541954,0
-4.799864,-6.074852,-9.061644,-0.015762,7.117685,-4.310669,-5.875240,6.726534,1.949919,4.624134,6.594007,0.404137,-0.770216,1.842859,0.743015,3.154387,3.716152,-4.256203,-0.617258,2.050890,-4.907753,-0.156786,2.566130,-1.677317,4.618952,1.238476,9.266211,-6.833707,3.146286,2.022434,2.311625,-4.287457,1
4.996708,-6.440353,4.274403,-3.540731,-7.172917,-4.359583,-5.342836,-3.549341,-3.472807,8.129843,6.812893,-3.060635,-1.262442,-6.604139,4.935019,-4.005930,2.126812,-0.499496,-2.920277,-5.379454,-1.403280,1.553022,-3.305265,-4.608585,-1.069908,-4.455936,4.246756,3.014090,0.972357,5.828100,-1.666496,5.758020,0
10.006662,0.701424,-1.886084,-4.330492,0.583099,6.843992,-2.104525,2.584993,0.699642,-6.279664,4.409151,-2.823664,-7.277608,-2.146282,-0.263279,0.821018,-7.622014,-8.854281,3.413750,-3.254288,-2.367170,8.713722,4.039204,2.738745,1.506397,7.535341,3.876562,-8.692741,1.445786,-3.396654,-0.408453,2.304480,1
-2.441261,4.726954,0.877079,-1.475885,0.380890,-1.540815,-1.755501,-12.829678,-1.219090,0.247484,-4.155123,4.820784,0.461945,1.396368,2.051096,-4.103348,2.847229,-1.467701,-1.914907,0.413532,0.454967,-2.312334,0.737043,-2.901270,-2.116453,4.643484,0.896305,3.480030,4.287758,-0.588964,-1.387089,2.532822,0
-0.345993,3.672869,0.140900,1.971985,5.069672,0.779308,3.861629,8.690434,8.137852,-7.894509,1.270592,4.454891,5.897892,4.637011,-2.883375,6.161474,7.745581,1.454617,1.000988,1.314747,4.360916,7.620672,0.520645,1.384897,-1.619545,-3.577663,-1.646034,4.862625,8.101353,8.936447,-8.929182,-0.457428,1
-2.657099,-6.286501,-8.100210,-2.186001,0.319160,-0.838928,-8.491446,0.632933,-5.917307,4.038380,-9.509689,2.264532,-4.527090,-5.342402,5.044708,0.454622,-1.165764,-0.001394,-1.472979,-2.508860,-1.043139,-0.399977,2.829266,-4.055134,3.421484,-9.445049,1.922184,6.381660,-4.826485,-4.514460,1.161097,-3.865433,0
2.855665,-2.856285,-3.938028,3.728348,5.265108,2.600176,-0.492311,8.998962,-0.306206,5.460794,-3.792843,-7.607050,5.853617,9.540674,-1.915092,3.859652,-6.996094,-3.671942,5.535952,2.544313,5.261623,12.486898,3.267897,6.002581,2.503145,-3.141905,-9.458962,-13.720078,-0.997992,-3.130835,1.131720,-3.523163,1
-0.574938,-1.377745,-1.260279,-0.602242,0.362106,-1.880949,5.329683,-6.544367,2.929121,-0.188055,-0.571220,3.018122,-8.181956,2.881481,-5.259726,-0.148363,2.473745,-1.825001,3.330542,8.375402,-11.984516,-3.148735,-3.258032,-0.290854,1.920120,-2.499228,-7.067768,-9.026547,-4.799379,7.580212,12.602079,-5.847231,0
-0.027271,-5.966568,-12.745298,3.134848,3.442692,-1.516493,7.715748,-0.365511,-3.886204,4.352478,8.461973,-8.563332,3.793350,-2.899637,6.538139,-6.295872,7.238724,1.957054,7.174368,1.341129,-3.635435,-1.859573,-7.161298,0.895504,3.400270,5.770693,-4.579033,6.091312,5.273100,1.186031,-0.197634,0.753708,1
4.793644,-1.665667,-0.095297,-7.973598,-3.966599,-8.074144,-6.438120,0.862692,2.113590,-2.279825,2.138670,-0.744768,-1.357840,3.191141,4.947964,-0.891369,-0.063938,-0.189903,-6.789135,-8.738915,-3.102654,2.866707,0.824541,1.456963,0.358231,0.977001,7.888391,2.373783,-3.384533,0.330036,8.098528,6.850317,0
-0.013544,-4.632753,-5.076641,-6.142346,-6.486872,-2.124956,2.721367,5.358877,1.733204,4.095961,3.613340,-2.209982,-1.691858,4.107153,-4.357370,5.447109,1.034760,0.540155,-1.667736,3.567022,0.292704,7.083275,-4.417545,-3.225626,0.761755,6.003723,3.272350,-2.455750,4.972784,0.137423,-0.177807,0.274057,1
-0.019629,-0.172243,-2.597998,0.520096,8.675638,-0.622555,-2.834881,-2.992567,1.245262,0.531301,-3.215294,-1.604916,-2.391863,-4.549971,2.029737,0.271515,-0.503254,2.312159,-5.385038,-6.730696,-5.577915,-3.601110,-1.137621,-0.987652,-2.770388,1.224882,-7.531449,-3.222815,-4.440277,3.759319,1.225113,1.217144,0
-2.524179,-0.290037,8.205948,4.474878,3.980524,3.532381,-0.292995,4.802988,5.762798,2.292145,-0.708313,8.238022,2.446028,-1.476732,7.967400,0.604519,0.468328,0.611704,-7.224247,-1.686703,-1.706526,3.947454,3.771185,5.434633,0.071354,2.248341,9.052376,2.767334,5.699787,2.099253,3.013166,-6.982381,1
-1.467268,-9.848433,-5.082588,3.235338,-1.217123,-3.484201,-1.206720,-2.367008,-1.686718,-9.589254,-1.557934,-0.715847,-4.216547,0.612999,-0.375921,5.748310,-1.501875,-1.508520,2.614185,-7.275643,-5.999599,-2.479254,-7.634997,4.408556,7.089697,-0.093126,1.871939,-5.715477,-2.989681,0.370354,-2.619255,1.085844,0
1.723871,0.546444,9.306326,0.205315,11.773981,4.828243,-1.554512,-1.313904,-8.893700,0.138544,7.039417,4.295998,2.663673,0.271200,7.862196,1.062279,-2.383549,2.164991,0.334637,8.675032,-0.187113,-7.540258,-1.532877,2.462601,-2.177719,-2.388647,-0.042269,7.727808,2.556940,1.891308,-2.198133,-3.527727,1
-4.731873,-3.018755,-6.352436,-8.329843,-0.544430,-1.388081,-2.009329,2.094460,4.449640,8.511711,0.463356,3.080248,-0.710859,2.898752,1.587107,1.397160,-0.385645,7.826735,-1.070700,-4.638458,1.286058,-2.216440,-4.874043,-3.130310,-1.985228,-2.179144,0.145147,-5.725733,6.097113,6.418522,2.999804,5.656300,0
-2.043602,1.426975,-5.269024,-5.128424,6.724005,0.610237,2.448343,-0.046139,-0.193691,1.774656,0.267817,-0.896139,-1.694698,6.295900,4.132095,1.376129,-1.075714,3.250082,-6.133944,0.733339,-0.432352,-11.139605,1.884087,4.868116,-4.781609,-2.941874,-0.507914,-1.178221,-8.270858,2.970945,10.104408,2.902054,1
1.870300,4.144501,2.736643,1.711510,0.454161,-9.303421,-2.777262,-5.742838,-4.007172,5.031584,-2.649395,-2.313021,-5.323046,9.269110,5.019014,-10.006071,-7.475310,-3.277784,4.753893,4.663677,1.381187,4.160183,-1.396799,-6.318617,-6.604084,-0.209108,-3.268112,4.031004,-0.126537,-4.308617,-0.063801,-8.775709,0
8.057142,1.642700,-10.402386,-0.969475,4.397785,6.001493,-4.365820,-1.918314,-1.006924,-4.228878,3.678490,9.915442,-1.770971,-0.869265,1.547066,-1.060709,-2.082544,-0.136366,1.074219,-1.536695,1.624601,-0.933773,4.680559,0.234207,6.117815,-4.095280,-12.673056,1.226593,0.865337,-2.067465,2.723978,5.215582,1
-1.456259,-0.695770,0.796537,-1.113968,3.535307,-2.318886,-0.825550,-8.798042,-1.881815,-4.755785,-6.227903,-5.233095,3.935667,-2.976347,-1.620562,-5.939270,-0.506733,2.846817,-8.437998,1.733530,-3.050903,0.153252,0.647272,-1.766846,4.657547,0.410700,4.519344,-3.627665,-3.190990,3.176933,0.446993,-1.813875,0
0.926765,0.520563,4.176146,-1.388491,3.030884,1.150595,4.582012,4.204496,1.540443,2.303755,-4.051868,-3.175867,1.907024,-2.982950,2.102386,5.410173,6.515312,-1.585903,4.568279,-2.069241,9.070436,3.400633,-3.852081,-6.694920,6.354513,-5.615975,-5.943684,0.316879,9.878996,10.197897,-0.014933,3.477814,1
-10.704797,9.043913,7.898195,-2.523298,9.320787,5.025269,-1.068396,-7.179756,1.902185,-5.954880,0.819590,6.051121,-1.329475,-5.844833,-3.414614,-1.607908,5.658773,-3.715992,-8.050054,-3.661783,-4.689503,6.188900,2.775803,-3.496286,12.932199,-0.733873,-4.860117,-1.800701,2.464190,0.605141,-7.475853,4.821131,0
2.085835,-3.319807,2.924681,5.424673,5.298830,-2.056105,1.430017,-1.958809,2.013660,-0.100574,4.099876,1.490511,-3.846251,3.914703,7.689804,-0.178370,-0.635435,-0.408546,7.297644,4.408655,-4.155550,-0.988146,3.626665,-0.375292,3.463223,1.749788,-8.980211,-5.022051,-1.440258,-0.658833,2.991316,0.164831,1
-12.823464,-6.389109,4.498804,6.592869,-3.202835,-3.521515,0.046885,-6.613834,1.280226,4.520912,4.109926,0.124624,3.840227,3.232767,-8.274462,1.975054,1.868183,-1.557842,-0.258110,4.092056,0.333899,-3.191072,-3.015547,-4.334080,-8.834827,-2.884281,2.039745,-6.026461,-6.325096,-3.644741,1.760504,4.619287,0
3.945435,6.812765,6.191719,1.195793,4.068844,2.596048,2.109507,-1.821932,3.108633,-5.320883,-3.002514,1.270527,-1.969578,-4.164949,-1.435608,-7.704349,2.580191,-0.181959,-0.586840,7.547358,4.281551,1.608847,6.139978,-0.538305,-3.403282,-3.098217,-0.120695,4.913754,5.911942,0.337919,6.539680,-1.684813,1
2.713821,-1.622204,1.033360,0.886955,-3.391623,-4.990479,2.392439,-0.551277,6.671865,0.672985,-5.035555,-8.421426,2.875870,-0.191845,1.517908,-1.991835,-2.661608,2.594191,-1.070259,0.337147,-3.631763,6.778978,-0.564932,4.516811,2.683987,-5.310774,-0.216145,-1.364725,-1.724667,-5.991171,-2.658499,-4.566675,0
5.222656,-10.945861,-3.641098,3.953796,6.770805,-0.594757,0.605030,1.580187,6.408962,1.785931,-3.687069,-1.443676,1.960865,7.623592,-5.494233,-3.700844,-3.355091,0.486261,-0.053555,-6.889954,6.897348,4.875282,-4.567835,1.142052,5.647501,-0.841009,2.567955,0.091509,-0.258778,-1.076994,11.734880,10.644173,1
-2.576950,1.254578,-11.979368,7.253693,-7.045933,-0.552574,-4.770344,1.578209,2.302425,-1.010208,-4.713427,-3.228100,1.682369,-0.461613,-6.857071,2.182791,-2.718304,-1.374561,4.194672,-6.637295,8.776709,2.158588,-9.131327,-3.482157,-1.820810,-0.092171,-0.991236,2.935139,3.215139,4.095562,0.627720,1.002127,0
6.172436,1.645090,0.345142,2.267756,4.240791,0.694796,3.454172,4.008362,5.299791,3.565969,2.254400,-5.047497,-0.210411,3.873196,-1.314436,3.604874,-2.472584,5.194387,3.591776,2.877300,-4.871891,5.241913,3.196369,1.111645,6.698689,11.071360,0.740215,-2.252966,1.788307,3.623926,-1.699629,-2.376493,1
-9.260347,-6.316751,2.242628,-1.708242,1.594637,2.924046,-2.119801,-0.471212,1.671080,-0.373623,1.507559,2.500145,-1.319368,-0.905653,-2.307655,2.608910,-4.515705,7.887047,2.324598,-2.507353,-2.779158,-1.987949,2.538021,4.719873,-7.021006,2.568003,5.870567,-6.953178,-0.941559,2.852270,-6.821665,-7.478562,0
1.279146,-2.714804,5.797577,7.287548,-2.838078,4.443348,-4.981964,5.399961,-1.416269,-0.598780,-1.377110,-1.295700,8.655800,-0.775433,3.159855,3.933409,-5.013294,-3.437605,-3.542526,3.905327,0.169050,0.069195,1.648502,-1.250443,-9.950869,-7.810417,5.312824,-3.336185,-1.807697,4.984421,-5.362180,1.984068,1
9.071249,-3.279633,-2.538010,-0.674778,6.689381,7.008558,3.927752,-5.886042,3.835510,-1.236473,4.140213,3.414055,-0.910101,0.816887,-11.818760,-2.747972,5.408072,4.361509,-6.100019,-6.916996,0.808409,-5.706112,-0.989761,2.792355,-0.940290,-5.247574,10.067286,1.658484,-4.210598,-8.256335,-0.631165,-3.428867,0
-2.423471,-3.127392,0.412979,-5.740375,6.030617,0.332258,-5.583792,1.179869,1.496450,-1.808754,-1.416466,3.693293,2.347696,-1.164751,6.212849,-4.875883,-0.879259,-4.781490,0.364964,3.189613,-2.982244,-3.252802,4.909233,1.004705,-1.077724,0.445852,0.981674,-2.755671,7.882639,7.296255,-0.493753,4.164967,1
-1.162388,-0.178638,2.389275,-5.738630,-0.632427,5.811060,4.512436,2.305244,1.412100,1.558966,3.097685,5.160984,-0.890121,-2.931250,-3.089621,1.771837,3.284367,-0.656357,0.128550,-8.878444,-0.346531,-2.306547,-3.340052,-2.954163,-7.041470,-3.379877,-4.037468,-8.810754,0.758625,-0.313538,-0.393763,-2.712980,0
0.468361,0.754654,9.096561,-5.187181,-5.263373,4.534735,5.141434,-7.211314,-3.212132,-3.030159,-0.240864,10.426399,9.631771,-2.214497,3.179260,-3.528522,1.550524,3.160666,-2.516615,3.562057,8.109854,-1.046293,3.642000,1.896679,-5.147129,-0.124687,1.171864,-3.855797,-3.537605,1.867964,1.562836,-0.793137,1
-5.174997,-2.368435,-10.071663,3.375816,-0.102562,-3.897625,-5.523516,-3.695189,-2.206997,-4.515583,-3.353498,1.602852,-2.756725,-2.955744,-4.353222,8.758152,-0.051281,-2.690844,-2.330143,0.209667,-4.831993,-2.909945,6.678236,-3.113867,-5.718243,3.412247,0.966478,-5.298700,1.378523,0.761047,6.571810,-3.791756,0
10.274075,-1.888813,1.202402,11.378408,-3.610600,9.570389,0.863157,6.149645,-0.294680,2.355373,1.156305,-3.509211,0.034126,4.123617,-1.278286,-3.315271,-2.968700,2.257069,-6.399098,-1.244558,8.360004,0.088657,-0.917017,6.752687,-6.549689,4.842819,-1.285166,-3.287931,0.020067,-0.552763,1.866003,-8.395960,1
-2.925053,8.671116,-5.809946,6.062933,0.869799,-0.778906,-4.750021,3.836554,0.020130,-2.708723,0.958508,3.418932,1.113213,4.144590,-3.005289,-7.102860,2.906801,-0.875057,2.169937,-3.415560,5.034685,-0.793547,0.301794,-2.231878,-5.967262,6.709585,-1.396008,-4.274523,-2.996794,-7.504847,4.047741,5.106247,0
3.181503,1.236845,1.407372,-4.553762,-1.654217,-5.100769,-0.543419,2.334944,4.580948,3.743641,-0.210318,4.378305,-0.775047,-3.381508,0.643888,3.074434,-5.366075,-4.062857,-1.500973,-5.517316,-4.260527,0.491528,-5.355254,-4.514870,-3.078054,4.574238,-3.055773,2.243130,9.553528,3.140717,4.896925,2.829191,1
-4.248604,-5.142952,-2.581600,0.268303,-6.152981,1.026777,-8.877162,3.327927,4.154119,2.471287,-1.514984,-0.843409,-6.172827,0.034428,-5.498917,-1.391634,-1.993809,1.749489,-0.340992,3.810444,0.170197,5.481138,-7.985047,-1.105732,-3.476112,-3.406542,4.897741,1.622021,2.790409,-4.360550,-1.388706,-8.623668,0
9.301046,-6.110960,-1.982697,3.052984,1.108398,1.045139,-6.188508,7.932219,12.412275,4.059969,0.358900,7.053797,1.079912,-3.347626,6.920393,8.760042,8.814240,1.620689,1.619368,3.279715,0.665588,-4.369413,-0.375010,-0.071329,8.888670,-9.556299,1.167727,-3.684555,-1.256552,-1.620226,-3.168089,-0.720589,1
-0.155527,1.665920,9.338652,0.238878,-4.662426,-8.602191,-2.346651,3.881580,4.191231,-4.505268,1.366951,-3.606037,4.230160,-2.090662,-2.531061,0.848509,-4.835114,2.636576,2.665546,2.136335,-3.011026,0.941858,-1.372463,5.297121,-1.908150,-3.336016,-11.396741,-0.698080,0.293169,-5.433071,-0.081787,-11.341022,0
4.424820,-6.542175,1.357128,-0.610949,6.380232,-0.042015,3.860958,-0.584879,0.774096,11.682440,-2.228609,-5.495115,1.670507,-3.849989,-4.849455,5.982376,3.145866,-1.683790,-5.149054,2.434673,6.291111,-4.180847,4.609030,8.226799,2.974564,-5.996864,3.470108,0.966255,-2.405050,-12.956841,3.855036,1.720131,1
-11.590082,-1.955288,1.622639,-5.323257,-2.120749,1.530535,0.611177,-4.788649,-1.790134,7.060272,1.653589,-4.197613,5.672123,-0.966831,2.145460,2.400017,-4.765730,-4.993950,1.442543,2.468187,-3.719748,0.404297,-4.110777,1.004185,2.273674,-0.886068,-4.670221,-1.555771,3.625887,-5.007587,-3.030304,-1.694740,0
5.314363,10.336792,-1.577219,3.527483,9.464382,1.360756,0.690994,4.401175,3.210546,1.502794,-6.251212,9.367664,-2.699110,0.893473,8.592840,-6.547012,2.533617,-0.789370,-0.870777,4.110689,0.851631,8.362373,-2.672148,2.887999,3.791327,6.220024,-9.787059,1.281271,-2.554220,4.795376,-0.025375,2.167030,1
-3.536396,1.073502,-6.085281,3.138639,-2.410559,-4.160696,1.027586,-4.246870,-6.113560,-8.402391,0.114538,-0.843380,-2.808163,-5.174597,0.935932,-10.176554,6.661201,1.440287,-1.794277,1.107948,-8.427639,-6.908939,0.452742,-1.832287,7.652956,3.174341,-0.921240,-5.892042,5.637421,-11.901119,-1.575546,3.799061,0
2.669964,-0.227587,-1.550716,0.367434,7.897322,3.704277,-4.550539,5.773607,-5.227414,-3.287552,-0.103081,-1.467785,-2.827990,4.361364,6.154249,0.038456,-5.439898,-2.904427,-0.152147,0.545101,2.406387,-1.179296,-1.857275,0.853262,4.441063,9.288982,5.500015,-2.960686,7.319674,3.799484,2.458128,-0.280964,1
2.103127,4.588892,-0.899004,0.717846,-2.903902,-2.657232,-3.605742,2.477203,3.155993,-1.820042,1.284449,0.103943,-10.082639,3.542408,-2.738087,-1.569498,-7.067639,-2.195580,-0.849115,-7.005260,5.188263,-2.585114,1.292593,-4.603508,5.210876,-7.422562,-1.914389,-4.423897,6.104029,-8.351740,7.060081,-1.691982,0
-0.701498,-0.341019,-8.282181,0.218403,-0.217875,1.614075,7.785780,8.817179,0.818537,2.112812,4.243490,-2.699228,-0.693203,0.892912,-3.779215,13.101152,-1.212896,-0.427389,-6.781792,-2.112226,-2.451447,-2.652523,-0.241982,3.686476,3.501705,7.171444,-3.538610,1.130026,10.277088,-6.106634,-1.249689,1.157537,1
-6.657049,-5.997271,-9.889455,5.323671,5.446674,-4.310736,-6.697887,4.675598,-1.278328,-8.951200,-2.552586,-1.809065,4.844700,-7.691230,2.420736,-1.368483,2.724209,-0.866957,2.556345,-1.157930,-0.170721,0.804264,-9.280616,0.234947,0.056751,0.280157,-0.665127,-2.496389,-3.877029,-1.459993,1.872793,-0.512970,0
6.204943,-6.440761,-0.344847,0.259174,4.679825,2.137094,4.312040,4.688025,6.717091,-0.513811,1.977545,-4.977867,-2.297499,5.929117,-2.997108,-3.206318,5.957893,-9.004628,2.902199,0.925581,8.200333,-0.711281,1.384008,-11.870935,5.753546,-2.630188,-1.544622,-2.062366,5.958719,1.655638,-2.726797,1.398724,1
-0.235092,-3.181419,-3.898674,-4.220148,-3.206087,-7.190049,-4.119097,6.968401,2.456781,3.311558,2.767321,1.641905,-3.461237,-1.750616,-5.214561,1.074314,-1.112490,-0.031013,-6.778864,0.563437,0.894754,-13.251028,-1.389793,-7.930638,6.124483,2.384121,4.503975,-5.401480,-6.930954,1.228971,-9.926670,2.010517,0
3.038675,0.676178,-3.400330,-0.625536,4.785234,-0.562227,6.714296,1.942369,3.568819,2.116512,4.509596,2.202967,-1.407824,0.451948,4.996216,5.463219,2.061073,-0.404921,10.031446,2.842136,-0.344244,1.895031,-2.070332,6.803814,8.650450,6.244066,1.750160,-4.471449,1.103241,7.700106,0.051336,-0.306490,1
-3.936880,0.077852,-0.459019,-3.085649,-6.311417,-2.000900,-6.068342,2.935194,4.072756,-6.830997,1.312605,4.510557,4.109434,2.453419,1.525658,0.150438,-2.271423,4.132629,-4.622955,0.793056,3.130878,-7.693504,-7.045965,1.614378,0.098883,1.938942,-6.187035,3.671892,-3.194891,4.126980,-2.177568,-2.444128,0
9.120432,0.986431,6.289970,3.040127,-2.212404,3.378017,-5.450336,-3.518555,11.810518,-1.411448,6.100822,4.809757,7.206192,-0.905546,-5.515584,-1.788689,-1.628288,-1.626699,4.500811,8.014809,7.343704,3.332178,-4.857449,3.747133,4.906082,2.757395,0.963182,1.313637,0.380146,1.816051,-1.710583,1.659124,1
-0.950882,3.879633,-4.553509,-3.090937,-8.696767,-3.607159,3.150745,-2.022259,1.243347,-0.416910,-0.834131,-1.733284,-1.442852,-3.491367,0.538931,-3.145529,5.213776,-1.111423,-2.371401,2.455614,1.211395,-4.766308,1.337608,3.055914,2.966663,-0.873598,-1.848808,2.360502,-2.170074,-0.254915,-6.610586,-8.138369,0
-5.559824,-10.426314,1.920267,-5.683841,3.595041,7.233421,2.677984,-1.463495,1.572075,-5.569511,3.698078,8.341524,13.299929,-6.698750,0.146029,1.434172,-0.054880,-0.593494,-2.119360,-4.373148,3.660917,3.991592,1.069244,-4.339249,3.963335,5.400663,-4.061981,3.850691,-8.421765,-3.332867,4.824741,1.454424,1
-10.895003,1.670359,-0.077530,-0.552561,1.468800,-6.856390,-4.461172,2.081266,-9.311147,-2.408926,4.783813,-5.950548,-3.644482,-10.652650,-1.080772,-0.337877,-2.531998,8.355593,4.984589,-5.671934,-3.197411,-7.935719,2.601454,0.424049,2.317173,4.281754,-0.776440,-5.804710,0.530293,-5.468637,7.376352,-8.250976,0
-1.898359,5.171648,-0.575949,-0.321926,0.977219,-2.241484,-0.888781,-0.976688,-3.058893,-2.187170,-1.633522,5.679379,-3.627361,-0.478413,3.247755,1.951227,3.514015,2.049261,-1.505867,-5.277713,1.936697,-0.007362,-1.328831,-0.490746,2.340326,2.650379,2.606596,-0.327190,7.884850,-3.277691,-8.684403,-3.848652,1
-0.873974,-4.043158,2.393398,-3.039164,-1.463566,2.707489,-1.912184,9.104849,5.689865,-3.858498,-0.556038,-7.344648,-7.902587,-8.044129,-12.369293,3.617479,0.336370,-3.303120,-1.096668,-4.366213,-5.510672,7.039124,-6.272806,0.051640,-3.694698,7.573177,-4.809160,-6.473970,-2.035595,-8.038796,-7.818606,5.276672,0
4.198849,-5.702627,-12.375442,-0.039425,1.830786,2.226513,0.715910,-2.666311,-0.919422,-2.932167,-0.574800,1.469479,-5.305451,2.018297,1.142843,3.101624,4.379368,3.562788,-0.460730,-3.650490,3.321522,-4.308418,0.910650,10.229115,3.469465,-0.904791,6.583168,3.551128,3.870802,1.634781,-0.449303,-0.826958,1
-3.208057,-2.169893,5.623356,-0.265423,0.724186,-2.707123,-3.796614,-6.930895,3.096355,-7.318429,3.734610,2.980873,-2.898878,-6.770630,5.825073,-5.519793,2.781876,-7.877867,0.192259,0.729645,2.403099,-4.342789,2.438854,-2.271698,-1.543570,-1.523319,-3.152170,-5.421930,-2.252174,1.502134,-8.570897,2.300236,0
-3.485289,-1.136337,7.093740,-1.132650,3.288450,9.046951,2.009779,-2.257294,-2.413561,0.622423,9.004833,0.748337,5.491875,-0.916279,-6.006523,2.614138,-0.615582,-2.707556,-4.614822,1.258360,-1.033543,6.095873,-4.071310,0.563328,6.420389,1.387320,-0.254526,4.618807,1.559938,5.029104,-1.157564,0.664658,1
2.606798,-3.613140,5.554985,-3.262468,0.128567,-10.854726,-1.485287,-3.226299,-3.970388,-8.404284,6.002171,-8.133928,3.119844,-5.522167,-2.528515,1.423380,4.993517,1.859243,-6.409613,-6.378908,-4.221201,-5.020262,-12.972420,1.723988,-0.970682,-0.127264,-3.814051,1.595436,-3.295919,0.703968,-0.301428,3.545588,0
5.333502,8.623854,-0.904169,-2.293434,0.492559,-1.496986,3.236610,4.931047,5.404760,-6.760452,6.045408,-4.563896,6.110216,-1.255508,-3.738768,-4.628994,4.712740,-0.700872,2.138535,-5.267740,-4.021685,-3.111786,-2.602163,5.131790,7.509218,-3.152592,-1.716656,5.254227,0.046192,4.080467,4.941782,9.836065,1
-2.439150,-2.896664,-4.305691,0.116007,-7.894749,0.727533,-4.025732,-6.575794,-3.856699,2.503698,-0.582750,-1.936890,-0.850483,-6.992842,4.220263,3.863958,1.717140,2.699392,5.031040,0.654732,-1.481308,0.895899,1.494066,-2.370825,4.823408,-1.307127,2.979700,-0.897518,6.528740,-0.992258,1.108162,1.771225,0
2.791677,-8.762696,0.681095,4.336721,0.874962,-1.641611,3.705433,10.722389,6.987759,-5.200799,-0.540680,4.473211,-4.975246,-1.742510,-2.023670,5.453756,7.447552,5.597322,0.872707,-0.519501,4.334013,-0.418444,-11.890998,6.125389,6.609314,10.158993,1.377201,6.967258,8.206182,11.764143,3.449890,-6.614318,1
-4.484127,-6.478945,5.131517,-0.762886,2.681692,-0.038012,-1.032984,4.033974,-2.835827,1.145550,6.749737,-0.691408,11.087000,1.197180,-5.755983,4.217810,-6.043257,0.072079,-3.171577,-14.590289,2.732798,3.218695,4.405827,3.927481,-0.266214,-6.635483,-8.669540,-1.463793,-1.695311,-2.013206,-0.341686,6.960369,0
6.720974,-2.350576,-2.132084,-7.754806,6.474356,-2.368128,4.363081,4.592117,-0.893276,-0.918016,10.946547,4.093678,2.927982,5.168200,5.969021,8.609751,-1.039923,-3.620544,-1.562597,-3.664410,9.319593,5.521547,6.348936,-0.800089,4.939375,-1.132797,-0.841372,-5.750643,0.935259,6.527851,-5.126458,-0.123753,1
-0.310005,-5.405983,1.607447,3.431385,-5.035282,-1.076235,-0.625254,2.320679,-10.134028,-7.466050,-2.700890,2.129898,5.034719,2.854542,-3.560570,5.566687,-5.238838,-0.586073,-1.493343,2.923052,1.533073,-4.990273,-7.175843,-1.729996,-7.640249,0.696466,-8.592355,-3.632288,-1.577927,2.745317,10.678373,-2.336521,0
2.099096,-7.226189,8.682808,4.844555,0.700897,8.601355,5.319937,1.585178,2.103128,-4.411856,4.386351,5.222481,5.305473,-0.100573,5.494452,-2.220367,7.975359,0.220886,1.462345,0.028404,1.630766,3.449432,4.150824,-1.738178,0.762043,0.651199,3.822601,1.527130,-10.779018,0.498091,-3.839293,-8.389337,1
-1.760023,-2.085468,-10.358266,-2.019106,2.471169,4.240845,6.412596,4.493864,-5.336786,-7.442086,-0.857784,-2.416370,2.481186,2.648478,-0.805086,1.746376,3.175894,-2.974997,-0.745779,4.868181,-9.681993,2.093927,-5.753019,1.634266,-8.743830,-1.899029,1.262316,-7.935860,-9.962309,-4.548592,-1.848700,-3.437012,0
-1.686138,0.410690,-2.594137,-8.602427,8.342123,-2.145128,-1.617712,2.658598,8.933411,-4.160164,-4.857759,2.304825,6.068068,-1.541971,-4.501514,2.760855,2.272490,-2.354874,-0.187725,9.404245,-5.264080,1.002861,1.981668,-1.001648,3.809053,5.560534,2.072454,9.087099,7.939404,-2.048002,4.686754,-2.420689,1
2.415735,-3.265024,-3.546480,-4.601896,-2.462444,-1.227467,4.629452,-2.116640,0.358879,6.780329,1.290867,-1.589956,1.081482,-2.164045,-6.313719,3.995510,-6.122927,3.608366,-0.145567,1.746576,-1.236839,-0.861561,2.299490,1.224047,1.902361,-8.227979,-2.975477,0.987349,-1.031767,8.213026,1.980036,4.666246,0
4.160503,4.448488,4.081005,1.842070,-8.918936,6.932816,-0.222218,3.268948,-6.261766,-0.923843,-3.270885,4.792681,8.039137,7.315165,6.066109,7.892738,9.525782,-0.654333,3.825874,-5.100326,4.916571,-3.270287,3.247066,2.026709,3.842604,-4.318665,-5.430940,0.803675,2.531006,-0.572638,3.070053,-2.576708,1
2.105444,5.793077,0.880613,-4.715651,5.170630,-2.420755,2.073849,-0.853550,0.260893,7.317415,-8.885817,6.026323,-3.074833,1.911631,-3.441118,-5.085234,0.018362,5.727385,-0.433279,-10.414873,2.638050,4.243515,-0.754631,-0.544752,4.052736,-2.510603,-2.791222,1.334051,4.797348,2.771336,1.544559,-2.424744,0
0.134491,6.353363,8.767334,3.633121,0.553757,3.438492,0.194630,-3.832844,3.448086,3.702497,0.251186,5.190699,-4.404560,6.096764,6.949352,1.479223,5.210501,-2.628035,-3.502377,2.659866,7.476679,-2.222944,8.686867,-6.502081,-0.263084,-1.593996,0.667313,5.890524,11.493425,-5.129107,0.462934,-3.518955,1
-2.867065,1.814077,5.542534,-2.358469,-8.262511,0.793694,7.069805,-4.816509,-0.719414,3.505131,0.697746,2.410507,-2.744461,0.012833,-3.487911,-2.475380,-0.312622,1.666830,-6.180706,-7.695899,-0.468174,2.514826,4.046530,-9.767465,2.522554,-0.802069,0.228952,-9.331882,0.965099,-5.062271,2.422266,-4.081755,0
-0.437420,1.816135,-5.681083,-0.416220,1.465406,0.162481,-0.124210,0.009434,8.265835,0.864067,-0.437651,6.927778,9.079124,-0.623175,-13.045597,5.840450,-0.933359,1.028502,6.398481,-1.641277,1.700939,5.967403,-1.033327,3.804588,-2.101954,3.114466,1.103415,3.747158,-1.733946,3.067625,9.434797,1.090504,1
-13.254923,-18.950939,-5.455957,-4.448683,-0.495668,-8.886966,-0.196630,-5.501667,-0.105597,-1.876677,-6.584122,-1.561054,1.569998,1.976196,-0.931662,-0.895617,-3.942894,7.084751,0.998301,-4.768503,4.851803,-1.557230,-3.119263,-1.180588,-1.011101,-6.164366,4.380840,-1.516424,1.230673,2.489927,-2.392056,2.162603,0
-3.475193,-5.227373,-0.657219,3.137854,-2.930325,6.055830,1.236603,-2.095314,-9.218752,-4.813772,3.515478,5.327831,-2.900322,3.956017,-2.407721,-3.346184,-0.877136,-0.414726,2.211357,1.400114,1.072586,6.152109,4.873234,4.877794,4.043247,-3.578045,4.556532,-2.845531,4.853168,-1.162949,-9.639525,-5.592151,1
2.169249,0.471128,-3.980791,1.512983,-3.533634,5.551622,4.058031,3.162231,-4.288069,2.695065,-4.398956,0.620266,-1.466265,0.042509,1.318882,-2.817997,-3.030306,-0.733225,-1.138605,-4.522627,0.624426,3.320295,6.015945,-0.576529,-3.054466,-5.894514,-0.281765,-5.897095,-4.559479,-0.317265,6.324299,8.962030,0
-6.161464,0.210117,4.578218,-3.529112,5.322227,1.619032,3.110893,-3.797411,0.376045,-1.271267,1.077997,5.507694,-0.246513,0.737968,-3.608328,2.002598,7.811106,2.950232,-4.204643,-0.763956,8.873251,1.566429,8.710619,10.110573,-9.413038,-8.117754,-11.392285,1.545847,0.650660,-5.243026,4.238476,-1.198713,1
-7.578547,-2.590767,-2.773413,-1.345043,-2.263039,-7.827319,-3.991562,-2.705746,1.636946,-5.339153,-7.348049,2.053804,-6.606665,1.309048,-7.678693,7.924416,3.683702,-3.099539,-0.890635,-2.197353,6.284409,0.818142,2.218792,2.928600,1.613220,0.197876,0.826952,3.581533,-3.299995,-2.398468,-9.783152,-5.163866,0
0.686625,-1.952511,4.695017,3.318909,-4.421396,-5.553332,7.900318,3.224163,-1.792992,5.213787,-0.930048,-1.863501,-7.293194,3.943285,-1.124598,4.059271,-1.866667,2.392363,-5.222964,1.184423,-3.708328,-1.697971,3.794075,-3.327673,-0.662079,3.570665,-3.604240,2.863997,4.024582,-4.896439,-5.295553,-1.695543,1
-1.355173,-4.647758,-4.075556,-0.370787,-0.047356,-0.602795,1.653877,2.894720,-0.265974,-4.523182,-1.419744,2.182613,3.279573,-1.947153,5.055689,4.667868,-6.037300,-1.570053,-2.756353,-0.015467,-5.620859,-6.161449,-3.600620,-4.891413,-7.945781,-0.906584,-1.244249,1.612982,0.089930,0.735470,-2.244349,-4.024422,0
-2.757988,7.447510,0.413706,-2.690460,4.179379,8.592598,-2.414015,-5.419256,3.427816,-7.079940,0.104456,-0.268528,-0.058174,0.504318,-1.808992,-7.075079,-7.876160,0.090946,12.100645,1.927229,-0.581615,7.597034,-8.830681,-0.538895,7.951771,6.754639,-5.358537,-4.963621,7.209015,2.969242,2.715645,-1.132515,1
-3.688311,-1.992319,-0.864189,0.941387,0.977331,-0.618710,2.471405,1.952709,-0.693308,-3.219414,1.249626,-3.295801,-1.693651,-4.018362,-2.653193,-4.342709,1.604149,-4.620672,-0.733080,-5.813318,4.060530,1.091734,1.400517,2.687450,-5.841948,-0.805750,-1.966625,1.522295,-1.568888,-0.021391,-4.692225,-3.173054,0
-0.559448,1.608902,0.530405,-1.769346,0.910810,-3.101034,6.724136,6.936878,3.240816,1.078775,1.738541,-2.276682,2.850956,-0.047117,-2.281462,5.722298,-0.949631,2.316383,6.413998,0.295746,0.914766,-4.047432,-0.455292,-1.895857,-1.680302,0.320641,-0.448755,5.594284,2.857124,-0.887289,-6.984522,-1.231077,1
2.554598,-2.601009,-3.065907,-3.023190,0.886627,-0.323429,-4.542002,4.357109,-4.874361,9.215780,-1.627113,0.956171,-0.082640,5.301184,1.580679,0.371222,6.328228,-0.376648,-2.069115,-0.007750,2.651560,2.267691,11.943941,4.917242,7.178938,-4.773344,-6.971315,-0.165668,-2.014187,-2.462345,-1.628391,-6.319839,0
2.551113,10.701881,-1.682159,-9.695170,7.102373,-1.292263,3.200556,-8.019818,3.060129,-10.426660,-0.376932,9.960651,0.183014,-6.532689,-1.918461,3.069927,3.227617,-2.128035,0.792610,4.410570,0.966944,8.642853,1.439037,-5.331260,-4.899437,4.727140,1.376293,-6.336524,5.914183,0.485788,2.987196,4.044617,1
-1.672506,-1.345640,-8.355363,2.127354,1.021582,0.552841,-2.476835,-7.265951,0.948917,-7.636123,4.360023,3.875204,0.200254,1.564287,-4.024471,1.920248,9.857374,-0.947906,-2.161299,12.687597,2.147764,-5.770193,-3.084003,2.535740,1.887709,-5.984083,3.303724,-11.509121,6.249924,-2.870209,4.772886,-1.598576,0
-7.990441,1.363634,-1.398510,1.231867,0.529699,0.591972,2.100422,-3.959078,1.669811,-3.194365,-1.066851,-2.287428,-0.239168,2.560589,-4.539040,-8.995219,6.529121,-0.829283,8.200619,1.308573,-1.630936,2.522310,11.700659,-2.121519,8.318827,2.478418,3.692019,6.123800,2.155712,1.087366,-0.799543,-3.857296,1
7.403898,-3.067959,-7.008472,2.995689,3.088722,3.715326,-6.817547,-0.413624,-0.775885,1.783903,1.374420,-5.111610,3.384909,4.382950,-3.964893,-0.169333,-1.604971,-10.805387,-2.705961,-8.053301,-0.932728,-2.517488,-1.593210,-4.019442,0.711094,-3.076324,5.823322,-7.684978,-8.441802,0.437744,-8.067183,-4.707346,0
1.973246,-6.511030,-3.107325,-3.631805,4.895956,3.171654,-1.203690,3.586094,-4.008671,2.686829,-5.296004,-1.549707,-11.144572,-0.067640,4.179350,-8.704554,-5.161224,-1.586618,-3.395115,4.049807,3.436590,-6.633283,-2.045540,6.586802,-0.184093,-5.375589,-5.224550,1.244049,-5.508968,1.924856,1.469387,4.153492,1
-1.882811,2.747265,-9.244922,-0.203032,0.593534,-3.558624,-6.551941,-4.139030,-0.333643,1.855448,-7.282193,1.947128,-6.472980,7.511223,-2.865402,2.673002,-4.366220,-11.858473,-4.507639,-1.246941,-3.475019,-5.701033,-4.395784,-0.055202,2.242821,4.303026,0.280869,-3.918421,-1.040424,4.308548,2.626688,-0.613794,0
6.297441,-1.028709,3.318054,-2.721819,3.039766,2.671070,-4.302317,6.656660,3.044174,7.615700,-1.971634,-2.887903,3.692970,10.990007,7.217203,2.422140,-2.683033,0.225275,1.505550,2.060736,5.461052,2.096188,-5.133205,-5.526700,-3.157715,2.628166,3.165348,-3.046421,0.226362,-2.960234,-0.462595,-8.508137,1
-7.754957,-14.488661,1.301258,-5.102554,12.372282,-4.930954,-0.700172,-5.599974,1.921003,-0.059210,0.198624,-3.579685,-4.136042,-6.199398,-3.692043,0.348255,-5.957905,4.277954,-0.151234,-1.106112,-5.397703,0.238281,-1.939177,-4.709356,1.041412,-0.925339,-0.863722,-3.313549,2.813292,3.257891,-3.019224,-6.163939,0
-9.764518,-1.834675,7.473347,3.277327,3.824968,-0.206976,-1.693504,5.231676,-5.836714,-2.565918,2.206955,0.454081,7.768507,-5.267624,-0.051807,-5.084208,0.080574,-0.373579,4.487448,4.350719,0.897049,-2.247274,-1.777950,2.495323,8.771961,7.443424,1.141665,5.324799,7.796499,-2.551456,6.198009,4.930389,1
3.485939,-4.661089,-6.051867,0.190100,-1.352341,-2.602161,5.095369,-9.495192,1.717751,-9.098994,-2.495735,-5.228874,-10.999623,7.721910,-5.838774,-5.513824,-4.877373,-8.348120,1.151045,-2.882761,1.997469,-3.655191,-0.838764,-6.113922,-4.058367,0.155981,3.176943,2.509457,0.812948,6.716026,-0.694996,1.200163,0
3.320433,-2.930496,5.332737,5.975496,1.895033,5.565304,0.667135,1.170593,-3.471291,-6.073309,-5.400986,-3.031834,-1.117043,5.253283,-0.165127,-2.035730,3.870993,-0.181023,-0.877617,3.195044,-2.197706,5.503424,-5.980091,-8.798999,7.736263,0.996552,-1.041710,0.723457,2.466108,8.300503,4.826488,-0.421322,1
-9.707880,-0.798563,-1.109510,5.586241,-5.252569,-6.000792,1.046555,-5.564291,9.535486,-2.870375,2.284225,-4.016870,0.105556,-10.602529,-4.898413,3.931759,5.735083,-0.925331,4.583324,-3.686123,-0.676569,-1.975107,6.318974,3.049566,-3.582815,-4.523264,1.694349,1.760124,-4.382088,-10.453046,-0.698126,-8.710611,0
5.037579,4.178459,5.234749,-2.994270,-3.539904,-2.197790,4.466175,-2.778931,7.811239,4.365479,2.980677,1.140001,-3.243458,3.177275,8.375277,5.264627,0.947483,7.344563,1.052578,-1.917198,-0.132526,4.118935,0.398270,-2.314819,-0.078449,0.661747,4.545675,-6.206995,-2.803734,-0.456604,5.984964,-11.932924,1
-12.105380,-0.934696,-2.010008,-0.112822,-6.782103,3.428293,-2.065805,-0.056395,-3.908308,-6.343706,5.298668,1.990372,1.699692,6.775360,-4.845144,-8.187327,-4.678305,-4.869095,-1.236515,5.808350,6.920851,-1.665520,-5.708340,-0.883125,-1.662701,-6.975096,0.366055,4.125462,-2.139990,1.570713,2.388912,-2.824081,0
-4.143042,-0.468912,-2.386370,8.538982,-5.248288,10.377111,-1.411770,1.283655,-1.388472,4.534588,-1.898678,2.526358,-6.104458,5.553675,-6.681423,-0.099495,4.418554,1.516031,-2.516539,7.176418,-6.196044,1.833530,-6.474408,7.700941,-6.028418,2.727587,-2.446337,-0.097370,5.172321,-6.778370,5.133724,2.395000,1
-1.747528,0.942741,5.101337,7.926506,6.268259,4.703821,3.498575,-5.842463,0.155310,-4.470932,-4.620945,1.201290,-1.850559,0.777561,-4.431000,0.681715,3.008482,-9.112618,-3.517082,5.124075,4.195974,0.839155,-1.695412,0.751694,1.960157,4.288116,-8.087869,-2.904362,-6.547459,-6.408260,-7.565213,1.167761,0
0.512072,-0.304453,-6.233451,-0.435301,-3.035255,-0.748133,7.392555,6.942759,-4.718781,2.259670,3.729826,3.167044,-1.517656,2.847136,7.376963,-1.144468,4.647772,1.639030,-1.682264,5.411545,-0.616434,7.044121,9.172131,3.187769,-0.844812,-0.663181,-4.259560,-11.797646,3.599154,0.870733,2.361713,2.031048,1
-0.221367,-4.402819,-7.152481,0.476244,1.482384,4.337248,-0.026777,-3.962465,-2.593258,-2.044140,0.221514,3.609304,9.248404,-5.345116,-6.285301,2.817621,5.116320,-3.796331,-4.308609,0.276121,-3.280836,0.899624,-1.985727,-2.107843,-0.253717,1.231558,-0.250809,2.234003,5.374945,0.057440,-0.108740,9.056623,0
-8.166832,-0.456427,-0.503126,-0.603769,-1.647980,-0.362461,0.056328,3.958519,0.058945,2.083914,2.663227,2.408010,14.165209,4.151443,-3.614809,0.196419,5.063263,-6.392769,5.328503,-0.267567,-3.220711,8.223650,-0.717310,2.361629,-12.818432,5.191687,1.709209,4.690987,-1.064491,2.684439,-7.536807,0.484495,1
2.204769,-12.451841,5.913157,-7.152590,2.536695,-0.710741,-3.235788,-5.935278,6.122766,-1.156898,1.130796,-3.654005,-5.314888,-2.793383,0.561714,0.168600,-0.628792,0.729126,-0.051954,-2.512661,-5.625746,0.604540,-0.521231,-6.841759,-2.737673,-5.177057,8.473742,1.863571,7.376345,-0.396961,-8.195950,3.369734,0
1.702738,1.427219,1.237873,2.979116,2.610363,-5.109339,5.710783,1.953823,-6.293898,-0.978603,2.691614,1.929581,0.925575,-6.860333,-1.768391,-3.764965,1.492804,2.988728,8.926016,-2.247454,3.689087,5.240856,-6.456481,2.438328,-3.445070,-4.601454,-4.890951,-0.928986,-4.441137,2.721163,1.405979,-5.415410,1
8.260302,-3.476067,-4.458572,-3.851208,-12.246867,-6.383989,-7.076225,-7.445376,3.031561,-3.030888,1.665024,-0.182270,4.799395,-4.379044,7.142317,-0.678059,-2.432425,-3.635160,-2.494188,-5.316507,-1.738344,1.219011,-2.333775,-0.169495,-3.295860,2.355137,-4.115219,-3.217316,-0.890352,-0.176609,-3.689934,-4.337400,0
5.366766,1.035477,-6.947389,4.832918,4.336380,-2.182133,-1.262432,3.785795,2.558830,2.988304,3.343643,0.186148,6.453012,4.610573,0.302776,-0.103851,5.342869,-1.011446,-12.622561,1.384562,-2.002426,7.689547,5.859482,4.192036,-1.239285,2.018074,2.991325,-0.318037,4.733349,3.938248,-2.160522,-1.337395,1
2.940338,2.282576,4.404854,2.812134,1.235264,-2.299698,-4.980473,-2.181528,-1.549740,-1.417208,-1.018599,6.455034,0.999796,-4.587307,-6.270569,-4.908728,-2.526110,-4.881092,-4.978806,-5.687140,-3.350090,-6.332714,-0.746428,-6.041010,-3.144674,0.101673,-8.261056,-2.038780,-0.041140,-8.274361,4.822163,-3.907825,0
0.466162,1.232430,3.752499,-0.773474,2.719767,-5.471724,4.053757,1.226517,5.058270,3.015705,-5.917003,-9.396739,-1.829248,13.569590,-3.793306,4.805216,1.751551,7.368385,5.183975,-1.789640,-4.315203,4.884319,2.070450,6.180626,0.026131,7.225880,-4.695608,7.435499,-3.077744,0.212934,1.514248,3.788742,1
2.857891,-1.372843,1.503702,-0.069788,2.572845,1.755638,-0.769339,-10.240887,-4.222296,-1.295717,-2.026976,-4.998888,-4.317644,1.655802,-3.898170,-6.442694,-4.982601,-3.778135,0.797096,1.432987,-2.098227,-6.203726,5.635263,5.898790,-5.110804,-3.350929,6.987181,2.290255,-2.870943,0.252630,-6.864746,3.693836,0
16.666372,-0.153913,8.187038,-8.118565,1.272406,5.957407,0.150869,4.106176,-0.754892,0.057135,3.469337,2.340057,2.427616,4.252436,-2.409618,-4.751690,2.687916,1.907938,-1.570997,-0.058723,1.587261,-2.892025,0.396132,-6.434172,-2.857502,-4.406977,-0.485949,3.257774,-0.272951,1.929543,2.051968,0.839878,1
1.709085,1.196718,6.032520,3.658140,-8.793065,-3.279465,-4.839344,-2.945005,3.268595,-1.406673,5.167959,-1.048256,-3.180042,0.009077,-4.757273,3.352724,-5.003981,-1.625652,-1.990141,-0.358467,-3.337688,-0.404978,-1.907787,-5.688431,-1.587006,-0.653772,-1.660328,-2.830256,-4.172421,-3.864773,-8.196898,-2.851204,0
-6.255763,12.719206,-4.730612,0.478899,-6.497931,1.986118,-5.196740,4.475687,3.072338,-0.537621,-5.297951,3.400017,-4.323072,-0.491608,-5.772210,-0.742594,1.068964,2.651600,-6.206686,0.318247,-3.834282,-12.191281,2.562325,2.697577,2.565954,8.136869,-1.787054,0.095499,1.591522,-1.760355,-2.518202,-4.691910,1
-1.278385,2.404602,-2.507349,-1.599812,1.738632,-0.994883,-3.041445,-2.026823,-0.600325,1.997505,0.381634,2.211271,4.836180,6.966101,4.031412,3.201586,-6.727180,-3.404829,-0.404184,-8.448257,0.231615,-6.235300,7.463654,-2.308210,-8.574542,1.393396,-1.772823,-5.628674,3.513100,-3.664753,4.717634,-4.961634,0
-0.566885,0.057472,0.180195,5.815546,-2.951620,-1.293617,-1.820889,-2.393900,8.162003,3.425903,5.455566,1.398262,2.178310,3.514818,-2.549355,-1.759825,-6.433203,-5.063035,-3.336399,1.613136,3.779863,2.402550,6.467678,-2.072849,1.913576,-5.669550,-0.833744,1.136612,1.458376,-6.875059,5.658201,1.459105,1
4.701143,-2.146107,-4.882950,0.004774,-2.671698,-4.136404,-2.595869,2.298862,-4.511805,-0.842386,-5.588066,2.394608,4.870777,-2.787773,-5.227516,5.638668,-11.037529,-8.511360,-0.145033,2.431704,0.084045,-2.001919,3.502024,3.121544,3.027676,8.713467,1.838270,1.264927,10.449060,-4.058451,-6.551113,-1.928049,0
0.310942,4.378176,0.502207,-4.580187,4.945398,-6.366392,-2.082998,8.711199,5.908619,-1.985666,-0.456306,-3.282545,2.665714,-5.349925,7.686401,-1.844412,-0.811590,7.042692,-0.206306,0.803389,-2.601448,-0.099546,5.719927,-2.321838,-0.640900,3.184513,2.417591,-2.335609,0.343311,-2.062912,6.286554,3.852869,1
-1.742996,-4.410061,-8.158631,-1.809807,-2.573845,1.793993,-6.610239,-2.833815,-1.306635,-4.602055,0.050568,-3.040342,-4.820387,-1.558865,5.977272,0.178085,-5.643373,-5.395288,-5.458456,2.643320,-3.201969,-12.148656,0.451803,2.920015,-2.905901,2.547768,-2.492460,-5.681723,-1.877254,-2.139854,-5.310545,0.146866,0
2.211605,0.140881,0.951576,1.544422,5.929262,4.183708,-1.026144,-6.309395,7.943499,0.548029,3.685974,-0.031845,0.110664,-5.411893,2.768923,-6.504395,6.976061,4.589941,3.751078,3.151369,9.594501,12.103964,-2.387953,5.510788,9.058582,6.297899,-3.522284,-5.095684,-0.595497,-2.478405,0.954479,1.251926,1
-7.787235,9.080107,-2.278786,5.423845,2.580433,6.927307,-13.296864,6.695612,2.215242,-3.470625,8.714895,-2.548872,-1.517086,-5.574265,-0.125671,4.865244,-5.273880,-7.227111,0.218723,0.665232,-13.619242,-2.422876,-4.544821,3.981256,-4.308161,1.122705,1.879049,5.687181,-7.510622,0.924486,-11.990954,1.973713,0
1.777546,-2.786844,5.176546,3.550909,-1.883991,0.866737,13.173471,-4.455858,-1.060186,-2.033665,-0.034376,6.639677,3.086908,9.583014,5.230715,0.732704,2.141521,4.084524,-2.646978,4.218103,-3.183901,-8.048486,-1.770927,-1.323175,8.492577,-7.517492,2.979982,-1.799194,0.234730,6.135553,-4.584690,0.256706,1
-3.623590,-4.983978,4.118895,-7.324108,-6.980412,-10.437642,0.483292,-6.598785,2.804182,-2.307030,2.281006,-1.523365,-4.804131,-8.702138,-3.418669,-5.656248,0.959360,-1.645256,-6.935921,-2.825251,-3.328119,0.822651,-11.010824,7.569132,1.726540,-12.821392,2.015453,-0.451077,1.241201,-4.015429,-8.431163,8.287933,0
4.639690,-3.076006,6.302889,1.683838,10.920115,1.204905,-8.685050,-5.079646,-4.942244,-6.444366,10.292862,-1.944681,6.852436,4.681456,-4.714115,3.411802,-7.626439,-9.397498,5.057098,-0.590960,0.543703,7.385649,0.063868,0.786148,13.296099,-0.811880,7.586552,1.918367,5.851126,2.016926,13.229467,6.119663,1
-0.781731,-2.190361,-5.953156,-0.637066,-0.664280,1.511707,-0.722609,1.222673,-6.306122,5.757130,-2.578442,-4.283857,-9.984836,-7.171849,-3.360853,-2.218712,4.223284,-2.540199,-4.318525,1.311884,4.542931,-1.465485,-0.135900,5.257185,6.157621,2.330591,-5.731974,-4.497910,0.719070,-4.873524,-1.985710,-1.764732,0
-3.822903,1.062502,-3.149137,5.614092,3.922955,-2.007742,-1.284346,4.585974,2.473434,-1.417566,-6.194613,-5.635301,6.153532,4.345890,6.858864,3.476286,-1.902100,0.648380,-5.981248,5.122910,-1.551071,-4.311512,-5.932985,4.624422,-1.179312,2.116892,1.891087,-5.091552,2.698853,1.744093,0.565205,1.686180,1
1.916958,-0.387735,-3.431833,-6.980900,2.251270,4.968639,1.402185,-5.377867,1.841030,5.366718,-0.790401,-4.038866,5.117432,5.964056,2.091499,-1.931152,1.152954,5.424623,1.177650,-4.626835,8.665407,9.775988,-3.467190,-5.629723,4.412777,2.472149,-3.392508,3.068613,-4.254728,3.984846,2.659321,-0.376331,0
4.267658,1.201733,7.434164,-1.675608,-3.063055,6.695879,1.119818,2.031260,2.211037,1.263952,5.571762,-2.478491,-1.468569,0.931942,-2.635769,3.236176,3.134586,-1.901142,1.365469,-3.813278,6.450481,7.887362,6.805973,-3.844404,-2.700005,-1.967035,-4.280415,-4.891661,2.493423,2.440447,4.263868,-0.380878,1
-6.338226,-1.987137,-1.909449,2.607281,-0.503439,-2.048027,3.095860,-0.224781,5.255573,-6.603804,-6.064117,4.608742,2.364195,-2.165054,-3.020889,1.208622,-1.420340,5.256363,2.860649,-0.307699,-8.187578,-0.491346,-1.724585,-5.390505,-3.004429,-4.980375,-0.333021,2.784164,3.985199,1.337580,-1.956188,-7.761440,0
1.519508,5.140656,7.378885,5.179182,9.639881,-2.486996,7.075611,-6.224671,1.092236,2.659821,-3.171309,8.030691,-8.508289,-3.416824,-2.129402,3.856697,2.980330,-4.356026,4.393681,5.136873,3.750078,-2.100822,-3.408442,1.082058,2.001156,-0.441694,1.999853,7.764568,-4.623480,2.305407,3.338589,0.510305,1
-6.854677,4.360979,1.579344,-0.763947,-2.114635,-8.423949,-0.026142,0.004498,-4.961899,1.828802,7.734390,4.617403,-4.626492,-1.456018,-4.460192,-0.706062,5.964392,2.204168,-1.035505,-0.011679,5.539825,0.786108,-2.930166,6.305937,-7.260064,-3.919479,4.219078,-3.580507,-3.749451,0.366148,-0.853046,2.687254,0
-4.668949,-5.699299,-5.269424,-2.318764,-1.648958,-5.580446,-2.434393,-3.993128,-1.592743,-4.770292,2.442289,-1.354662,3.077919,0.758297,-4.295759,-2.694323,4.387053,-2.716904,4.530123,-1.452637,0.221424,3.117033,2.469542,1.012548,-2.134161,-1.154617,-0.150372,-4.383556,9.973221,-0.082979,1.166464,12.171961,1
-1.486109,3.153395,-3.522158,3.281137,-7.678173,0.824770,-1.259693,-9.148032,7.944675,5.564281,-3.441822,2.249018,2.912991,4.826775,4.027763,-0.111137,0.967230,2.030817,-2.845226,-8.565363,0.076822,1.031237,-8.818182,-0.823999,-3.242271,-7.401412,0.164654,-3.581251,0.334011,-7.097109,2.758652,-1.080256,0
-2.105474,-4.992083,6.589392,2.999998,-3.983521,9.239973,-5.017675,3.088503,-3.466635,-1.728317,-1.323717,6.214357,-5.708779,2.313932,3.272264,0.424606,-0.570791,4.250740,1.524879,-2.898298,-3.754341,6.857548,3.536455,0.187695,-3.578766,9.324684,-3.960384,4.920340,-0.778599,6.189583,1.114803,-2.064053,1
0.822292,-9.505326,5.522192,4.534676,0.384148,0.381094,2.444443,5.181854,-0.689852,-3.755926,-1.253469,-4.723013,-3.421661,-1.787819,4.644236,-2.113276,2.072277,0.910660,2.076910,-1.311670,-2.245565,4.154984,-8.484958,1.226410,6.362196,2.507387,1.549562,-1.174599,-1.510015,-3.977852,-4.025139,-10.270265,0
-0.338795,-0.847967,0.725620,-1.386976,-0.190870,1.235502,4.571238,-4.698448,4.071011,-2.664152,-1.252113,3.544983,1.767168,1.191692,4.191795,2.433750,5.385880,0.352238,6.942024,-0.595558,-4.162245,-4.082655,5.091879,8.149944,4.735292,-2.272589,-3.268791,-3.355158,-3.242018,5.775492,6.963083,1.103001,1
-0.977224,-0.957573,-2.723764,-4.038677,-0.605108,-4.928495,-3.299259,-0.219759,-12.372807,-7.600658,-4.370758,-1.597553,3.334366,-6.174814,-2.709524,-3.100592,6.449099,1.097916,-3.566751,-0.704556,2.253424,4.466904,-6.471975,-0.818964,-12.611824,-0.923183,-3.276039,6.767036,5.016296,6.766312,5.583948,-1.100140,0
-2.478628,-0.867392,-4.774179,3.046831,1.625393,-4.449121,1.693102,-10.841022,5.509481,-4.479584,5.136112,2.218082,-2.074881,5.833448,5.366047,4.773411,-1.640291,-3.098387,-3.548685,6.907637,-0.708050,-1.084280,-1.808384,6.721750,3.419474,-7.731434,-2.535404,-1.433151,2.849485,7.581465,-3.352062,5.040079,1
-7.261017,8.351986,5.174931,-2.502756,-3.896481,2.672892,-5.308851,-2.085148,0.189983,2.167040,1.688719,-3.466848,1.907497,-0.417755,-5.663328,5.339951,-4.652723,7.268270,-5.692329,-6.849792,-8.842565,2.548925,0.707087,-4.139622,-1.848898,-5.276972,-1.245573,-7.891171,1.479849,2.990013,-0.405224,-1.519567,0
-0.465490,-8.115135,6.957878,-2.627974,-3.597563,10.503099,-2.037178,3.680538,-0.998695,1.804449,-3.030066,0.551811,-4.018988,8.028669,-1.968431,4.491802,3.113865,3.892836,6.618382,4.606699,8.183632,3.512869,1.353933,-0.386417,2.161690,-3.980097,-1.337337,-4.072800,2.743874,5.608719,2.779989,1.142019,1
-5.226805,1.727716,-4.667475,6.425808,5.256685,3.213640,-0.342245,-5.027527,-3.168573,-1.801250,2.790264,3.244278,0.275620,-9.635057,-1.310350,3.556108,7.065594,-2.626514,-0.139210,0.489706,-3.620762,-0.705933,3.847622,4.821550,2.647926,-0.805285,-2.926018,-4.209476,0.267929,-3.714256,8.549463,-3.112604,0
1.662321,-0.777994,2.495106,7.996059,-7.639575,6.253572,-1.519833,-5.278833,1.167952,5.438984,4.099930,-5.314838,-0.544146,8.988295,-0.849930,1.414959,1.207224,-0.551048,7.574348,-1.280964,0.656645,7.426434,-3.008615,11.094748,3.667826,-6.501613,6.661970,-2.946474,5.904716,1.493786,0.564375,5.014748,1
1.026114,-2.183390,-10.170334,2.663977,-4.340939,-2.269995,-3.192955,-6.858187,4.815014,5.014534,3.925730,-0.139906,-1.363131,5.013288,2.029890,-2.224876,-4.104673,-3.127277,-7.184333,0.970116,-7.123716,2.046217,-5.269293,3.000515,5.800480,-7.076048,-5.986898,3.395485,-3.360537,4.021080,-1.530457,-7.196269,0
-0.752615,4.869036,3.298353,-3.355591,6.705788,10.258188,1.067202,-2.139988,6.000875,9.605070,11.301023,2.812609,3.449961,2.492737,3.992901,4.665663,-0.853369,3.288721,0.689447,-0.769669,-4.480534,-4.579533,2.558590,0.913200,1.610085,-0.101847,-2.556221,1.327375,0.190145,-0.787067,4.799480,-3.003275,1
-0.565750,-4.122517,-7.060608,-6.641747,-7.484690,-4.898098,-5.412788,-5.411795,-0.224941,-2.868244,-9.833357,1.361309,-6.248148,3.614765,4.735933,-1.236916,-12.749950,-1.113029,-0.471397,-6.026712,-1.114164,-6.209337,0.061296,-1.231112,-0.400579,8.775217,-4.821503,-4.284433,-6.012613,-1.623053,-0.152676,-8.476297,0
0.174850,1.003721,-2.658159,0.286911,0.443491,-1.452343,9.259283,4.228626,7.285686,8.788479,2.109600,0.581694,4.298923,3.154728,-2.791565,0.511839,-4.717072,-0.121113,3.486181,4.222219,-3.544407,-5.172358,3.901880,3.315971,-1.429079,-1.703262,6.494740,1.971739,1.254150,2.498573,0.538752,2.000710,1
3.800505,-2.916901,-0.006823,-6.256262,-0.291864,-4.184050,-5.870304,-1.987453,-6.176485,-9.031575,7.107712,-5.611824,-6.277645,7.668499,-3.312574,-5.141289,-0.960716,1.129049,-3.448746,-2.351784,-4.327337,0.221031,3.802324,1.528908,-1.477266,-0.155321,-1.556789,1.494417,-1.959167,-2.627659,7.055822,0.512756,0
7.305819,-7.086053,-2.606937,9.339567,-2.480057,-0.758486,4.898432,-0.031603,-1.439819,-0.614069,-1.216908,-1.647865,-2.135654,8.023252,2.842110,2.081556,-0.134087,0.198092,-1.106142,9.129257,1.313931,7.758394,-3.125759,12.301966,2.602270,3.388678,-0.370647,-0.359097,-4.350098,0.729000,6.247244,6.905085,1
1.675243,-4.440218,-10.329668,-2.236456,-5.475788,3.116596,-1.321957,-1.526854,0.051041,-1.208248,0.038446,-12.530152,0.251274,0.623289,4.754520,-4.210972,-1.353880,-1.327103,6.859570,7.374685,-1.499731,1.780216,-0.920303,2.209429,-4.676065,-8.249215,-3.497778,7.529510,6.623409,4.370388,5.251886,5.778721,0
9.352192,-1.530836,-3.901632,4.721581,4.320225,2.908642,5.496168,0.315351,-2.693079,5.628326,-1.696577,-8.419125,2.370674,-1.556168,0.501820,5.265217,4.672071,-6.495776,2.045210,8.507891,-0.618973,3.479155,-4.911974,-14.599873,-4.410816,-7.916952,3.139267,-7.784694,10.260502,5.201422,0.153912,6.145313,1
-0.100914,-3.445534,3.717604,0.442680,7.323999,-6.353231,-3.019079,3.056055,1.769573,-4.296972,1.588352,-8.334841,-1.046965,-7.643670,-4.223814,1.821201,-0.799059,-1.245913,3.638966,-6.383966,4.100843,-1.529751,-2.354668,0.070372,0.230825,-13.729377,-0.826166,7.026943,-0.536318,0.026777,-4.495226,-3.348494,0
-6.684621,-7.041472,-6.638432,0.567102,9.810160,-5.402068,-3.186897,4.403511,-11.534842,-4.614019,0.479574,4.570354,3.171446,-1.947111,-3.295076,8.394701,0.105986,6.852942,-10.673631,-0.698111,-6.736742,-1.750376,4.672583,-0.417759,1.932501,4.217325,-0.138441,8.968897,-4.508068,-3.497719,9.531374,-3.306606,1
-2.950115,-5.572632,0.512451,-8.065026,-2.816423,4.999273,-1.849510,-4.417246,-1.122328,-1.436646,-9.055293,-0.753784,4.260172,3.183769,1.617546,3.208845,-1.396336,-1.467932,3.484541,-11.291278,0.178999,-9.714005,2.448223,5.497402,-1.441347,-3.708002,-4.626762,-4.945234,6.791422,-4.647747,-0.866220,-6.201122,0
-5.263199,0.927765,1.212397,-0.218922,-4.886967,0.444859,-2.988441,5.312496,-1.807516,1.205360,1.491802,4.309643,2.943520,-2.264326,2.268684,-3.860514,10.756592,-0.612387,3.590830,3.476698,2.545128,3.438103,-2.824116,4.931938,-2.606609,5.316557,0.349211,2.967440,3.026381,-1.612583,4.146730,-0.131121,1
3.706827,-1.207689,-4.544975,-5.431149,-0.938601,2.682814,0.172302,-0.266825,9.741514,-2.951836,1.992340,-4.449123,2.857277,5.290918,-1.100000,-1.463728,-3.140049,-2.803593,3.505238,3.726191,-3.534273,-2.143461,-3.902044,-0.863218,-1.709631,1.758808,0.870806,-4.289341,3.561916,-4.804253,-4.782019,-1.684872,0
7.206484,1.791389,4.761021,-3.959301,1.954781,1.017298,1.291405,5.077593,0.823126,1.940092,0.099718,-0.246450,4.034477,6.943462,-2.475586,-4.544437,0.060768,-4.326393,-3.985300,7.046471,-0.637522,7.010044,-1.764860,4.650537,-7.138667,7.075321,0.127726,-0.188202,0.661575,5.122173,-3.486916,1.973297,1
0.003809,-0.780628,0.122143,6.802299,1.149973,-0.633163,-7.316404,-0.556482,-0.001383,-8.261822,-6.146173,-0.907246,-0.669542,1.273232,4.692541,-4.205187,3.349581,-3.729851,-2.038391,-5.554779,3.164217,-6.120823,1.960869,-3.234713,-4.154282,3.915960,1.546963,-5.546036,4.915859,2.527695,-1.914850,-2.081369,0
7.640974,3.405466,-0.815289,-2.610405,1.957081,5.004551,-3.192724,4.099039,-0.205929,-3.789806,-1.195465,3.495398,7.533792,5.037394,11.307394,-1.539980,13.333635,0.829323,-3.615875,5.452930,1.615582,-3.385511,0.605658,7.049704,-0.793472,6.495781,1.754171,2.793520,9.768049,-0.350014,3.197954,5.188715,1
5.885345,-3.677879,0.844076,-2.925762,-5.721025,-10.380601,1.247673,0.736523,-1.899010,-6.680758,-5.617249,3.776026,1.889858,2.723822,6.562099,0.680792,6.957052,-1.681469,-0.806654,-1.576605,7.543613,1.316622,-4.068964,3.725952,-0.689854,-6.002827,-0.798584,1.654247,-7.044144,-9.001800,-0.164082,-3.724968,0
-2.818317,-3.944420,-1.057533,-0.779495,3.712713,-1.632862,5.580387,2.580845,-7.776789,6.110195,-2.700426,-2.523527,3.626871,-0.897152,6.612473,-4.686504,-1.244366,-0.825821,5.520855,-2.364037,0.596758,0.818249,-2.763016,1.601925,-0.563847,-2.759884,10.203121,7.435888,1.033075,6.457985,6.055328,-3.598331,1
1.697441,-4.728771,-2.861891,-7.761109,-0.618584,0.996672,3.539427,-12.671817,-10.655169,-2.907701,12.665861,-5.528643,-3.800726,-4.513866,8.108728,-2.155138,-3.104021,-2.158546,-8.143435,3.227064,-8.144835,2.475014,-0.785933,-0.076946,-6.591482,-2.388321,4.142681,-4.738190,2.376499,1.859936,-3.009291,3.130781,0
-6.224624,-3.375145,-0.555532,4.295156,7.158157,-0.937836,4.578295,-3.343121,-4.538042,3.433941,10.799706,-6.457480,1.469259,8.247601,3.530258,9.077522,4.826021,0.980909,-4.820875,2.166908,-6.275962,-5.984412,-7.753557,-2.918940,2.816021,-3.966618,3.098034,1.236130,6.753494,0.164011,3.714478,-2.359076,1
-5.564415,3.541464,-5.858084,-0.667763,-3.953699,-1.012152,6.807110,-1.498632,-0.654940,0.352980,-9.247461,0.989840,-4.382141,-8.301067,-1.620153,-2.153973,0.851723,4.102247,3.153341,-5.234615,-6.062557,-4.023945,-7.138581,-5.966087,-2.684813,3.319868,-1.445974,1.842562,-0.785286,-3.787018,9.982924,-5.479742,0
-1.650288,7.825018,6.151505,-0.060686,-3.080446,0.506184,-0.446737,-5.142725,-0.070211,-2.808643,-1.747803,-2.635574,2.584963,-0.519537,4.499308,5.101000,4.629141,0.264017,-13.420409,-0.406507,9.435242,3.256233,0.393354,2.030720,-2.249170,0.586485,4.092808,-3.727957,5.983168,-2.350534,1.473917,-3.989788,1
-8.447089,0.206224,-8.134793,-3.476011,-7.428168,-10.345617,-2.508207,-3.048340,-0.623709,-4.422522,-1.050184,3.670416,-0.968943,-1.204206,-9.643315,-1.030560,-2.351097,2.159174,-9.788266,-8.292062,1.343790,6.713789,-4.232475,2.040564,-5.080843,0.370943,5.493992,1.904818,0.697855,-4.345900,2.323675,-3.517653,0
3.497509,1.548649,0.152069,-0.021997,-5.154703,2.316036,-2.360815,5.746824,-4.470978,4.957499,4.437056,-4.201761,4.137791,-1.957352,4.831005,-2.123724,10.397760,-3.294079,8.249569,-3.065287,0.136250,-6.412357,5.518152,2.702671,2.416327,-6.143883,2.454557,10.202770,3.352573,6.744967,-0.060978,-0.993053,1
1.522985,7.377052,-6.809963,-3.838831,3.141607,0.217379,-5.537233,-8.544433,2.368340,-3.720030,2.401175,-3.765934,-5.031445,-0.261438,-1.937321,1.589907,-0.193808,-1.877569,-6.074814,-4.807396,-5.822710,6.345457,-2.966816,1.958076,1.440252,-0.858286,1.700300,-2.111677,3.377724,0.676016,0.819614,-8.620207,0
6.604797,2.636921,-3.155518,-2.153534,4.024069,-4.163553,-0.353739,1.309273,0.557638,-2.452921,1.292625,2.771456,-4.594307,0.565022,5.435799,3.916922,-3.910076,4.374445,6.725534,0.187029,-9.705070,0.398481,7.323240,-1.698423,10.326948,6.908762,8.747778,7.440298,-0.030056,8.146833,0.369314,-1.763422,1
-1.217285,-4.905806,-7.529031,4.976255,-0.433311,-3.016466,-2.817177,-1.862432,0.549389,-2.536964,1.800035,-5.385183,3.163025,-3.546326,-3.942471,-3.161654,-2.436691,-3.409805,-3.376755,-2.637066,-7.904879,-3.270741,6.982382,-0.833445,-6.003746,-6.805859,0.025978,-2.200779,-4.381086,4.356562,-3.271112,2.551107,0
-2.778282,-8.352674,5.098703,0.711458,1.380001,-2.452421,-2.798344,-3.359705,6.400124,-3.439064,4.974991,1.847635,7.223755,3.663073,2.683489,2.108389,1.610405,-1.744310,2.815071,6.515421,0.936750,0.571836,0.630009,-1.377243,2.226393,-4.922125,3.521774,-0.584249,1.755171,8.133217,1.751158,4.705189,1
5.220966,-1.273083,4.055761,-10.911994,-2.290865,-3.967911,3.236973,-0.753508,1.608032,-7.408243,-1.594383,-5.687847,-6.693821,0.602112,-1.831448,4.623051,-2.796961,1.432571,-0.247187,-2.933571,-4.136997,-4.943102,4.733009,-2.585146,-4.775812,-1.165785,3.979872,-6.758364,-0.635563,3.207186,-3.132952,2.267038,0
1.082859,4.938103,5.294832,3.570463,-0.121885,-0.467821,5.749147,4.902365,4.151192,-0.948809,0.159903,1.290854,-6.891920,2.723152,-0.017517,-0.745935,-7.700538,-3.964209,-3.835718,1.934439,-0.471466,-2.249718,-2.283346,0.058031,3.097326,3.268730,-2.072340,-6.554121,6.590839,-2.360828,5.989901,7.330120,1
6.143761,3.921879,-2.471804,-4.546423,-1.848976,-6.777134,-2.547655,-0.683754,-2.981461,-4.653214,-1.671389,-2.427231,5.012358,-1.341539,-1.915407,-5.263128,1.764894,-10.492047,1.082109,2.253761,-4.712461,-5.840889,0.550180,-1.626457,-4.900526,5.162643,0.119280,-1.239634,-3.103111,6.744843,4.199829,-2.639145,0
-3.166800,1.426964,0.224913,-4.158663,-0.232147,-0.247944,-0.111042,-1.723986,3.514961,2.978619,4.483919,7.980740,6.509623,3.275311,-1.612495,-0.634260,1.470314,0.560736,-4.606565,0.042797,-1.900263,1.569746,-0.651052,2.022964,-3.438446,2.035423,2.748959,0.963331,8.845556,1.641478,3.005350,3.756598,1
6.823971,5.823847,8.894323,-2.418434,-5.895552,2.812782,-3.595907,1.924351,1.357574,6.630764,-0.981560,-3.979731,-11.221701,-7.644842,-4.162449,-0.590773,-7.335028,-3.199076,-6.641838,1.864586,4.806246,1.587069,0.747572,0.153427,2.675924,5.034937,3.183453,-0.531822,0.083796,-1.957632,5.281132,-2.370293,0
-4.009069,-1.796633,-0.288109,2.104546,1.239998,2.712084,-7.791295,8.309191,1.111134,0.302259,1.292612,2.582041,3.684921,-2.560013,1.179531,0.182007,-3.729612,13.197115,-2.657854,6.138620,-3.280540,1.990625,0.168633,0.557022,3.403374,-2.576500,2.245216,-3.702820,-5.213387,5.373463,7.297613,2.104485,1
6.074383,-4.989315,2.061478,-0.395224,5.244513,-3.654263,-1.547974,5.401693,2.412680,-11.110105,-2.749674,3.821957,1.647398,1.454453,-3.804928,1.046608,-6.821447,1.253586,-1.557718,-4.108418,2.059151,-1.375731,-1.342310,3.792252,7.400484,-3.372517,-4.178524,-0.581287,-3.728895,4.858448,-10.575898,-3.240988,0
3.244598,-1.703541,2.295444,-0.907837,6.801178,7.077156,-6.355784,-4.100315,5.607676,0.805193,-5.116438,-1.719391,8.915810,1.995743,-3.147291,1.581245,-3.230675,3.683037,0.760740,5.130676,2.701155,2.716516,-3.498316,-0.595245,0.028084,1.406172,1.361420,2.851482,4.657688,-6.903604,14.053484,-1.870354,1
0.889704,-2.294840,-0.447592,6.141394,1.303249,-1.344521,12.323530,6.761742,-1.280043,-1.197838,3.670250,-1.887457,-4.769812,-10.296009,-3.544128,-2.958303,-1.160175,-5.311384,-1.725187,5.402014,0.036533,-4.285521,7.079960,1.376907,0.081944,-1.588192,-3.054085,0.313404,0.278625,-3.873598,-2.799065,2.126162,0
-0.127312,2.978216,3.806696,7.404604,-0.966988,-1.817129,0.347824,-1.592045,-0.660788,7.374939,-1.451235,-0.251810,-3.015266,-1.918255,4.185413,-1.293516,5.751541,9.453493,-3.140230,0.994871,9.420282,2.098640,1.156454,5.443295,6.467903,-0.673012,-2.916700,8.799088,-0.391876,1.073883,1.496641,0.894930,1
-0.906326,-6.289000,9.031096,-5.762754,-6.029144,6.778883,-4.467115,-4.802378,1.311136,1.664469,-3.451479,0.033016,-2.700108,-3.121399,0.472612,0.050783,-9.179087,0.214430,0.960091,2.886675,-6.197227,1.545683,-4.886368,-2.788223,-10.424611,-0.549507,-2.852255,5.332384,1.190805,0.099369,3.560333,0.059305,0
-2.718920,-1.445854,0.667614,5.137606,6.431412,4.901075,-2.142496,-2.448198,8.853235,-2.387037,7.940331,-1.617537,5.446432,-0.490213,-1.817188,4.279364,1.449011,4.149055,1.380053,2.509155,1.278044,0.730133,2.642082,-3.584576,0.799454,0.239140,-6.793287,-0.884516,4.338497,-9.568624,1.479452,-2.973267,1
0.038898,2.384499,-3.901722,-1.082111,-7.632369,3.632574,5.663179,-0.225145,-3.278591,1.306549,-3.409145,4.233080,-4.327419,-5.703693,1.444214,11.519655,-0.926945,-4.084717,-5.348581,3.358076,-4.674471,1.393751,2.250700,-5.532452,1.361757,-1.653324,-0.237394,-4.377855,-7.330180,-8.118930,-5.553677,2.904154,0
-1.141708,-2.019285,-3.159229,-2.000624,-0.022974,10.077204,-0.649662,1.054594,0.552975,-4.281313,-2.508993,4.187134,-3.499243,3.562506,-2.049120,1.700409,-4.897476,11.515081,-0.192326,-4.071497,1.539944,-0.519224,7.017317,0.167938,13.851301,-5.174840,0.357130,5.772079,-3.432547,3.226400,1.061924,0.792103,1
-0.900169,-3.752270,3.994074,-2.380547,3.208122,2.234138,-1.520111,-4.840702,-1.074556,-1.201818,2.234098,-1.883724,3.444092,12.659002,-3.036074,-3.119570,0.820499,2.630527,2.888605,4.648802,-1.708517,-4.060711,-3.033695,0.249414,2.734812,1.052353,5.813204,-1.412548,-6.509930,-0.882460,3.121881,-2.246817,0
5.304272,8.078779,-0.917894,1.965439,-1.301088,-2.618034,-8.719203,8.996302,9.566483,-14.207581,1.343582,2.942867,4.909443,4.052151,5.420441,5.410580,0.248306,0.821842,4.883728,-1.595924,7.389351,1.185171,0.560684,-0.332150,-1.489210,-3.295311,-2.938629,0.388315,-3.841425,2.607718,3.922644,-0.820843,1
-0.122847,-3.895897,1.005947,-1.542137,-6.035206,1.964455,-2.465733,-6.590227,-5.803911,2.901373,-14.883793,-1.674255,-4.488623,0.997480,4.035444,0.618973,-0.941076,-0.041010,-1.447666,-7.939909,-0.314831,-3.303841,0.056849,0.234299,-9.214449,-4.107450,-4.710766,6.790773,-1.358976,-6.560926,-4.365837,0.709963,0
-3.043667,-9.044514,3.106918,-2.525444,-0.025610,1.364264,0.111341,-4.187565,0.752148,4.050266,1.801147,9.468294,10.284168,8.498312,3.047567,6.240957,-1.345213,5.351635,-0.783678,1.963505,-2.375145,3.322786,2.252146,2.984785,-7.115785,-1.033857,6.411980,-2.666100,9.586639,5.800966,-2.633253,4.319216,1
-5.325630,0.600428,-4.140757,-1.603159,-3.102095,-0.563341,0.119616,-1.205992,0.470545,-3.673260,-5.805311,2.585228,-0.824490,-8.546064,-3.063246,-0.017609,0.192249,1.425625,-1.617788,-5.492090,2.992176,7.312254,1.288855,-3.645155,-2.100349,9.098635,-3.851734,-4.599207,-2.259951,2.530708,2.293884,2.606363,0
7.350525,-1.081656,2.563999,4.776779,7.545734,-0.686523,3.068972,1.052340,3.541208,-2.803907,-6.376658,5.137972,3.181885,5.169477,1.674543,1.014542,3.032639,-1.401197,0.684109,0.336048,6.088169,-2.549170,4.339005,7.425333,-3.899187,-3.617950,-6.331186,1.329794,-3.929602,5.191488,-1.141453,9.377127,1
9.474119,-1.715923,-6.686565,0.083344,-2.630388,-3.751848,-0.182100,2.168936,-0.056797,2.923450,5.414000,0.940416,-9.156590,3.235229,-1.373051,-0.782326,0.727400,-0.599501,-0.864754,-7.874911,-7.666226,4.013178,-0.656900,-1.317190,2.820841,0.168785,-9.127215,-4.660006,-2.213974,-1.006786,-2.803694,-5.948698,0
-6.418450,-1.548859,0.980606,5.359802,0.552647,1.325819,7.344751,-0.356810,1.292494,1.854895,3.036400,0.878292,1.492313,-9.747314,-0.831881,3.085089,0.942764,-2.988564,6.651964,6.506189,5.747810,-3.171883,-5.608941,-3.980772,-8.758497,2.728453,-1.056774,5.999788,3.898512,5.612165,-2.418009,-3.316742,1
-3.051077,2.031656,-0.018829,-6.795557,0.650536,-6.616728,-2.085188,-9.512050,1.170649,1.653423,-0.409693,-6.142076,-3.071918,0.386854,1.950794,-7.833532,2.117558,1.012249,-0.612415,5.260757,-5.936499,-3.239349,-7.657166,1.764103,-5.719103,-3.189119,-11.293433,-2.139149,-0.909260,-6.907047,-9.689343,4.454258,0
0.435408,-1.922253,-1.441839,2.208727,-6.849256,2.673481,-3.896933,5.519960,0.428816,4.241060,2.169605,4.520264,3.466633,6.123215,-0.141483,-2.359566,-2.619705,-3.996088,-0.956711,5.430967,-1.112200,2.783680,4.266413,-6.351555,-1.050573,7.793341,-2.166998,3.364742,-3.515812,0.814077,-2.547401,8.980686,1
-2.083157,4.893028,-0.873024,-2.032021,4.424994,-3.452236,-4.024511,3.438435,3.996370,0.537054,0.009621,-2.051472,-2.389381,9.043818,3.774376,1.470589,2.278313,1.133205,-11.065106,-2.489481,-3.290903,-1.082741,4.922802,0.362093,-2.320564,-1.267952,-2.635204,7.173426,2.036770,4.853470,4.228224,-4.497976,0
-2.650070,1.741604,11.343740,-0.178888,-7.654204,7.981911,2.006088,-2.498943,7.201550,2.934141,13.050051,-3.275131,-3.795424,1.795893,4.264364,0.227615,-2.991077,3.350075,7.966652,3.162676,3.136026,-7.946909,1.948441,-2.027140,4.347429,7.889597,0.969875,-0.180227,5.787189,5.314056,3.734325,2.793800,1
-7.266241,-0.869747,5.817707,-3.560961,-3.572464,4.255590,-2.668728,-3.049665,-0.621778,-3.275522,5.557932,-3.735794,2.782331,7.901800,13.307600,2.258690,-1.815456,-2.684006,-3.162189,-0.686172,0.025135,-3.475506,-0.719297,9.228014,-8.957095,-5.110493,-2.200846,-1.319895,2.724922,-5.049789,-1.241961,5.476294,0
4.743389,2.883177,4.794214,1.095125,5.202232,6.396746,-2.086969,0.453644,7.574640,4.131296,-0.738071,-2.331015,1.661360,3.181377,4.665714,-1.102625,-1.439894,-3.995472,6.986937,3.217699,-1.852736,4.984917,-2.457947,-2.740158,3.216656,0.583746,5.529509,4.194036,5.263533,5.044600,2.129946,4.127628,1
6.038998,-2.938322,-0.270744,5.145962,-0.506891,-1.907026,-3.282677,-2.248608,5.696264,-3.379227,-5.723806,-1.290020,-5.766901,-2.312204,-3.587440,-0.587725,4.457705,1.496214,1.932871,6.480371,3.044292,-5.415571,-4.264845,4.709703,1.050638,-2.711746,-2.887989,-2.916477,-4.158899,2.542919,-5.310551,0.499821,0
-12.261992,-1.849184,2.236422,-1.795135,-4.974442,-1.135086,-1.951601,-2.126177,8.633568,4.574902,10.794333,-6.594452,0.187119,-0.673231,4.031946,-0.530767,0.276169,-0.435802,2.782145,4.673553,5.289886,-1.632097,2.674814,0.393581,-0.473085,5.402298,4.881847,-1.077221,-1.698498,-1.954601,5.520714,-5.642428,1
0.282537,-3.567432,-10.327044,-2.037210,5.505512,-1.390436,-0.061346,-1.551186,4.442932,-1.566616,0.087311,-8.726474,2.391541,4.180248,-4.835110,-0.307178,-6.759914,-9.408117,-2.479261,-5.956884,-0.880953,-4.698908,1.816744,-9.346668,4.096848,3.494116,1.102613,-0.704723,0.932865,-0.497320,1.315935,-1.894732,0
8.013716,-2.032778,0.426441,3.259933,-1.135786,3.954370,5.625059,7.199921,0.947977,3.620382,-0.823668,-3.765360,0.286009,-3.817739,-0.396093,1.354815,1.554758,-3.596931,-1.416525,7.958883,-1.275841,1.923269,3.189901,0.238997,5.301949,-5.597861,-0.025555,1.473360,4.577559,-1.798735,-0.140337,-1.093046,1
-3.110685,-8.743389,2.906559,-1.359753,-1.496519,-5.227320,0.109814,2.923588,-2.507578,-5.136961,-3.076818,-2.812004,0.237606,-9.388326,-1.754873,-4.629383,-6.305964,0.127811,-11.424018,-4.204954,5.013105,-1.254192,-4.092920,1.009586,6.258698,3.071888,5.023689,-0.780664,1.909000,-0.875032,5.154140,-8.362862,0
3.299831,9.473684,-1.283100,-1.504484,-7.111059,-2.849871,2.233807,1.709261,12.510447,-4.877522,-2.822510,3.166840,1.213238,-0.847052,0.045763,1.615486,-1.506424,3.451801,5.569307,0.782524,6.689939,6.689428,3.277920,-5.447877,-0.758524,-0.701647,3.753386,2.367577,3.167490,0.521524,1.146721,3.723413,1
2.620787,-3.132370,-0.986832,-0.389080,-2.697603,1.041317,0.099840,1.816463,-3.160378,0.407757,-2.842766,-0.019554,-1.506163,-1.918699,0.583721,8.691687,0.863020,3.968367,-4.871689,-3.090633,4.464905,2.628403,-2.789742,-2.508144,-0.286047,-3.480825,6.532124,-0.649235,3.773355,1.952005,2.109522,2.054062,0
0.244741,7.903551,-3.010832,4.628155,-2.477552,1.817667,-3.492605,-1.496725,6.324816,0.396200,9.898806,-0.247473,4.499407,4.325443,-0.492258,3.203281,-2.905640,4.906414,1.677090,0.958868,-1.478573,4.588293,6.622587,-0.001341,3.420412,5.010242,4.545574,-2.636570,0.176939,-2.132315,9.098314,-5.385264,1
6.302505,-4.625389,-5.618500,-5.058550,-3.827108,-6.885548,-7.196648,-0.432814,-1.385380,1.780905,1.468510,-5.181002,-7.138755,5.440344,-7.050993,0.465286,1.957914,2.123787,3.957420,-0.004358,5.539459,-2.140202,-5.513470,9.779257,-5.696390,5.551863,-6.856482,3.438728,0.359940,-3.648912,1.347467,0.917648,0
-4.238939,-4.691673,8.604300,3.341415,-0.420561,4.867727,0.520115,-2.614378,-6.281259,-3.033440,5.322332,-1.482887,3.883492,-0.170298,1.088617,0.630289,4.084484,1.629091,2.531506,-10.214581,-4.205940,4.880173,5.041904,0.587084,-0.438358,3.568264,2.687321,-3.024561,0.910320,-3.310602,-1.294102,4.582174,1
2.725250,0.049318,3.880156,-5.516352,3.561472,-3.568115,1.601835,-4.378416,7.776680,-0.316772,3.008280,7.427118,8.816833,0.692375,0.033895,-4.973446,-2.492952,-7.746573,-8.731586,-0.726097,-7.023027,0.763056,-0.959026,-3.870300,7.210890,2.373178,1.790493,1.444601,4.274805,-1.963018,-0.338734,-1.496487,0
-5.204832,1.701687,-0.226540,-7.239296,-1.263166,3.754108,1.250431,0.404076,-4.224669,1.265614,0.150009,-3.861980,-0.601915,-4.152533,1.726448,-3.283045,10.703867,0.007555,-1.164198,1.817123,-3.392082,2.470474,8.003252,4.325745,16.512205,3.358152,-5.148401,-4.367760,-2.541702,0.416235,2.187922,1.514925,1
-0.767422,0.778339,0.117809,1.138025,-4.350992,-7.451809,-8.943057,-5.558313,-1.400925,-0.448915,0.887915,-1.391403,0.050900,-4.447474,-5.843536,4.099281,4.350937,0.150036,-4.502268,-7.206523,-2.068146,-0.901789,3.451216,-0.094093,5.718271,-0.950157,4.503420,5.556133,-1.253992,-0.022587,-2.345095,-6.411304,0
3.231287,0.138115,-0.138685,-0.312166,-2.238056,-4.496765,-9.880842,4.487679,4.223793,3.149300,4.127508,3.690674,0.037178,1.167040,0.072878,0.329645,4.220182,0.650415,-1.965809,4.004742,-7.380258,-3.578218,1.880249,3.205112,9.292027,9.417709,1.898531,-2.141787,1.427382,1.453066,2.898628,8.387526,1
1.183308,-6.334648,4.386839,0.353481,5.291058,-9.407697,-1.489605,-4.467327,3.123215,1.072939,-3.499590,-3.513952,-0.473476,5.014603,-3.289223,0.782257,-1.932875,-2.268164,-9.358415,2.641657,0.600887,5.012913,-4.605894,-2.858324,-4.557314,-0.210043,1.853928,-2.086515,1.439341,-5.669289,-5.004911,-4.396072,0
11.346598,-0.255285,3.964455,2.663454,1.288643,2.822687,-0.997484,1.659985,3.775146,-0.964163,-4.294621,-0.384678,6.176220,0.556355,1.104452,3.054987,-8.505558,1.425625,-5.216713,12.915304,12.623156,-1.180752,14.526495,-2.801695,3.638969,-2.636768,4.512785,-5.034451,-1.425934,9.066002,3.668785,9.281679,1
-1.355556,3.159803,-0.301111,-5.880896,-6.063444,0.170986,-2.428436,-2.497829,-5.052391,2.625982,-5.438332,-3.926125,-2.600136,2.414953,3.598526,-6.069530,0.050552,-1.913322,-1.500235,4.331495,-0.465637,2.265291,-5.631437,-0.962561,1.329016,4.400476,4.772434,3.547113,-2.291597,0.870115,5.140650,4.543350,0
2.673122,5.507587,-6.394556,-3.330784,3.475216,-9.143848,7.577234,6.303707,3.469110,4.534086,7.443895,4.095465,1.128874,-5.394731,2.306906,-5.650358,4.591398,3.405445,-5.989401,-3.640320,-2.029860,-1.567207,-0.917667,-9.635582,0.088831,5.032818,-0.554256,0.537205,-3.889170,4.146975,7.608822,-2.243589,1
-2.209566,1.406683,2.936075,0.810986,0.860378,3.430096,5.544621,-5.727034,-1.888449,1.173927,-0.298027,5.766451,9.268297,0.421839,-0.056610,4.589018,-3.050396,1.155684,0.518394,1.008114,-2.065182,-5.571575,2.479404,4.036980,6.009628,-1.008438,4.866936,-3.057207,-3.746189,-6.356810,6.979565,-0.812323,0
-2.342690,0.444464,0.336483,12.263269,-3.808140,-0.369583,1.726091,-2.545303,2.531153,-1.228357,-1.782257,-1.210581,0.030783,6.346188,4.456694,-3.632776,2.578037,4.045229,-1.997988,9.938017,-12.094428,4.416420,5.072193,-0.550886,2.334589,3.353176,0.413502,-0.691185,-0.651220,-2.912201,-3.597195,0.680626,1
1.786200,-3.175587,-8.524747,-1.647322,-0.232847,-0.519693,-7.969350,2.127619,6.496826,-0.232224,3.147293,-9.291469,-3.561527,-4.532272,6.370186,6.420647,4.968216,-2.400944,5.334084,-0.774004,4.586985,-3.918386,3.292192,5.659321,1.703880,-3.804790,0.226227,1.328018,-0.088034,-1.795130,2.717896,-5.209887,0
5.495131,2.679419,-2.347647,3.004107,2.605713,-4.699793,2.928312,5.636889,1.945578,6.805952,5.412508,0.741005,-0.565447,0.912331,-2.059628,2.861052,3.915562,-2.698406,2.185024,2.993444,-0.751451,8.234755,0.936977,2.850517,1.851078,4.001410,9.259232,-2.701706,-0.187458,-7.247342,-2.053186,-7.523039,1
-9.716087,-8.480165,-0.820213,-5.326061,-9.132107,-2.818750,-3.696440,0.982069,-2.875944,-4.359840,5.248423,-0.412899,-1.232424,2.460880,-0.882113,1.388376,1.427456,3.889355,0.406034,-5.903877,-3.808561,-6.370728,-5.978558,-11.763023,1.248034,3.561169,-2.715111,-5.963694,-3.965433,1.237045,1.590038,-0.245092,0
7.207848,5.440012,-2.438805,-3.323416,-0.071333,-0.119411,3.635307,0.966894,5.301691,-3.026049,-2.908434,0.886971,0.677727,2.543285,3.187878,-5.527926,8.242599,2.952679,0.055237,-1.036341,2.079718,1.195505,-1.587704,5.218779,5.446531,7.085417,2.833889,6.293665,-5.721544,3.857082,6.900724,2.359919,1
