4.223075,0.585580,-1.574795,0.387943,-3.850441,0
0.168673,-3.762076,-3.278819,-1.893800,0.388813,1
1.416756,-0.438641,3.257374,-1.215907,-1.834885,0
-0.902182,-0.746524,1.870712,-1.978668,-1.097511,1
1.340318,-2.136986,2.221608,0.199700,-5.146544,0
0.930939,-3.121908,-0.533025,1.332644,-0.451351,1
-1.639322,-3.253083,-0.654768,-5.187613,-3.876830,0
-0.899174,1.975630,1.917488,0.367738,3.682218,1
0.072783,1.725651,-0.706105,0.108982,-0.249189,0
-4.584953,1.077030,-1.823875,0.126391,-0.809553,1
-2.330505,-0.467864,-2.259582,1.788668,2.079485,0
-0.864779,3.173380,-0.106337,-0.057569,1.713286,1
-1.526004,-3.858161,-2.190315,0.329926,-1.079458,0
1.962800,-0.702695,-3.277912,-0.245665,3.660750,1
4.277105,-1.685657,0.994271,-0.406589,-1.431381,0
-1.442031,-2.759891,0.748489,-2.186877,0.101673,1
0.533045,0.408363,1.452961,-2.058806,-1.205226,0
-1.819751,-1.486601,1.618175,0.818944,-3.163887,1
3.232512,-2.691509,1.136406,0.142828,-2.063891,0
2.497704,0.565619,1.760460,-1.391987,0.362329,1
-0.813516,-1.385709,-1.027840,1.228128,-2.397509,0
0.512299,-3.311064,2.452461,-0.946140,0.615374,1
0.305655,-2.082963,-0.717029,-1.448405,-1.697799,0
0.723372,0.251475,0.086493,1.065278,-0.901777,1
-2.742594,-0.335707,-1.509048,0.923642,-0.292995,0
-2.309551,0.764984,0.297179,1.709049,0.933182,1
2.891544,2.819184,6.517515,-0.321726,-2.143166,0
-1.454351,-1.578876,-0.944397,-1.880519,1.522073,1
1.291344,2.356204,0.141430,1.162681,2.913493,0
0.693778,-0.110704,-0.522868,0.120697,0.494051,1
3.733287,2.806049,-0.995024,-1.170050,1.759988,0
-3.015031,-1.613103,-3.436561,-0.122238,2.529162,1
-3.049891,0.146801,1.684762,-0.485056,-2.572842,0
-1.554329,-1.646790,-1.482809,-2.666383,-2.149442,1
0.645807,1.340598,0.883803,0.048093,-1.947790,0
0.378775,0.365702,-1.216851,1.732860,0.261937,1
-1.878644,-0.542937,0.002876,-0.881271,1.257282,0
-1.952913,2.508900,-2.314098,-0.784391,-2.328494,1
-1.156221,-3.285201,4.268497,-0.204510,0.391069,0
-1.337633,0.902848,-3.316649,1.197938,0.961486,1
-0.226954,-3.498579,2.506419,-2.871306,-1.416830,0
-3.845846,-2.193786,-0.720379,2.764014,3.783669,1
2.972290,0.229273,-3.540902,-2.690033,0.048284,0
0.253649,-0.144495,0.677984,1.883978,3.393433,1
4.459264,-3.174901,-1.748742,1.148912,-0.249263,0
2.634287,2.046225,-1.673942,0.354428,-1.023313,1
3.734112,3.444046,-1.636288,-1.383978,2.389425,0
-2.398190,0.104549,0.988940,1.485485,-0.112599,1
-0.209122,-3.238355,-2.464812,-4.328733,0.745111,0
-3.711142,-3.616518,-0.076731,-1.666543,0.725315,1
5.357084,-0.498882,-0.255176,-0.435618,-2.320570,0
-0.479489,-3.555597,2.224206,-0.433835,-2.606633,1
-2.161966,0.078534,-2.445960,2.167607,0.314322,0
-3.334986,-3.435643,-1.155180,-0.924556,3.952665,1
2.206831,4.073091,0.043842,1.167841,5.308610,0
2.440510,-2.791836,-1.804955,-2.338949,-0.862063,1
-0.463450,-1.375663,-1.351711,2.144968,1.439346,0
-1.027399,-1.134519,0.654943,0.977445,0.641337,1
0.163241,0.384912,2.741370,-3.549521,0.629929,0
0.100561,-0.019018,2.319436,0.485392,2.085237,1
2.715308,2.978927,-1.963694,-1.593667,-0.507038,0
0.891576,2.951498,1.234377,-0.761718,3.130398,1
3.456154,1.684274,1.338077,-2.115685,1.268579,0
-1.892889,-2.177400,-3.104589,-2.073423,-1.686359,1
2.922468,1.436448,0.012177,-2.091768,0.474394,0
0.504230,0.868704,-3.153726,-0.153409,0.264757,1
4.246979,0.235076,1.438890,1.659993,0.170221,0
2.162617,-0.829195,-1.312277,-0.335259,-2.260867,1
-0.374597,0.157789,-2.137148,2.225567,-2.210787,0
-1.050689,-0.744922,0.641092,-1.539376,1.819088,1
-1.249362,0.360608,1.016374,1.068196,0.278520,0
-0.261703,-0.957666,1.505592,0.744866,-2.426434,1
0.148220,-0.096760,-4.349513,-1.608138,0.333267,0
0.226119,2.802015,1.399174,3.777160,2.302941,1
2.881897,2.530252,-0.346864,-0.424588,-0.342052,0
-1.932350,-1.866199,-3.341045,-1.773652,2.035725,1
-1.976311,0.304345,-0.924672,-2.175538,2.035715,0
-4.374014,1.000151,-0.487026,-1.893929,2.057812,1
2.084157,-4.749547,-0.591935,2.846017,1.313311,0
-4.742978,-0.834261,-0.540183,0.711287,-2.068343,1
2.675559,1.293818,-2.072556,-0.498960,0.868029,0
-2.628520,-0.718332,2.809748,1.476686,0.131488,1
2.675624,-1.516902,-2.673242,1.328402,1.194847,0
2.051406,-2.602268,1.275135,-0.360161,2.581009,1
1.341021,0.189839,1.357847,-2.710682,-2.568785,0
-1.207705,-0.302133,-0.140057,0.969314,3.573304,1
0.789822,0.921708,-0.417696,-0.351606,1.818674,0
0.105937,-0.689649,-0.490495,-0.797726,0.884862,1
2.126776,-0.271041,-3.878799,2.154093,1.269727,0
-2.822763,-0.757225,0.206631,-1.469190,-2.527934,1
4.516961,2.968502,-1.239862,-1.653835,2.735916,0
3.017929,0.300107,-0.623036,-0.399355,3.540724,1
-2.965177,1.040567,-0.396511,1.869578,2.197750,0
-0.412167,-1.304338,-2.289824,0.125775,2.105771,1
3.358060,-0.543516,-0.230179,-1.665678,0.054039,0
1.682180,-1.284654,-0.978948,-0.526230,0.929569,1
2.422683,0.623717,-3.364861,-2.766554,-1.994776,0
-1.654928,2.780121,-2.024975,1.382822,-0.382740,1
1.980662,-0.809754,1.186362,-0.014047,-0.368670,0
1.274629,1.553848,-1.124686,-1.996014,2.627450,1
0.115118,-1.945182,-0.813314,-0.468014,0.109299,0
-0.357258,-0.553138,1.555149,2.112928,1.579074,1
1.398335,-1.317743,0.559690,0.464040,0.261877,0
1.189960,0.459838,1.230959,2.429567,1.332079,1
0.568474,-0.740698,-0.643236,-1.089884,-1.917830,0
-1.048813,0.011512,1.800188,0.754834,-0.307046,1
2.769753,-4.378829,2.051895,2.549314,2.917447,0
-0.135142,0.328426,-5.239131,0.812628,3.381005,1
-1.300263,-0.688188,-0.808655,0.015638,2.907007,0
1.449923,-0.222677,1.330089,0.959507,-0.119490,1
-0.404905,1.075030,1.528678,-2.213497,1.736964,0
-1.634334,-2.166347,0.113469,-2.667131,-1.815604,1
1.085711,0.887993,-0.004693,-3.515835,0.206433,0
-0.825924,1.577063,1.782116,0.107951,-0.348099,1
2.740862,0.977889,2.565868,2.756881,2.850699,0
0.118092,-0.559167,-0.981810,-2.203162,1.380421,1
-0.374220,-0.178463,1.775513,0.004131,-0.437286,0
-1.464928,-0.980817,0.831062,-2.821395,-0.495601,1
1.159196,0.301414,-2.529218,1.372246,-0.121774,0
-4.222678,0.142661,-0.362769,1.648081,-2.161175,1
4.076221,-1.260330,3.525028,1.293127,-0.039742,0
-2.835279,0.427270,2.823612,-1.026162,0.401503,1
-0.663440,1.289092,0.156293,-0.560560,-2.357058,0
-1.573532,-1.720613,-1.510635,-1.469344,-0.013953,1
-0.369831,2.986549,-2.657495,2.237837,0.688179,0
-0.515427,1.330776,1.744331,3.458708,4.196865,1
-0.573423,-2.005863,-4.400269,-1.104571,-0.821857,0
-0.927078,-0.533222,-0.803289,2.315176,-1.815746,1
3.309282,-5.824985,-0.661838,0.894671,2.318954,0
-3.107027,-0.648169,1.878685,1.879848,-0.757614,1
1.213009,-0.186632,-0.446304,-1.931290,2.181465,0
-1.497276,1.732634,0.425770,2.183534,1.832695,1
2.329278,0.047878,-1.471872,0.147649,-1.000040,0
1.174637,0.034553,-2.658147,-0.971077,0.689833,1
0.607943,-1.349161,1.312837,1.921013,-2.560601,0
-3.789652,1.525721,2.412696,-1.023294,0.982280,1
1.422078,-3.439694,-0.267502,-2.937491,2.494760,0
-5.063839,-1.538410,-2.071636,0.158206,-2.609447,1
1.636324,-2.911438,0.264221,-0.123812,-0.664621,0
-1.238257,-2.464263,-0.678240,1.649407,-0.997885,1
0.928741,-1.329866,-2.169305,3.100371,-2.900290,0
-2.504719,4.342587,0.854128,-2.910712,-2.741467,1
-3.167835,3.072578,1.279819,0.494167,-1.804090,0
1.395889,0.364413,-3.188981,-0.390059,5.960809,1
-0.719488,2.276609,-1.230766,0.075552,3.507000,0
-1.973841,-0.723668,1.665851,-3.509068,1.430655,1
-2.515302,1.642556,1.669668,1.045537,1.514126,0
-2.996197,-1.728386,0.594793,-1.078313,2.083206,1
1.167274,1.872635,-3.504639,0.050878,1.847754,0
-2.212271,-2.195537,1.504532,-0.963957,0.230673,1
-0.246125,-2.280272,2.394061,0.455323,2.769720,0
-0.121003,2.443954,-0.593774,-1.263391,-0.413109,1
1.592236,-3.706200,-0.664058,-2.669790,1.258537,0
-3.086545,1.798038,-1.185184,1.221124,-0.837621,1
0.820384,-1.534512,-3.239555,-1.944422,-1.355488,0
0.071614,-1.955618,-2.872717,-1.310621,-1.037765,1
3.370505,0.176521,-1.273148,1.226913,0.411814,0
1.230779,-0.900739,-0.491566,2.713605,-4.051540,1
5.348425,-3.777006,-3.513537,-2.847074,0.280532,0
-0.501301,-2.975477,-1.674243,-3.815224,-0.643387,1
0.508041,2.009586,0.038420,0.949887,-0.514163,0
1.160678,1.283588,-0.339061,0.297544,-1.437066,1
-0.660097,1.722795,1.309326,2.474819,4.053134,0
-1.309473,-4.663651,5.382730,3.972424,-0.147121,1
0.406201,1.801692,-5.060410,-3.838255,1.328976,0
-1.219849,1.600491,-0.170370,0.297661,0.911072,1
3.136464,2.107239,-3.394258,1.266331,1.072065,0
-2.833193,0.986017,-0.332595,0.024817,0.722056,1
5.338169,-1.026260,1.893150,1.667933,-0.763803,0
-0.773008,3.647272,-2.029424,-3.836549,0.631112,1
1.275575,2.277736,2.552928,-0.257649,0.168226,0
0.471129,1.173730,-0.021072,-2.969813,-3.727366,1
-1.352284,0.914055,1.611275,-0.812037,0.423707,0
1.889708,-0.328990,-0.269924,0.316261,-1.426364,1
0.387148,-2.910527,0.534097,-2.309349,0.587471,0
1.973249,-0.475709,1.869817,-0.130261,2.101757,1
-0.771611,0.196840,-1.616343,1.166139,1.875370,0
-2.709923,1.587409,-0.116876,-0.034998,1.461802,1
1.223854,1.422661,-2.984566,-0.988615,-0.463436,0
0.542043,3.450556,5.243039,0.500238,0.547585,1
1.882151,1.698957,2.584843,-0.956782,-0.924307,0
3.922404,3.780169,-1.707355,-0.002877,2.277389,1
1.069417,0.589024,-0.705372,0.431209,1.299491,0
-0.833731,2.982291,-0.153255,2.383911,-0.194069,1
2.925587,1.206961,-1.452256,-0.110818,-0.546694,0
-2.775690,1.890192,1.059582,0.538749,0.243553,1
5.544941,1.596926,-0.976147,0.040773,-2.318596,0
-1.810700,-4.526320,-0.464925,-1.111476,-3.802229,1
0.808908,2.990437,1.482101,1.115455,0.813091,0
-1.757793,-0.641368,-1.177780,-1.764356,-0.118440,1
0.508999,-0.995822,0.517618,-1.254961,0.918184,0
1.478189,0.924788,0.242067,-4.771220,4.627264,1
1.298495,3.244616,0.052340,-0.478685,0.150675,0
-1.057576,-1.254601,2.331056,-0.733196,0.930397,1
2.674667,-2.080441,-2.346281,2.098836,2.433352,0
0.663304,1.949640,-1.607597,2.103102,-1.413710,1
0.322869,0.443030,-1.916804,2.100678,-1.017103,0
-3.705616,1.814975,3.035757,2.260496,-1.029963,1
0.730586,3.351162,0.390337,-0.973658,-2.214508,0
-2.397977,2.659770,0.322891,1.093819,0.156204,1
0.912302,-2.086911,2.983194,1.856916,1.769372,0
-2.436731,-0.957916,-0.910266,-3.386609,1.790621,1
2.723152,-1.459963,0.404674,-2.218337,0.269590,0
-3.510094,2.104668,-1.155730,-2.791495,-1.740993,1
0.734241,2.945376,0.659060,0.120966,0.871721,0
0.296209,-1.553008,-2.380438,-2.855439,-0.455631,1
-3.548233,4.481644,4.067251,2.232159,0.209244,0
-2.775091,0.439671,-0.346749,0.073324,0.070199,1
-2.153077,-2.679471,0.898643,0.978813,0.565285,0
-1.244103,2.995314,2.341871,1.741099,1.740269,1
3.291023,-2.271799,0.668498,-2.068913,-1.677917,0
-1.491939,-3.824992,0.099235,-2.585697,-0.329553,1
0.642742,-2.418790,0.060278,-0.611163,-6.478828,0
-2.783105,0.923464,-0.358484,-0.621971,2.726171,1
-0.827266,-1.390875,-2.238635,1.593257,2.809561,0
-2.956598,-1.792892,2.095493,2.190312,2.356702,1
0.045860,1.216301,1.985793,-0.664514,-1.526803,0
-1.394241,2.069874,-1.873083,1.026496,-1.230938,1
5.802932,1.387613,0.639624,-1.307915,-3.511323,0
2.316760,-2.547783,-0.819293,0.946536,1.716756,1
2.215395,0.059277,0.404776,1.461244,1.142865,0
-2.652971,1.026514,-0.156790,2.462787,0.534272,1
-0.402091,0.186169,0.741092,2.895142,-0.049170,0
-3.315459,-2.413697,-1.702662,-0.291012,0.247883,1
-0.797657,0.428548,1.500052,2.536772,-2.470066,0
2.781645,0.105263,2.858773,-2.142146,-1.342546,1
3.091273,0.970689,-0.889430,-2.693991,-3.126258,0
-1.438265,-2.050264,1.568209,3.997369,-3.641362,1
-0.595398,-0.160689,-1.898151,-0.417450,-2.191648,0
0.199193,-0.469978,-3.175538,1.693202,-1.967470,1
1.308436,2.771786,0.484233,1.719629,2.090479,0
-1.616530,0.872334,-2.824883,-0.490497,3.612861,1
1.141417,0.135589,2.032768,0.832905,2.864779,0
-0.480553,-2.887258,0.044634,1.257092,-1.760481,1
-0.680244,-0.097857,1.523626,5.569724,-0.330673,0
0.069582,0.958098,-0.426544,-0.494875,-1.226746,1
3.538781,0.719460,-0.490466,1.359152,-0.535670,0
0.530336,0.279579,2.661687,-0.112704,-0.990230,1
1.437929,-1.873951,0.893147,-1.038709,1.385660,0
1.452711,-1.099750,-1.476495,-0.704506,1.622472,1
4.281602,-1.785660,-1.353799,-1.001767,0.825410,0
-3.743774,-1.848964,-0.745539,-4.832178,-0.773411,1
7.201546,-2.514894,0.953772,0.465074,-1.791291,0
-3.217958,1.398429,-1.975218,-0.906066,1.064909,1
-1.472816,-2.173881,-2.270288,-2.990664,-2.457679,0
-1.545446,-1.896383,1.332602,0.337231,-0.647270,1
1.473705,4.139328,-0.554340,3.433734,-0.249559,0
-1.079421,-3.670925,1.071316,-1.424425,-0.281504,1
0.160875,-0.419218,-1.014804,0.770093,0.160231,0
-0.795594,-2.201533,0.064572,-3.286032,-1.625272,1
