1.636682,-0.664883,0.622926,0.781337,-0.016249,0.149019,0.253692,-0.441941,0.380832,0.342907,-1.537721,-0.625469,-1.099036,0.284993,-0.233703,-0.426951,0
-1.509645,-0.442225,0.616856,-0.041365,0.184304,-0.097787,0.438386,0.200981,-1.827543,1.416199,-1.314286,0.642656,-0.105564,0.630460,-0.581965,-1.446767,1
2.084939,0.379863,-0.818625,-0.397124,0.509570,0.260703,-0.314967,1.901460,0.152476,-0.922184,0.120636,-0.330680,-0.892135,-0.608710,-0.303119,0.220353,0
-1.999973,0.366376,-1.041423,-0.045837,-0.966416,1.282797,-0.851893,-0.470903,0.154119,-0.098839,-0.059706,0.037478,0.369901,-1.014476,0.179281,-0.707150,1
1.882679,-0.560595,0.328939,-0.122639,0.674248,-1.151259,0.566861,-1.778393,-0.760852,-0.366075,-0.201343,-0.436340,0.459579,-0.301203,0.104542,0.085798,0
-1.284368,-0.593867,-1.148351,-0.058176,-0.545384,-0.000946,-0.859049,0.333681,-0.181677,0.915101,-0.206075,-1.022540,0.187443,0.255301,-1.107869,0.009521,1
1.311698,-0.644124,0.388640,-1.350400,-1.539834,0.718220,0.660296,1.280857,-0.108657,0.068681,-0.145703,-0.642149,-2.163801,0.411618,-0.896550,0.210536,0
0.415931,0.644497,-1.215750,-0.546831,0.476855,-0.218409,1.183368,0.587612,-0.434521,1.078680,-0.111614,-0.311274,0.616431,-0.699541,-0.020463,-0.326870,1
0.282671,-0.760995,-0.028286,0.025548,0.757083,0.155245,-1.210937,1.579239,0.065542,-1.852376,1.098775,-1.531884,-0.861945,-0.308329,1.024392,-0.654208,0
-1.844526,0.765837,0.832214,1.185443,1.476441,-0.689939,-0.361517,0.076458,2.015737,0.065437,0.242392,-0.925704,-0.263860,0.326839,0.221594,1.032648,1
-0.586060,0.751840,0.013985,0.328726,-0.000204,-0.008186,-0.901742,0.336229,1.169284,0.363824,0.300592,0.594695,1.633621,0.359291,-0.243274,0.363010,0
-0.705463,-1.662796,0.199023,0.081571,-0.191225,1.754599,0.583978,0.808820,0.041217,-1.024021,-0.135443,-0.916806,0.108530,-0.691186,-0.218873,-0.526366,1
0.755555,-0.437386,0.661451,0.893127,0.051343,-0.639891,0.003623,-0.235498,0.307273,-0.134064,0.127152,0.301100,-0.042438,0.496868,0.522919,-2.344297,0
-0.933717,0.437829,0.153081,1.293784,0.352817,0.148229,0.522770,1.632810,1.549005,-0.432965,0.333422,1.408460,-0.284062,0.287452,0.952893,-0.167780,1
0.989166,0.636074,1.316529,-0.210841,-1.224021,0.739064,0.510985,-0.746255,1.272825,-1.197767,0.154427,0.572314,0.689981,-0.595666,-0.567714,-0.651692,0
-2.162700,-0.929738,0.246919,0.200881,-0.200176,0.140608,0.002094,-0.060530,1.676027,0.613706,-1.352448,1.328686,-0.338245,-0.156110,-0.651361,-0.742344,1
-0.891896,0.167591,-0.151633,0.806522,-0.903336,0.058702,1.922433,0.090337,0.057226,0.115296,-0.690474,-0.846546,0.324243,-0.611707,0.717601,0.515722,0
-1.467226,0.262393,0.225066,-0.061837,0.899476,0.476081,-0.726448,0.649433,-0.367661,0.313443,-0.022908,-0.367811,0.199497,1.087873,-0.384114,-1.608592,1
-0.110728,0.895449,0.412965,0.727970,-1.162640,0.626460,-0.249597,0.040913,0.623586,-0.559163,-1.278340,-0.784845,-0.288261,-1.041998,0.074233,-0.323827,0
-2.403702,0.338263,2.325953,0.970887,1.414563,0.838475,-0.028795,-0.694409,0.593631,0.880365,-0.271911,-0.963869,1.175382,0.524437,1.971129,0.235128,1
0.619961,1.608436,-0.225831,-0.076055,1.266736,0.034386,0.493901,-1.085291,1.004512,0.435756,-0.811268,-0.703477,-0.227080,0.147590,0.763925,0.415689,0
-0.945438,0.255045,1.131540,0.589550,0.977631,-0.659481,-0.317869,0.481373,1.160034,0.743901,2.017662,0.610119,-0.422203,0.323739,-1.061248,0.622842,1
1.838516,0.010763,-1.181094,-0.538816,-0.345927,1.678434,0.720392,-0.811935,-0.028632,0.688338,-0.758192,0.121174,0.624152,1.328936,-0.695559,-0.545943,0
-1.049575,-0.051911,-0.406076,0.339905,-0.091936,0.266396,-0.079879,-0.064105,-1.290368,-0.388576,-0.106469,-0.476482,0.554947,0.115609,-1.721034,-0.587772,1
0.573872,-0.381205,-0.754133,0.988126,-0.597650,-0.495799,0.445351,0.214917,0.161387,0.167829,0.277912,-0.352032,-0.485670,-0.061871,-0.436295,-1.399886,0
0.270491,-0.047031,0.435901,-0.110660,0.102668,0.621725,1.145246,-0.627682,-1.083293,0.770332,-1.389635,-1.514482,-0.005436,0.040403,-0.368141,-0.135056,1
2.543189,-0.536891,-0.226495,1.652539,-0.216025,-1.022087,-0.534418,0.411432,-0.626590,0.468127,-0.493473,0.800245,0.575135,-0.292887,0.286697,-0.505558,0
-1.737603,-0.368359,-0.111695,-0.012814,-0.050801,-0.110244,0.527099,0.748323,-0.126606,-0.268025,0.260761,0.008955,-0.445326,-0.333326,1.572821,0.813298,1
2.375342,-0.914866,-1.346262,-0.731665,0.765936,1.101423,-0.278867,-0.452405,0.647835,-0.277759,0.142748,0.694366,-0.717856,-0.608748,-0.072978,-0.949937,0
-1.224852,0.528682,0.187425,-0.765263,0.650683,2.001381,0.431606,0.912885,0.383368,0.116630,0.278317,-0.518872,-0.878172,-0.092261,1.481502,-0.686758,1
0.266659,0.995587,0.079356,0.287921,1.743278,0.929132,-0.452990,-1.632985,-0.737261,1.021190,-0.451770,0.915841,0.178944,0.221496,-0.706991,0.822530,0
-2.305315,-0.592533,-0.001335,0.421375,-1.909207,0.123955,-0.561873,-0.246051,1.304142,0.248865,-1.025006,1.556845,-0.699997,-0.692471,-0.401539,-0.191292,1
0.990642,0.071841,-0.302913,0.129929,0.684892,0.077864,-0.034923,0.543890,0.054247,-0.170313,0.142518,-1.226090,1.026220,-0.293360,0.259725,0.151302,0
-0.187424,-1.627272,0.768403,0.825464,0.463573,-0.120313,0.689852,-0.604295,-0.442766,-0.742305,1.020341,0.694575,-0.052035,-0.051708,0.270020,0.377632,1
0.375551,-0.600827,-0.826113,0.472909,0.143887,-0.463366,0.217011,0.046274,0.061184,-0.408519,-0.011473,-1.346318,0.570515,0.164969,-1.160798,0.738855,0
-0.907673,0.673061,1.190158,0.050223,1.171466,0.083670,-0.966810,-0.034169,1.125431,0.662242,-1.021545,-0.564438,-0.230098,0.321301,-0.404626,0.210181,1
-0.350442,1.027990,-0.526627,0.134650,0.522506,0.288153,0.667133,0.028220,1.333752,0.702075,-0.761101,0.847357,0.954187,0.522651,1.144024,0.249464,0
-1.707008,0.255635,-1.159431,2.128338,-0.305528,1.429487,1.357152,-0.084428,1.161066,-0.244949,-0.424981,-0.323602,-0.114433,-0.395191,-1.073539,0.772608,1
0.748122,0.176151,-0.204895,-0.111125,-1.306381,0.826972,0.491539,-0.277447,-0.907031,0.992081,0.802347,1.685684,-0.004562,-0.849467,-0.007587,1.451658,0
-3.448769,-0.611773,0.506656,-0.648565,0.578648,0.846120,1.577229,0.184790,0.697674,1.338174,-0.490952,-0.508598,0.161266,-0.792328,-0.130176,-0.226938,1
0.233242,0.490040,1.098179,0.149210,-0.644448,0.496077,-1.453042,0.093623,-0.047133,0.424427,0.767770,0.163126,-0.745445,-0.015966,-1.215945,-0.438038,0
-0.311258,-0.153030,-0.062568,-0.884127,0.086131,-0.815766,-0.861075,0.631737,-0.793668,-0.870682,-0.190331,0.634259,-0.483482,0.522872,0.388372,0.543048,1
1.329237,0.500236,-0.636322,1.329648,-0.031270,-0.425933,0.459253,1.037898,-0.994886,0.474032,0.310839,0.924380,0.307729,0.822622,-0.472794,0.132047,0
-1.041860,1.006737,-0.625249,-0.805542,0.698479,0.583608,0.251757,0.205549,0.258168,0.150420,0.516526,1.290557,0.597681,0.808077,-1.357888,-0.097829,1
1.348371,1.137492,-0.009801,0.255812,-0.007277,0.135657,-0.103865,-0.065802,-0.765623,-0.930040,-0.857424,0.366907,-0.654167,-0.935108,-0.123491,0.889846,0
-2.011971,-0.820249,0.603986,0.457448,-0.350217,-0.917599,0.212561,-0.900532,0.279539,0.339308,0.169322,0.092847,0.301257,-0.292673,0.500759,0.531040,1
1.677581,0.253793,0.735437,1.169866,-0.356333,0.972724,-0.594850,-0.917018,-0.215165,-1.023463,-0.403149,-0.481172,0.895047,-0.888336,-2.156111,0.698852,0
-0.545870,-1.391918,1.030731,1.198789,-0.257525,-0.439740,-0.159850,-0.080653,-0.631500,-0.755312,0.942869,-0.543778,-0.421213,-2.103627,1.079072,-1.231819,1
1.750561,0.915454,-0.298355,-0.638686,-0.300583,-0.211329,1.032026,0.460319,-0.452763,0.927599,-2.203772,-0.758336,-0.243862,0.597637,-1.489219,0.020022,0
-0.899163,-0.844586,-0.858768,-0.379427,0.138085,0.465753,-0.323570,-0.227081,-0.366384,1.730974,-0.574357,-0.263384,-0.969112,-0.085640,-0.456523,0.864849,1
0.084378,1.410958,-1.175668,0.167012,0.057600,-0.127476,0.174220,0.255131,-0.045169,0.577809,-0.775784,-0.207582,-0.356317,-0.036631,0.953544,0.350571,0
-0.865877,0.327523,-0.108471,1.419458,-1.057049,0.102126,0.596401,-0.114112,-0.316525,-0.651843,0.545269,-0.484351,-0.734994,0.857423,-1.829811,0.511695,1
0.478906,0.347980,0.557475,-0.685406,-0.111806,2.024468,0.568640,1.075752,-0.412620,0.193667,-0.836741,0.324682,0.959137,0.399381,-1.806224,1.448564,0
-0.940139,-0.085642,0.084546,-1.484758,-0.544927,0.790311,0.572257,0.295670,-0.369077,-1.362499,-0.233655,0.847512,0.883177,0.350671,0.092878,-0.181485,1
0.966226,0.316327,0.377956,0.368231,-1.453698,-1.147847,-0.518061,-1.147123,-0.464727,-0.994642,0.588726,-0.858606,-0.437877,-0.180712,0.913456,-0.398429,0
-0.145754,-0.753322,0.542745,1.263452,-0.337193,-1.517193,1.250401,0.204034,-0.591799,-0.053461,-0.365957,-0.993163,1.806150,-2.100761,0.234257,0.245784,1
1.186631,0.407101,-0.300669,-0.104649,-0.196519,1.037805,-0.462779,0.688193,-0.325525,0.057113,0.307322,0.491212,1.006598,0.322225,1.416496,-0.350637,0
-0.803473,-0.650048,-0.341369,0.251676,-0.305890,-1.381904,-0.685856,0.620357,-0.474124,-1.129634,0.706502,0.333761,-0.651957,0.599576,0.360309,1.092617,1
0.519499,-0.252703,-1.351043,1.244436,0.905839,0.350924,-0.247692,-0.041784,0.439062,1.267923,0.377687,-0.839348,-0.248949,-0.184866,0.971068,-1.043173,0
-2.300287,1.259171,0.227373,0.136252,1.554779,1.324454,0.159518,1.154812,0.622249,0.600303,1.614821,-0.345723,0.233006,0.120198,0.661472,-0.102610,1
1.676688,0.008530,-1.035147,0.389342,1.065232,0.071816,0.295441,-0.145118,0.187672,1.121413,0.500389,0.546386,-0.741036,0.379324,1.079783,1.900511,0
-2.412670,-0.441648,1.700716,-0.287024,0.148022,-0.108164,-0.040031,0.010736,0.954740,1.060314,0.962526,-0.207469,-1.325979,0.927829,1.385581,-0.815064,1
0.764542,0.156789,1.087205,-0.620482,0.913109,1.579009,0.049681,0.149660,-0.778132,0.611187,-0.043483,-0.496069,-0.398353,-0.666111,-1.062385,-1.177526,0
-0.066555,-0.182810,0.833575,0.826293,-0.314704,-0.442673,0.208988,1.015402,-0.721628,-0.564058,-0.210359,-0.750389,-0.103822,-0.673899,-0.337682,1.314909,1
0.889679,-0.527806,2.006463,-0.480692,-0.110758,-1.347905,-0.677303,-0.809812,1.232255,0.420163,0.497796,-0.812761,-1.092121,-1.209841,-0.919200,-1.028709,0
-0.713694,-0.654232,0.025940,-0.135715,0.240780,-0.935084,-0.966123,-0.100046,-0.116532,0.909519,-0.244247,0.673414,0.235211,1.483909,0.857714,0.101149,1
-0.102517,0.600031,0.373593,-0.864963,-0.778361,-0.547303,-0.485424,-0.335262,0.005157,1.552552,0.540216,0.976908,-1.159161,0.476483,-1.424189,1.155381,0
-1.881004,1.142234,1.869842,-0.878556,0.020308,0.162381,-0.490782,-0.516490,-1.104358,-0.109292,-0.123353,1.152592,0.281608,-0.340882,-0.344027,-0.978159,1
1.695047,-1.198364,-0.109771,-1.808152,0.039646,0.282155,1.859974,0.030277,0.233786,0.107136,-0.699702,0.237182,0.711049,-1.117601,-1.148492,-0.259090,0
-0.820737,-0.407486,1.200482,0.340605,-0.227034,0.522563,-0.186803,-0.524889,1.538638,1.527842,1.221667,0.619137,-0.215993,-0.211027,0.198254,-0.272607,1
2.661871,-0.393239,-0.188273,0.778528,-0.132844,0.107001,0.674227,-0.794791,0.468477,0.314912,-0.551055,0.564636,2.356643,-0.284978,-0.103990,0.626041,0
-1.248913,-0.264857,-0.550891,1.726501,-0.866242,0.436969,1.446099,0.434509,-0.764601,-0.294547,0.912905,0.303228,0.223562,-0.182091,0.630206,0.534053,1
1.763469,0.255662,-1.942557,0.283254,0.865626,-0.196798,-0.091799,-0.670876,0.645474,1.332335,-0.034517,-0.731822,-1.675330,-1.991076,-0.262979,-0.478356,0
-0.283542,0.790964,-0.948111,0.133065,0.400159,-0.072913,1.077967,-0.404023,0.185278,-0.741053,0.412315,1.114683,-0.397866,1.023468,-0.165122,-0.313401,1
0.605458,1.416746,-1.276276,-0.693623,0.717230,-0.839579,-0.727193,-0.251292,-0.402556,1.328923,0.685955,0.147769,-0.869262,-0.796848,-1.158074,-0.101396,0
-1.372908,0.596705,-0.298966,-0.630708,0.693987,-0.360104,-0.401516,-1.018771,1.468970,0.889081,-0.763970,0.757887,-0.612982,-0.139203,-1.040707,0.651450,1
1.368163,-0.824938,0.475039,0.023726,0.652780,0.588819,-0.913525,-0.294190,1.147587,0.126115,0.039849,-1.157670,-0.762074,0.003946,0.264075,-0.865713,0
-1.613485,-0.690314,-0.743870,0.029567,-0.507172,-0.217169,0.694259,-0.096056,0.998699,1.081045,-0.891640,0.359286,-0.147256,-1.192425,-0.653501,-0.750249,1
1.247797,0.603297,0.134646,-1.167064,0.342277,-0.494930,-0.216902,0.883391,-0.852696,-1.333683,0.750032,0.958296,-0.183592,0.316038,0.574927,0.384760,0
0.111602,-0.485414,0.528617,1.120800,-0.372813,-1.300842,0.467405,-0.994869,0.058632,1.052652,-0.826134,1.417578,1.862478,-0.058986,0.326660,-0.260026,1
0.726981,-0.696099,-0.412694,-0.994582,-0.099273,-1.844416,0.262303,1.166224,0.819784,0.001995,0.512688,-0.362709,-0.076995,-0.590487,-0.425366,1.074523,0
-0.580569,-0.503665,0.030761,-0.325845,1.134262,0.150358,0.171431,0.439040,0.203329,0.664309,-0.685328,0.359833,0.691478,-0.026749,-0.563044,-1.663789,1
1.320909,-1.077162,-0.422156,-0.734199,0.315958,0.803148,-0.447709,0.316041,-1.736891,0.278124,0.526389,1.374571,0.025059,-0.243614,0.776222,0.418549,0
-0.628387,0.959238,-1.128448,0.488470,-0.771876,0.310612,-0.170992,-0.133220,-0.834381,0.582418,-0.059616,1.788882,0.251902,-0.243050,0.178803,-1.165684,1
1.831716,-0.119768,-0.363293,-0.302534,0.578871,-1.130465,0.036605,-0.612043,0.581363,1.145043,0.621852,-1.100870,0.034523,-0.810729,0.196861,0.535747,0
-1.893055,0.222314,-0.095524,0.424187,0.161831,1.654860,0.960523,0.169965,-0.060275,-1.017638,0.498989,-0.511905,0.253580,-1.511991,-0.058749,-0.679386,1
1.664754,1.093024,0.141503,0.210654,2.290180,1.226226,-0.074026,-0.036085,1.955753,0.335161,0.622248,-0.324770,-0.479202,-0.800199,0.072566,-0.022508,0
-1.238880,-0.839879,-0.521822,-0.683586,-0.039522,0.362085,-0.246467,-1.843990,-0.416482,0.376814,-0.943493,0.230433,-0.499139,-1.463708,-0.361139,0.029128,1
-0.762914,-0.219787,0.477198,-0.649252,1.052267,-0.872819,-0.244547,-0.530697,-0.245864,-0.814210,0.005477,0.316046,0.867331,-0.157017,0.425034,0.374879,0
-1.574214,0.278707,-0.559683,1.481430,-0.870902,-0.388834,0.353872,1.322306,-1.042016,0.015143,-0.315630,-0.682802,0.624526,-1.010853,1.331334,-0.359228,1
0.160509,-0.169825,0.440798,-0.869864,-0.124563,0.269697,0.066285,0.341414,0.572336,1.770878,0.508145,0.916666,0.304112,0.182967,0.715848,-0.794190,0
-0.355066,-0.752626,-0.366977,-0.996083,-0.049751,1.694032,-0.701260,-0.696434,0.386718,-0.177672,-0.364779,-0.609747,0.545235,-0.762239,1.221833,-0.380218,1
0.320440,-1.169996,0.922938,0.429294,0.168651,-0.490894,0.889492,-0.642189,0.357860,0.867093,0.276471,0.391326,0.965773,0.443888,-0.209274,-0.269254,0
-0.523935,-0.855004,0.042173,1.061038,0.833734,-0.814590,0.089368,2.070085,-0.289695,0.899307,1.041405,-0.166188,-0.070561,0.291522,0.614193,-0.762961,1
1.148381,0.098508,-0.026664,0.097924,-0.209374,-0.345862,1.384409,0.098627,0.367448,-1.039735,0.069773,-0.528629,-0.722095,-0.191745,1.097306,-0.774955,0
-1.216535,0.061704,-0.121904,0.307030,-0.470702,0.126287,0.440584,0.206054,-0.833086,0.459683,-1.020623,-0.346363,-1.627124,0.009462,-0.304569,0.361838,1
1.161180,-0.648269,-1.040760,-1.289773,-0.165162,0.484390,0.740729,-0.643489,-0.165003,0.759310,0.927283,-1.020270,-0.607426,-0.401468,2.299538,1.138054,0
-0.796877,-1.130901,-1.190363,-0.575963,0.195982,-0.430989,1.270399,-0.415484,-0.304773,-0.548330,-1.122225,0.733378,0.309581,-0.093899,-0.291584,-0.903077,1
0.846570,-1.666583,-0.455671,-1.078092,-0.815391,0.651134,0.545402,-0.529384,0.073252,-0.642075,-0.033866,-0.983017,-1.720079,-0.945469,0.624587,0.490003,0
-0.628130,0.978403,0.436642,-0.345214,-1.841343,-0.037207,0.720747,-0.469785,0.138581,-1.837004,-0.114595,-0.491270,0.040920,0.572387,-0.559455,-0.313082,1
1.345280,-1.650482,0.174273,-0.120681,-0.487623,-0.431736,0.740062,-0.354403,-0.246075,-0.537585,0.032454,-0.331392,0.916265,-0.480326,0.556398,0.902196,0
-1.745298,0.109162,-0.623384,0.669524,-0.176227,-1.302993,0.211672,-0.365431,-0.559687,-0.049305,1.627832,-1.184971,1.058800,0.578749,1.249194,-0.927982,1
0.003685,-1.125670,0.233149,-0.641050,-1.086443,1.019671,0.657975,-0.193416,1.130106,-1.203098,0.694850,-0.609649,-0.592685,0.033515,0.517887,-0.376623,0
-1.635986,0.533466,0.453946,0.099589,-0.663267,-0.477245,-0.826082,-0.646270,-0.075814,-0.388742,0.025617,0.177353,1.330575,0.151983,1.344983,-0.511413,1
2.422623,0.747947,-0.690927,-0.051497,1.282212,-0.755562,0.300380,0.915709,-0.634840,-0.928458,-0.620590,0.884700,-0.123848,-0.449620,-0.001867,0.787866,0
-1.182351,0.025912,-1.333521,-0.032874,1.022272,0.364118,1.138070,-0.513349,-0.314641,0.421079,-0.883443,-0.289907,-1.845597,0.137404,-0.002155,-0.256055,1
0.645868,0.067437,-0.489661,1.581684,0.237174,-0.321990,-0.613828,-1.352414,0.024789,-0.083497,-1.507059,-0.200007,-0.135746,0.905588,0.353106,-0.011677,0
-1.258648,0.190863,0.870116,-1.053936,0.301761,1.950651,-0.218652,1.017548,-1.146482,0.471715,0.018578,0.314522,-0.321452,0.786554,0.662329,-0.638548,1
0.505383,-2.529997,-0.225507,0.929730,0.470012,-0.165409,0.471924,-1.137366,-0.193275,-0.619058,-0.177389,0.235638,1.030577,0.395070,-0.036841,-0.119338,0
-1.100975,-0.135507,-0.236760,-0.504566,1.361697,0.094488,1.534641,-0.103394,-0.088749,0.552377,0.447123,-0.707225,0.162410,0.937492,-0.516544,-0.646904,1
0.975402,-0.551536,0.693323,-0.690520,0.224428,0.917671,1.247604,-0.891457,0.493380,-0.317766,-0.982169,-0.237706,0.018719,-0.186813,-0.869816,-0.515566,0
-1.265924,-0.915608,-0.502638,-0.655908,-0.138239,-0.535469,0.402222,0.326966,-1.059434,-0.810839,0.093902,-0.522215,0.174347,-0.289594,0.203597,0.944873,1
0.713718,0.923716,-0.932476,-0.420470,0.909718,1.118479,-0.089835,0.108980,-0.867342,-0.699955,0.094994,-1.069242,-0.630023,-0.541708,-0.979963,0.568652,0
-1.857717,1.004691,-0.980208,-0.469864,1.747003,0.466699,-0.454559,-1.092526,1.125300,-1.569215,0.801745,-1.792606,-0.643167,-0.556819,0.523637,-1.063057,1
1.935541,1.466276,-0.457943,0.839791,0.446216,0.022649,-0.666200,-0.799762,0.431717,-0.049469,0.544870,0.857220,-1.812261,-0.053606,1.053370,-0.031678,0
-1.266830,0.714858,0.068668,-0.751037,-0.321859,0.767638,-0.986061,0.251853,-0.723734,0.556724,0.690629,-0.766525,-0.122545,-0.297734,-0.995941,-1.517297,1
0.912423,-0.096776,-0.798260,-0.014853,-0.635244,0.024549,0.035209,-0.398834,-0.406156,1.017180,0.766512,-0.726490,-1.563657,-1.201599,0.053398,-1.073807,0
-0.170259,0.026727,0.192825,0.888192,-1.057849,-0.919793,-1.614242,0.922028,-0.122132,-1.752755,0.261213,-0.436325,0.792661,-0.156341,-0.784013,0.575166,1
0.350941,0.939479,-0.563745,-0.254326,0.238786,-0.024905,0.849860,-0.028113,-0.303145,-1.045440,0.324489,0.633307,0.058845,0.821519,0.671875,0.640504,0
-1.209188,-0.135484,-0.186416,0.118555,1.532767,0.713841,-1.027158,-0.022465,0.643924,-0.321134,0.515501,1.149087,0.427749,-0.907431,-0.803909,0.087975,1
1.022122,-1.405350,1.457613,0.578559,-0.804014,-0.523122,0.363499,1.650225,0.471996,0.611755,0.349926,0.649419,0.388848,0.686445,0.651855,0.291002,0
-1.378066,0.456012,-0.274553,-0.236792,0.709105,1.104422,-0.351728,0.308923,1.807486,0.765595,-0.885522,-0.828327,-0.212688,0.731466,0.237816,0.720868,1
1.472369,-0.189663,-0.488961,-0.485790,-0.506243,0.545491,-1.311504,-0.338558,-1.002786,-0.363097,0.351381,-0.281106,-0.515315,0.450855,0.048783,-0.996148,0
-1.613145,-0.843530,-0.005763,-0.332614,1.769106,0.582259,-0.101935,2.214394,0.149007,1.045250,-1.078908,-0.951967,1.048405,-0.392220,0.037213,-0.580339,1
-0.226355,-1.080512,1.057661,-0.722567,-0.551880,-0.033579,1.946062,-0.476404,0.944223,-0.576978,0.351051,1.073514,-0.631129,-0.512232,0.864303,0.717345,0
-0.764664,0.526613,0.195275,-0.226212,1.085771,0.725885,0.212948,-0.202037,1.239839,0.850165,1.004036,-0.556852,0.636111,1.598173,-1.502747,-0.691718,1
0.606739,0.476575,0.454784,-0.134874,0.440654,0.923293,-0.751345,-0.184483,0.352412,1.002166,0.055240,1.322826,0.555238,-1.319306,-2.105139,0.280806,0
-1.519831,-0.062907,-0.611268,0.188002,0.268591,0.397645,-0.260123,0.438942,-0.282716,0.650910,-0.123482,-1.677809,0.402826,-0.375729,-0.333634,-0.958745,1
0.874684,-0.092914,0.485463,0.173365,-0.700023,-0.104536,-0.368596,-0.008534,-1.215112,-0.114619,0.832788,0.083737,-0.350739,-1.792233,-0.468088,-1.519218,0
-0.891586,-1.391509,1.174854,-0.804451,1.264079,-1.208603,-0.029838,0.426994,0.284063,0.536967,-1.089206,-0.182787,-1.248621,0.392913,1.305548,-0.084759,1
1.110739,-0.279282,0.889185,1.753587,-0.973152,-0.954398,1.075763,-1.498717,0.361637,1.466170,-0.075868,1.493201,0.772157,-0.408697,-0.263919,0.119468,0
-1.112421,-0.441127,-0.540098,0.457107,0.072751,-0.424056,-0.688588,0.924892,-0.328921,-1.112056,0.141807,-0.764261,-0.035456,0.184918,-1.085435,0.356715,1
1.394412,1.063040,-0.028415,-0.133770,-0.435999,1.341814,-0.484882,1.331295,1.877890,-0.541847,0.705628,-0.085330,0.820811,0.963672,-0.091379,-0.022734,0
-0.369421,0.309673,-0.571434,-1.416817,-0.708353,-0.506568,0.537064,-0.711513,-0.584281,-1.482057,1.120677,-0.802481,-0.036229,0.167818,-0.932449,1.163254,1
1.833562,-0.076752,0.183673,-0.238338,1.155176,0.596445,0.649983,1.183565,0.009216,-0.694843,0.534625,0.751195,-0.976480,0.330898,-0.641150,-0.262522,0
-0.616401,-1.374178,-1.321152,-1.129972,0.424334,0.192921,1.114890,0.236171,0.059717,0.135728,0.166885,-0.338108,-0.048811,-1.084209,0.338382,-1.337141,1
1.731436,-0.736880,-0.163135,-0.837539,-1.917093,0.826038,-0.479679,1.399153,1.436908,-1.210448,0.988440,-0.710586,-1.099305,0.144440,-0.052522,1.069765,0
-0.047827,-0.517730,-0.837901,0.348461,-1.567358,-1.160743,-1.332466,-1.610235,0.596919,-0.256403,-0.689361,0.158334,-1.322539,-0.588217,0.381469,0.678872,1
0.625518,1.166285,-0.488175,-0.163374,-0.600564,-0.196314,-0.243408,0.851695,0.677971,-0.306203,-1.135678,-0.502029,0.169441,-0.648834,1.489214,0.253721,0
-1.628628,-1.033613,-0.354533,0.470946,-0.570498,-0.048799,-1.464409,1.405462,-0.648712,-0.084126,-0.566554,-0.068292,-0.809863,0.343385,1.278212,-0.546547,1
0.596501,0.546514,-1.039536,0.144433,-0.705218,1.109070,-0.359174,0.581131,-0.414677,0.061321,-0.307242,0.505139,-0.979139,-1.110991,-0.341749,0.767342,0
-0.082346,-1.390937,0.429923,-0.403778,-0.713174,-0.070589,1.125066,0.594507,1.160889,-0.311761,0.534292,-0.793839,1.156183,1.108602,1.218687,1.218198,1
-0.735921,0.371513,-2.617115,-0.102607,-0.408800,-1.887614,-0.797065,-0.151435,-1.230015,-0.282929,0.881611,-0.973596,-0.469655,-0.919668,-0.466695,-0.588166,0
-1.754972,-0.053591,-0.210978,-0.152839,0.925572,-0.375688,0.151103,-0.503279,-1.091145,0.173074,-0.733430,-0.447132,-0.143987,0.930255,1.110504,-0.130630,1
1.524620,0.080873,-0.462575,0.393044,0.285925,-1.495790,0.086322,-0.712864,-1.939057,0.358693,0.649001,-0.309819,-0.659070,0.721633,-1.027848,-0.387716,0
-1.229182,0.366401,1.300402,0.679535,-0.132525,-0.834286,-0.043388,0.332656,1.550652,-0.620666,0.113077,0.714183,0.240323,0.530255,0.480557,0.778036,1
0.982559,1.288489,-0.336327,-1.805010,1.538512,1.789658,-1.040662,0.408807,-0.390395,-1.933949,-1.312392,1.468775,0.251462,-1.272067,1.271894,0.337045,0
-0.909542,-0.043163,0.817207,0.759808,-0.163874,-0.068709,-0.466924,0.478604,-0.605393,-1.113055,0.535122,0.037158,0.027894,0.155681,0.953797,-1.067542,1
1.134155,-0.225813,-0.730078,-0.308391,-0.180319,0.722266,-0.467568,0.924944,1.136750,0.529372,-0.817387,0.557738,0.697819,-0.172095,0.097679,-0.378595,0
-0.008141,1.190974,-0.587560,-0.619717,-0.030332,0.010831,-0.244300,0.109536,-0.178113,0.320561,-0.425672,0.388965,0.780185,0.018507,-0.570674,-0.756047,1
1.504438,-0.616382,-0.294784,-1.508503,0.224091,0.367395,-0.169192,0.731883,-0.146812,-0.019866,-0.155585,-1.523060,-1.040680,1.638640,-0.606369,0.808455,0
0.241268,-0.911732,1.295852,0.605593,0.835630,1.147848,-0.933869,-0.629787,-0.475112,-1.458150,-0.643556,0.932696,0.692855,-0.019731,-0.570475,1.441225,1
1.276782,1.022954,0.861187,0.964857,1.341131,0.486494,0.304633,0.665607,-0.202421,0.374516,-0.657521,0.651794,0.780440,0.079825,1.065331,-0.880482,0
-1.585918,0.146012,0.070039,0.595246,0.685209,-0.003392,-0.002140,0.096244,0.718348,0.687036,-0.499233,0.318867,-1.270424,-0.127934,0.320718,0.378457,1
0.970952,-1.292731,0.456749,1.457221,-0.780511,-0.120565,-0.490064,0.969791,0.251378,-0.619137,-0.185271,-0.846121,1.038441,1.177039,-0.501239,-0.552718,0
-1.025957,-0.702866,1.291245,0.263106,-0.432080,0.289847,0.183630,-0.540799,0.501106,0.988042,0.692811,0.712255,0.393250,0.820917,0.356516,-1.054831,1
-0.131552,0.079572,0.676252,1.336377,-0.109791,0.263663,-0.833026,-0.431677,-1.292019,0.922172,0.701522,0.764023,0.164091,-0.200176,0.530608,-1.072211,0
-0.423180,0.094925,0.160892,0.510169,0.486019,-1.431134,-0.627810,-0.120765,-0.679522,-1.537543,0.787429,0.126521,-2.369901,0.484380,1.108340,0.080670,1
0.345562,-0.121740,-0.209269,0.246159,0.386739,0.973976,-0.231275,0.105620,0.487448,0.460297,-1.024906,-0.460317,-0.203580,-0.962135,0.103972,0.474287,0
-1.164536,0.102914,1.053740,-0.017349,0.147226,0.630852,-0.456408,0.598318,0.656976,0.428502,0.824470,-0.538354,-0.487611,0.092259,1.621866,-1.137183,1
1.485929,-1.151949,-0.004080,-0.486113,-0.217602,-1.678199,-0.408479,-0.361128,0.753619,-0.240616,-0.121959,0.111637,0.468317,0.620578,0.035265,-1.122132,0
-1.143150,-0.139806,-0.423585,-0.132670,0.014669,-1.305793,0.411393,-0.637360,-0.319621,0.244518,1.006298,-0.540650,-0.359455,0.551638,-0.240240,0.799560,1
1.467912,-0.470368,-0.970181,0.016983,0.025898,1.347732,0.177074,-0.082063,0.809174,0.988839,0.041071,-0.257999,-0.045624,-0.723561,0.554914,0.642119,0
-1.270254,0.811725,0.466182,-1.728583,0.374243,0.967608,0.092411,0.210164,-0.541440,-0.688943,1.229850,-0.355474,0.902402,1.205267,-0.858568,-0.291527,1
0.940733,-0.793696,0.324877,-0.631026,-0.131152,-0.467103,0.030966,-0.609203,-0.074430,0.062171,0.721113,-1.967001,0.564430,-1.031381,-0.196087,0.251534,0
-0.277609,-0.288135,-0.642178,-0.099993,-0.748625,-1.859904,0.165364,1.195945,-1.432348,0.584909,-0.247428,-0.098538,0.326814,-0.313049,-1.403784,-0.902553,1
0.145006,-0.827637,-0.458903,-0.150622,0.632874,0.161097,0.682673,-1.007038,-0.976290,0.516463,0.959414,-0.579739,-0.196304,0.207363,0.888674,-0.905945,0
-1.653140,-0.842216,1.416253,2.559482,0.159104,-0.964262,-1.815099,0.030614,0.892411,0.052716,1.770505,-0.692810,0.650396,-1.006389,-0.377265,0.519705,1
1.080898,-0.572107,0.059554,-0.497797,-0.052585,-0.770218,0.372597,-0.370037,0.423847,0.591611,-1.205245,1.149682,0.107197,1.220504,0.354727,-0.165749,0
-0.930183,0.893050,-0.364526,0.577152,0.211336,-0.871030,-1.289907,0.861074,-0.990842,-0.848189,0.105540,1.020933,0.012050,-0.795911,-0.161512,-0.031769,1
-0.442634,-0.943671,0.738966,0.829587,0.588117,-0.528695,0.116222,-0.437069,0.351213,-0.169210,-0.833335,-0.715963,0.172932,-0.449214,0.278607,0.158704,0
-0.978786,-0.004603,0.901464,-0.009870,-1.287194,0.209953,-0.488117,-0.168082,-0.761629,0.983623,0.826060,-0.073455,-0.151031,-0.304380,-1.637205,0.497892,1
1.202212,-1.612645,0.328163,-0.432917,0.424758,-0.654562,-0.661034,-0.262275,0.296710,0.629162,-0.938271,1.635435,-0.185546,0.376902,-0.276658,-0.622197,0
-1.248650,0.498634,1.216267,-1.393936,0.603977,-0.715534,1.121469,0.056727,0.234048,-0.873103,-0.344666,1.159036,-0.619248,0.018153,-0.215375,0.971962,1
0.619714,0.189790,-0.765949,-0.135673,-0.260051,-0.348388,1.027921,-0.016840,0.447160,-1.034877,0.487513,1.059697,-0.773127,-0.293221,0.829778,0.004053,0
-0.898472,0.752578,0.489178,-0.460616,0.461387,-0.616019,1.650318,-1.304501,-0.236282,-0.521531,0.071383,1.102556,-0.628237,-0.661946,0.370517,-1.399119,1
1.322449,0.463739,0.212867,0.512109,0.250602,0.362417,0.540240,-0.991786,0.823898,-0.359414,-0.972191,0.948334,1.949239,-0.973578,0.996581,0.840962,0
-0.968530,-0.554478,-0.344408,0.662884,1.552660,0.394091,0.860969,0.392479,0.792708,0.824728,1.519311,-1.377544,-0.568879,0.023462,-1.063201,0.344942,1
1.690910,-0.781225,0.424103,0.655496,-0.235860,-0.907927,0.635412,-0.019550,0.034950,0.568858,1.570009,0.927303,0.090483,0.163820,1.191241,-0.860820,0
-0.534296,-0.890197,-0.494201,-0.355901,0.230460,0.352323,-0.390147,-0.179555,0.092127,0.482096,1.054104,1.396735,0.445907,1.100427,-0.375420,0.313637,1
1.351664,0.737453,0.011881,0.197115,-0.224446,0.323712,-0.222642,1.373113,-0.178012,-1.026700,-1.934592,0.643348,1.086774,0.611514,0.910546,0.010507,0
-0.545477,-0.015385,0.041580,-0.304670,0.127929,0.582271,0.525955,-0.099578,-1.006671,-0.026616,0.196524,-1.365706,-0.366789,1.346625,-0.840996,0.703545,1
2.213205,-1.097157,-0.140245,-0.546011,-0.542560,0.192158,0.908482,-0.384190,-0.655448,0.901747,-0.441639,-0.396647,-0.152131,0.160669,0.913263,-0.188689,0
-0.463664,1.359126,-0.263018,1.288280,1.211806,0.664671,0.040079,0.624851,-0.412613,0.199705,0.840969,-0.247207,0.691088,-0.776279,-0.185753,-0.205181,1
-0.273872,0.168367,0.810049,1.099064,0.630570,0.128021,-1.270533,0.749370,0.188111,-0.339551,-1.840269,0.083218,0.043417,1.373286,0.960625,-0.784392,0
-0.682259,-0.980894,-1.308239,-0.137172,0.706513,-0.601925,-0.443195,-0.306142,-0.758144,0.802826,1.406888,0.302534,-0.277915,0.375102,-0.250990,-0.806020,1
0.552539,-0.181043,0.273447,-0.007056,-0.101726,1.266188,-0.196252,1.444299,-0.520607,-0.083534,1.340894,-1.559505,-0.763168,-0.145539,0.352734,-1.926367,0
-0.955999,-0.552790,0.876467,-0.203357,0.613281,0.286478,0.400991,0.000511,0.703421,-0.169633,-0.737867,0.000786,-0.350445,-1.924311,0.156792,0.999417,1
-0.394478,0.548182,-0.342376,-0.843743,0.645274,-0.461542,-0.287703,-0.798579,-0.940773,0.365899,0.866364,-0.076758,-1.804528,-1.286112,0.539817,-1.849099,0
-1.383068,0.280666,-0.426311,-1.196820,0.197675,-0.356166,0.105240,0.521458,-0.967885,-0.557677,0.002358,-0.369786,0.256613,0.249899,0.227947,1.011138,1
0.649309,-0.173010,-0.081663,0.348449,-0.109564,-0.018725,0.014796,0.332265,0.649632,-0.692416,0.527490,-0.262464,0.955555,-0.713273,0.862935,0.372618,0
0.224626,0.299596,-0.560649,-0.245087,0.235789,1.316573,0.437776,-0.203133,0.161870,-0.158589,-1.413812,-0.713107,-0.272975,0.559220,-1.040848,0.698918,1
-0.003403,-0.142286,0.892574,1.494557,0.405313,-0.480232,-1.165136,-2.129413,0.785296,-0.262728,1.090913,0.228902,0.379532,0.788747,-0.051566,-0.320724,0
-1.009431,0.116150,0.431515,-1.309766,1.577572,-0.118300,-0.243965,0.473716,-0.094203,0.163250,1.065508,1.473909,-1.679453,-0.299989,-0.524681,0.749431,1
0.835700,-0.642118,-0.780946,-0.278850,0.820538,-2.360365,0.617885,0.470056,1.338844,-0.391341,-0.902924,-0.585452,0.149700,0.029504,0.197171,0.929985,0
-0.598382,1.734883,-0.131877,-0.358949,-1.180443,-1.010325,0.231982,-0.947999,-0.122290,-0.453397,1.526419,0.452530,-0.506235,-1.084243,1.022944,0.521592,1
1.096551,1.696325,0.171036,0.407305,0.838345,-0.020376,-1.315947,0.956178,-0.549235,-0.678598,-0.354939,0.582558,-0.099592,-1.277429,-0.691894,-1.275426,0
0.324343,-0.531101,-0.503520,0.053694,-0.006053,0.530156,0.215314,0.906907,-0.046134,0.265526,-0.189926,0.382004,-0.971326,-0.063002,-0.914851,0.979805,1
0.664702,-0.942715,0.456014,-0.341463,0.499071,-0.097778,0.234903,0.755119,0.301121,0.639903,2.005469,0.673300,-0.306488,0.906703,0.193722,0.046044,0
-1.921441,-1.406030,0.775959,-1.072974,0.285088,-1.176344,-0.594938,-0.062802,-0.917911,0.465678,0.260982,0.286403,-0.057559,-0.106291,0.213557,-0.507298,1
1.042889,1.189486,-0.731051,-0.561807,-1.062257,1.536354,-0.252438,0.008681,-0.270200,-0.517814,1.184229,0.373668,-0.703818,-0.925626,0.945922,-0.713604,0
0.246219,-1.279752,-1.202699,-0.188323,1.821404,-0.701037,-0.166763,-0.628404,-0.979624,0.641526,-1.443151,-1.196814,-0.321594,0.642540,0.495975,0.177588,1
-0.091280,-0.605727,-0.299842,1.713306,-0.608121,1.286907,0.451489,-0.093847,-0.440733,0.588990,0.139532,0.607341,-0.979897,-0.158091,-0.882641,-1.826976,0
-1.058304,-1.691352,-0.334053,0.999028,1.618551,0.482397,-0.680848,0.428969,-0.510636,0.623229,-0.373383,0.575045,0.996736,-0.039262,1.376557,-0.451215,1
1.745821,0.737190,0.410733,0.403939,1.295047,-0.080842,1.267205,0.139446,-1.264584,-0.423497,-0.257044,-0.352044,-0.471581,0.584281,-1.036752,-0.866856,0
-0.800227,-0.519786,-0.332686,-0.816020,-0.739094,-0.050473,0.257568,-0.452774,0.158585,0.725039,-1.397731,0.252587,0.221892,0.380683,-2.958442,-0.491505,1
0.672652,0.784935,-0.395933,0.038397,-0.474655,0.600157,-1.030730,1.249542,-1.476146,-1.519280,-0.104609,-1.320085,-0.532312,-0.644952,1.661707,-0.691715,0
-0.455709,0.822191,1.199859,-0.739020,0.259955,0.885381,0.076140,1.226620,-1.172219,0.212091,-0.677365,1.159102,0.094618,-1.010892,0.055686,0.168733,1
1.086224,-1.200972,-0.235814,0.117470,-0.790404,-0.374971,-0.584920,-0.113999,-0.101099,-1.008008,-0.400368,0.040358,-0.016446,-0.125060,-0.825704,0.282630,0
-0.051202,-0.711818,-0.081521,-0.972404,0.402639,-0.048333,-0.658228,0.358510,-0.260832,0.137491,-0.109765,0.750593,1.897182,-1.055485,-0.152889,-0.267322,1
1.053691,-0.492683,0.295092,-1.031576,-1.368612,0.946153,1.108481,0.822668,-0.592187,0.084887,-0.606185,0.484879,0.863342,-1.492885,0.524075,-0.477664,0
-2.116232,1.919518,1.094413,-0.484728,-0.261714,-0.457822,0.004274,0.166237,1.103925,-0.100279,0.274563,-0.406636,0.302819,-1.332924,0.467955,-0.592974,1
1.456986,0.647271,-0.890962,1.643256,-0.245532,0.225373,-0.797513,0.443187,-0.364644,-0.077947,0.277818,1.302900,0.224601,0.717834,1.503718,0.049135,0
-0.104594,-1.490823,0.520715,1.231511,0.411906,-0.742038,-0.333923,-0.105667,-0.809360,0.490170,-0.197507,0.381506,-0.230785,-0.410619,-0.710275,0.938008,1
1.514405,0.522705,0.703111,0.026572,0.561085,-0.027183,-0.329428,-1.286456,0.044834,-0.547646,-1.050316,-0.832380,0.858587,0.435171,0.913802,0.802210,0
-1.522704,1.081136,-1.483546,-1.608621,1.047632,-0.651909,0.036377,-0.747014,0.244234,-0.132582,0.395717,0.461260,0.769540,0.534613,-0.646775,0.826854,1
2.572409,-0.279718,0.377243,0.185533,0.060871,0.805530,0.810410,1.347787,1.383301,-0.043717,0.161264,0.395882,1.176214,0.964668,1.247494,1.215237,0
-0.489072,-0.186479,0.334254,0.596315,0.867317,0.236142,-0.106245,0.587696,1.232540,-0.179418,-0.032751,0.838984,0.161894,1.019778,-0.113234,-0.040866,1
-1.019357,0.773465,0.026267,-0.295836,-1.288861,-0.075728,-0.373109,-0.749381,-0.330735,-1.001406,-0.291933,0.434328,0.250345,0.816402,-0.825732,0.349419,0
-0.065362,-1.022890,0.546423,-0.505609,0.771136,-0.466338,-0.504581,-1.458892,-0.514868,0.687384,0.218276,-0.278032,-0.602303,1.022706,-1.413164,0.408977,1
0.256118,1.332572,-1.882746,0.239523,-1.050775,-0.092856,-0.228008,0.321173,0.095951,0.047634,-0.098407,-0.164508,-0.137505,-0.569973,-1.179561,-0.062292,0
-1.748622,0.804473,-0.049031,-0.861458,-0.862010,0.434688,-0.688641,0.051897,-1.571090,0.034579,0.881877,-0.142014,-0.125740,-0.527077,-0.494402,0.278990,1
0.921487,-0.109675,-1.289668,-0.342303,0.439373,0.655782,-0.354024,0.634207,0.847043,-0.435854,-0.523981,-0.397378,1.364027,-0.641742,0.054403,-1.288979,0
-0.800541,0.417430,0.293157,-0.868270,0.640682,-1.662032,0.493760,0.891592,-0.661193,0.984013,-0.321868,1.223034,0.045856,-0.741341,0.298198,0.511812,1
0.867087,0.324968,-0.366290,1.064313,-0.806814,0.673733,-1.458338,-0.635097,-0.525171,0.737121,-0.083344,0.807918,-0.467856,0.097978,-0.904647,0.722951,0
0.068947,0.539567,0.034180,-0.655526,0.844791,-0.109398,0.165412,-1.702034,-0.341266,0.803907,0.212542,0.452986,0.596606,0.675073,-0.335453,-1.236050,1
0.908113,0.844949,0.986223,0.285053,0.866012,-0.568387,-0.430705,0.531666,0.082705,0.809499,0.640885,-1.209949,0.521824,-1.039515,0.363040,0.639047,0
-1.164205,-0.124817,-0.216774,-0.729829,-0.371914,0.204266,-0.257807,0.123967,0.052496,0.299702,-1.718697,-0.640659,0.846301,1.517711,-1.288288,0.068086,1
0.093858,0.043186,2.506401,-1.979712,0.753803,-0.014919,0.158396,0.720593,0.429991,0.468333,-0.174549,-0.098334,-1.560003,0.317981,-0.910642,0.412357,0
-0.656254,0.070455,-0.392508,0.238521,-1.064532,1.081566,1.861204,-1.290851,0.851953,0.725004,0.462410,-0.837190,0.579753,0.058791,-0.487903,0.017573,1
2.322517,-0.152178,0.678688,0.513402,0.971511,-0.537153,-0.116358,-0.072778,-0.004098,-1.454102,0.248528,-0.836410,0.253387,-0.093763,1.089530,-0.349377,0
-1.074887,-0.932106,0.206648,1.255475,1.551392,1.034486,0.559911,0.955784,0.748286,0.452464,0.990712,1.426124,-0.569659,0.035389,0.473582,-0.498791,1
1.802475,-0.343168,-0.380108,1.478847,-1.479394,0.853365,-1.451131,-0.170188,0.110295,-0.021671,0.509609,-1.729755,1.374530,0.853352,-0.658895,-0.467851,0
-0.340007,0.574532,-0.297607,0.028725,0.002700,0.391798,-0.883019,-0.974080,0.887402,0.732302,-0.318903,-0.239199,0.052533,-0.701703,-0.219757,0.090151,1
1.583922,0.584321,-0.854935,-0.862993,-0.498346,0.201525,1.047515,0.282521,0.616353,-0.445483,0.660719,-0.007850,0.063122,0.924190,-0.231652,0.101516,0
-0.443211,-1.062904,-0.877351,-0.185532,-0.963603,0.289064,-0.566509,-0.234715,-0.706911,1.264331,-0.556882,-0.167498,0.228147,-0.329772,-0.551602,1.123577,1
2.764744,0.371347,0.003976,1.064476,-0.575606,0.909660,1.127758,-0.080252,-1.753966,0.702570,-0.401831,0.099674,-1.724819,-0.336141,-0.503273,-0.507693,0
-1.365661,-0.451385,0.039823,0.576567,0.602429,0.022131,0.155328,0.492984,0.978725,-0.131933,-0.752537,-0.058140,0.815162,-1.345153,0.570413,-0.459148,1
1.200926,0.658746,0.505813,-0.774422,-1.076920,0.489147,0.874286,-0.535169,0.741250,-0.405742,-0.172621,0.476351,-0.520290,0.291965,0.094296,0.201876,0
-1.223569,-1.180286,-0.438554,-0.404705,0.766566,-1.115409,0.174330,0.440872,-0.770856,-0.675495,0.032726,1.131131,-0.321830,-0.660548,1.158278,0.232750,1
0.263350,1.166758,-0.629603,-0.847568,0.900500,0.382631,-0.117451,-0.274229,1.855397,-1.556358,1.007070,-0.403573,-0.350353,-1.124832,1.513031,-0.120929,0
0.017815,1.540958,-0.055350,0.436944,-0.318952,-1.470187,-0.146271,0.799414,0.288862,1.391080,-0.303209,-0.589079,0.041423,0.178972,-0.507079,-1.502427,1
1.055463,0.905062,-0.463966,0.011673,0.733338,-0.109133,0.896286,-0.727605,0.907820,0.149241,0.316322,-0.999268,0.891629,-0.488904,-0.978909,0.025420,0
-1.476243,0.824946,-0.083450,0.569119,2.016084,0.010955,-0.625911,0.647420,-0.645322,-1.141795,0.207777,0.945332,-1.027376,-0.725246,-0.636185,-0.611390,1
0.992090,-0.297021,-0.872252,-0.852351,-0.377173,0.149302,0.171726,0.908086,1.333560,1.130508,0.896549,-0.851294,-0.063808,-1.033993,-0.070392,0.655122,0
-1.380042,0.925816,-0.646520,-0.428163,0.417793,1.048415,-0.361844,0.435422,1.829776,-1.248042,0.376389,0.764408,-0.697987,0.116427,-0.756328,0.733577,1
0.969709,0.478609,-1.475651,-0.913530,1.157892,1.191680,-0.213671,0.339624,-1.094722,0.430531,0.892124,0.355239,-0.631644,-0.213008,-1.101027,-0.895121,0
-2.747325,0.310149,0.084661,-0.068642,0.157542,-1.178147,0.274753,0.006421,0.553368,0.209677,-0.165390,0.007603,0.416905,1.041363,0.204957,0.351842,1
2.015306,0.095453,1.051430,0.957269,0.797562,-0.200816,1.951432,1.001590,0.241563,-0.382396,0.729244,0.083804,0.136238,0.366482,0.386798,-0.722275,0
-1.467596,-0.691130,-1.096706,1.632198,0.372071,-1.272876,0.203053,-1.349152,-0.238370,0.664138,1.205843,0.085975,-0.970509,0.481500,0.455520,0.098633,1
