-1.4175768
-1.6419689
-2.7712874
-3.2706776
-0.27783484
-0.41962958
-2.1779608
-0.64573326
-0.18051494
-1.9494689
-2.2000063
-1.2056184
-0.53893548
-1.4504324
-0.42985675
-2.5856736
-2.1228407
-0.97741162
-0.43228807
-1.7075436
-2.5777136
-1.556392
-1.5792744
-1.7855974
-1.5480266
-1.8062199
-1.4178103
-0.64613529
-2.0963824
-2.5761241
-1.9597832
3.6852727
-0.94813481
-1.6985494
-0.87440799
1.2582262
1.8273639
0.8262695
1.1483187
1.419084
0.69419581
0.40297004
-1.4304088
2.8551325
-0.41222961
-0.042186912
-0.54189043
-0.79109974
0.70987138
1.8387728
