0.17888056
-1.7501571
-1.0110787
-1.7518767
-2.2491206
-2.0574636
-1.8237815
-2.3111343
-2.0401236
-1.5495659
-0.69217468
-2.6171972
0.81640565
-0.10621318
-1.9226225
0.58936306
-1.4574817
-1.1218576
-2.5372314
-0.14767596
-2.0947727
-1.6333416
-4.4943684
-1.0910166
-0.72478173
-0.85940397
-1.4597641
-0.65787054
-2.4917987
-0.21485468
-1.3270759
-1.2690378
0.55573994
2.5875478
0.123967
1.4192248
2.3676715
0.15652591
-0.8307216
0.86013565
3.2190266
2.633859
-0.85276598
2.0762444
0.20133131
1.9175711
-0.42740336
-1.0286665
0.17631892
-0.7614354
