-1.2287308
-2.3774178
-0.41057383
-1.4618519
-1.1433222
-2.7539747
-1.2751771
-0.74855428
-1.262098
-0.73468179
0.3030915
-2.5576841
-2.0882415
-1.619628
-1.9699218
-2.0305846
-0.81805001
0.56641928
-0.92050803
-1.6416684
-2.4384514
-0.47695438
-0.055777011
-1.4252332
-0.53711956
-1.9119067
-1.2029741
-2.5657581
0.056070718
-2.4612936
-1.3079365
0.97024783
1.3370566
2.1866777
0.71009845
1.8872181
0.86942704
3.2821794
0.67337577
0.91598755
-1.4886599
0.55507665
0.26853187
0.4115491
0.77856733
2.078186
3.333143
1.1680684
-1.3777237
-0.40798075
