-2.529638,2.256411,9.089445,-4.724121,9.591925,-3.974655,-1.230431,3.334286,-4.664936,5.505007,-2.900541,-7.180779,-1.572489,-1.324184,-6.249966,4.267700,8.066418,2.355803,0.972939,-1.732754,5.273924,-6.698076,-3.168737,-0.981495,-3.621346,-6.258833,-0.838137,2.070913,-6.155724,3.219603,3.625328,3.740911,0
0.528677,-4.112667,-1.094189,-0.426447,-0.503782,-4.495464,-0.293182,1.875994,1.240606,2.943157,3.895422,1.899345,1.747416,3.762978,0.844446,-0.915281,-8.368508,-6.858339,-1.979280,8.180346,3.535095,-1.921980,0.224548,5.539120,0.686111,2.549250,0.865396,6.873569,1.376348,1.041893,4.692154,0.190241,1
1.911366,3.072678,-2.280283,4.360138,0.335222,0.097778,-0.675776,4.521511,-0.570652,-7.832576,-6.616226,-6.134037,3.474174,1.789070,-0.647322,-2.064262,0.950979,-1.063963,1.027067,-9.228553,-1.102373,-2.779209,-8.279171,-3.871052,1.422686,-2.011417,4.801161,-2.226856,-4.706535,-8.394380,-3.210140,7.089857,0
2.539345,6.820641,-5.403175,-4.581751,-2.277576,5.966446,-0.515726,-0.563774,0.922077,2.832506,-3.127056,2.270924,5.096230,-8.144289,6.126720,7.351849,-0.196486,-0.675045,-3.212513,3.258623,0.089022,2.954346,6.027063,-8.156139,-1.591728,-1.470831,7.887867,-0.206198,4.544172,1.705486,-3.368061,1.952278,1
-5.350080,-7.392808,0.899553,-1.657286,-11.628001,4.881159,1.984659,-2.149725,1.350206,-1.139946,-4.199215,-2.972837,0.898880,1.207043,-1.536467,-0.226782,-1.540190,1.571373,3.227962,1.527784,-1.322830,-3.877048,-8.795135,-1.680878,0.658308,-12.338372,-2.897512,4.468222,1.644037,-3.480274,-11.937216,4.074219,0
-1.806854,2.891838,4.084909,-1.626608,-4.158785,-1.783022,-0.718813,-4.941998,-0.313875,-4.126326,-0.960997,-1.595510,1.573574,3.055988,-0.010763,0.631592,-7.454263,7.211781,2.368673,3.023232,0.920719,6.922508,-3.333050,-3.957714,10.739769,-1.056923,2.764416,-1.031515,-7.267931,-2.673418,5.719509,6.040138,1
6.163435,4.065159,2.232683,-4.229240,1.441462,-3.998697,8.346508,-8.107060,0.012484,7.413212,6.453196,-2.276854,1.186592,-6.302073,2.231804,-6.237888,-5.052271,8.969679,2.662706,-0.305664,0.677256,2.431082,9.708952,-4.495043,1.244539,-3.977482,-2.765377,1.653610,-7.002859,-5.265614,0.439714,-5.240856,0
-3.140139,2.976292,-0.801912,3.765867,7.842033,-9.251459,1.732935,-5.370664,1.734148,-1.488604,1.176384,-1.760096,8.470350,5.574533,9.651867,-4.063990,2.024618,-5.269960,-0.340065,-4.513645,6.782501,2.814785,-7.497999,4.069473,2.562033,0.746754,2.174225,-4.772654,7.396883,0.522945,8.054701,2.230804,1
-1.366983,2.673954,2.442022,-2.362665,-4.252224,-0.535498,-2.846004,-4.763222,-3.302668,-4.496332,-4.285933,1.919397,4.921930,4.041903,4.877579,1.865021,-4.103670,-3.840347,-10.061937,2.080276,-4.152977,2.078302,4.712206,1.097023,-1.706244,1.868723,11.274500,-2.915199,11.623968,0.650881,1.781244,0.722321,0
3.115534,-1.321518,1.712887,6.163094,-8.216989,2.883347,4.719419,7.696611,-5.641152,6.958332,3.092083,7.658102,3.216024,-6.968658,3.706915,-6.511858,3.901520,7.089237,6.638031,-5.005789,1.070242,9.475286,1.882561,-1.496897,-5.784674,-0.619564,7.157061,-5.380680,-6.625851,-4.235941,5.483860,1.148432,1
-9.334669,5.219557,-10.003953,2.468456,-3.125004,7.270924,-3.731056,-12.088881,0.715897,-9.991107,4.326872,-0.313749,-3.160826,0.169216,-0.685570,0.314758,-2.230633,3.807539,2.911411,-5.705261,-4.263458,0.180559,-1.282164,14.466730,-2.261948,3.081392,-1.583376,-4.230984,-6.345390,-5.992931,-2.807125,0.593704,0
0.655432,-0.031010,-3.145277,-2.232513,-6.755067,1.223608,6.864508,1.004282,2.351873,-0.317768,-2.497969,3.895800,5.241816,-0.906193,-3.125393,7.165766,-5.854583,7.498560,-1.236792,-1.883417,-0.942924,6.986944,-3.463293,1.025644,5.819183,-2.095596,7.068853,-7.867794,5.042652,12.952291,0.089237,0.906479,1
-6.020512,-6.768383,5.202734,-6.903484,2.579700,-0.767511,2.748821,-0.195412,-4.126385,1.498163,-3.263523,-0.158190,6.454062,-0.330919,5.101137,-2.485588,4.029505,3.384413,3.853603,5.178038,-3.110548,-11.439577,7.901264,-2.870478,0.441528,-1.403214,-4.425808,-2.170698,-0.143116,-2.640696,0.303083,-8.702864,0
-0.480265,-5.743874,3.204393,2.099955,-1.546276,1.592718,-2.523769,-1.830307,2.743248,-3.233093,2.292360,-10.396885,5.759096,3.592323,-0.361652,9.350725,-3.241837,-3.896263,7.735025,0.248402,7.443747,1.375582,-1.802261,-4.774658,-2.445667,-1.133566,5.142525,3.547636,-1.788473,-1.130877,6.674540,0.473698,1
-6.519463,0.088467,1.365232,-7.171492,-0.085688,0.021633,-1.648916,-6.450480,0.099133,5.791374,-2.069986,-3.395435,-2.448832,3.745306,9.036345,-5.918726,-1.902775,2.107746,-1.077383,-1.023373,3.249546,-0.072138,6.889782,-8.842988,2.456984,-5.787674,3.275589,-9.307108,1.749512,2.991552,-4.085342,-1.157427,0
-2.166130,-0.676073,-0.541527,2.935589,0.590681,2.298700,13.472841,1.068531,-3.538275,-1.274879,3.410692,-1.778450,3.497131,-0.688107,-9.027568,1.483534,-0.605497,-5.012350,-7.130020,3.625282,4.821438,3.054461,2.145407,-2.987431,-8.483530,5.507914,0.449244,0.961290,0.422009,1.781364,3.745493,1.037094,1
4.991453,1.802656,-1.170944,1.805403,0.368864,-2.828896,-0.828020,-2.107450,-4.837175,-0.205984,0.693634,-3.568020,0.364569,1.066246,5.985373,3.331440,0.937860,-5.508381,-6.832853,-1.167452,8.296713,-4.485315,-5.817614,-0.924141,2.733978,-4.465637,2.488886,5.567739,1.168350,-5.335653,-2.865797,-0.368179,0
-0.465044,-1.255526,-9.618250,-4.186985,-1.019789,-1.722231,0.796743,6.878407,4.801350,2.850143,1.923361,-2.198954,-6.119657,1.035276,12.856001,-0.753519,3.615507,-3.549942,-3.785791,-1.530100,3.211792,0.511862,-0.798676,6.096825,-0.830446,13.083990,3.911669,3.380344,2.547724,-2.101866,1.980946,2.797098,1
1.749811,0.895006,8.764286,1.118807,-2.809381,-3.293678,-2.913452,-5.127052,0.823032,-2.942474,-7.912678,0.781227,-2.325987,-3.991302,-0.433374,-8.266099,-0.201859,-2.802145,-2.595533,-1.429323,1.442484,-1.626150,0.394588,7.215813,5.298395,-1.927608,0.498857,-0.374792,-1.828594,-12.520724,2.459148,-4.548437,0
-3.925520,1.704607,-0.600651,-2.762196,-1.706293,5.991266,5.308483,-9.241023,-0.231838,-1.308187,-1.717846,4.853104,0.426121,3.210424,8.083315,1.380522,-0.825708,1.458847,-12.173042,-2.254932,-0.895723,4.475510,-5.528327,1.390865,2.700005,12.683084,3.604053,1.301832,3.585110,3.107973,0.481560,6.186115,1
1.075623,2.027296,-1.462387,-9.672729,1.005960,-2.195892,-0.652044,2.022968,-2.350540,-0.463453,-2.674269,-7.418759,3.683586,1.217617,1.887014,0.276587,-3.979834,-1.887011,0.377592,6.139498,-6.418753,3.711884,-5.674427,3.938654,-4.095814,-0.676884,4.265182,-10.914651,-1.807455,3.965994,2.445438,1.706995,0
4.397726,5.235548,-2.674126,-4.674366,-0.611776,2.900475,8.449352,5.362244,-0.593182,-0.700466,-2.711508,-5.658461,-1.054625,4.692953,3.931650,3.625891,4.139849,-4.671959,7.580368,-4.009636,-0.465330,5.563459,-6.878253,0.399950,8.631989,5.603191,4.189035,-0.207109,3.484640,0.129263,-1.650810,14.040289,1
-1.120661,-3.133059,-5.260828,-2.654226,-2.694660,-0.676008,-7.391623,-0.974791,-8.503977,-2.652519,8.385033,-1.405865,4.100906,8.779169,-0.949757,-6.398180,0.653234,-2.013020,-6.708616,-1.937458,-0.779625,-1.115763,-1.364601,0.706371,-1.421141,-2.784241,2.644360,-10.154767,0.734261,3.443739,7.613739,1.995615,0
1.066538,-2.957991,-7.443985,5.404146,-1.828482,-3.639517,6.177982,4.696192,-0.865219,-0.794048,-1.726929,-2.339283,3.696405,-0.205839,1.318399,8.378153,0.968479,-2.849794,0.602108,0.957722,4.590704,1.058525,-0.461792,7.126221,4.341393,5.836136,6.548933,-2.525007,2.620811,2.350657,6.918806,-2.555365,1
4.842443,3.974234,-0.865295,2.847130,-4.562321,2.010962,-0.665178,6.751070,-7.160358,-3.145430,-2.514359,7.176447,-4.994833,-2.873529,3.739618,-1.826748,5.288183,4.606443,-1.856970,-2.443295,-11.198067,-8.403334,-6.803387,-0.837866,1.937996,-0.474026,-3.599710,6.326088,-7.161045,-6.519053,2.251026,-1.852531,0
2.888935,0.080467,-0.093552,-2.807074,-0.602884,0.059601,4.442726,-2.264463,-0.402779,5.032412,-1.427326,-2.574364,2.048580,4.028206,2.145250,-0.419672,-0.734596,8.719130,8.750923,-0.439255,0.856499,0.257490,2.577280,4.320330,9.131577,3.395847,3.010956,-9.957529,1.348186,2.615492,1.964666,1.637705,1
-4.161379,-9.389209,1.927309,-6.067350,-5.860241,-0.550146,2.428629,0.481642,3.070227,6.224127,2.390358,-7.009615,-7.997668,-2.811544,-7.728476,6.997278,-7.835596,-1.907740,5.014853,2.192364,-1.712559,-4.991352,-3.165976,1.974176,-1.660364,0.035723,4.787012,-2.091356,0.569231,1.588871,3.687334,4.158321,0
10.750036,-0.597248,0.574158,-7.031908,-2.244345,3.317186,-0.297731,0.114786,-0.317059,7.612991,-6.784352,-1.877794,3.810686,3.974754,-1.878269,-1.059347,0.507507,3.793917,-1.528875,6.931808,-6.639098,2.026991,5.505939,-3.265095,-0.579597,2.860428,-1.688269,5.312647,7.930161,-5.513440,1.312801,8.139908,1
2.758272,3.947624,-4.934568,-2.365534,2.655344,3.777546,-2.683050,1.531845,-3.019894,3.455843,1.284786,1.194813,-2.549887,1.845938,6.141932,-4.241709,-9.044508,-4.666134,-3.402264,0.944263,-1.336504,2.564438,8.411798,5.374632,-6.247374,0.353872,-2.744621,-0.255016,1.653486,-6.724297,1.999916,-0.258718,0
3.790304,-4.020201,6.035513,7.857170,4.072588,0.940765,3.337280,1.407965,6.808641,9.509754,2.183819,-1.201550,1.258469,2.627888,3.760229,2.704491,-3.286642,-1.199272,-0.232471,4.761753,-6.980707,-0.858904,11.433832,-7.770195,-2.082283,-1.777485,1.022831,4.094894,4.243374,1.758436,-5.475726,0.369411,1
3.044712,0.737055,-6.541998,-11.862390,-2.742275,2.879641,-3.585083,-2.681368,4.686918,1.065750,-1.934296,-6.369673,1.307268,-4.074055,3.770607,-0.760551,-9.047258,-3.064138,3.517994,-5.886826,-1.965126,-7.746212,-1.036604,-0.509493,1.990343,-4.559431,1.945738,5.620903,-2.513372,2.219791,4.257296,-2.046574,0
3.509541,8.958841,3.779224,5.636314,2.093117,1.691166,10.206137,10.483482,-0.612389,6.960575,7.636810,0.856140,5.169498,-2.074097,-1.395065,9.036858,-5.353947,13.424784,8.008598,-2.843794,2.924519,8.390745,0.533201,3.323521,3.167706,8.208811,5.422865,-1.156616,5.031071,-4.636398,-3.079842,-2.014753,1
-10.412805,-2.299198,-7.632689,-1.446318,5.786043,8.126560,-9.279016,-0.409101,-2.901236,4.811459,4.776155,-0.124058,1.064522,0.335836,1.162760,-8.419835,-2.711435,-3.647825,3.420778,1.788599,-8.651464,-2.408270,-8.047271,-0.232849,5.897038,-2.924349,-4.887665,5.614567,1.105448,3.458908,-2.557123,0.003885,0
7.791731,3.141930,-3.564377,3.009264,3.555767,-0.527611,-1.157808,0.509640,0.847948,5.603676,2.258335,13.621489,3.843128,-5.686461,-6.675706,-4.840767,2.244757,2.151453,-3.660328,-3.871588,8.050613,8.875420,-7.321746,4.344000,9.216780,1.619160,1.525930,3.650158,3.342440,-2.649361,1.536875,5.090982,1
-1.766315,-3.236557,-3.410433,-4.614780,10.421602,6.902287,-2.805349,-6.678999,-5.441084,-2.385782,1.060038,-0.147223,-3.612524,-0.379303,2.537298,-3.252766,6.679680,-5.486391,1.769678,-0.685530,-3.793266,-2.545853,-0.028200,-5.572411,2.206583,-6.232265,-1.739285,-1.152157,-7.832092,0.932058,-2.788319,-4.952179,0
-4.138605,5.868454,3.119785,5.500626,-3.037374,1.712250,5.193348,-3.600912,1.813919,0.247147,1.349236,6.410686,8.710115,-8.228345,-4.067621,-5.042866,-1.941858,8.364605,2.295420,4.167887,-1.134830,-2.543659,-2.688519,-4.663879,1.864231,0.802511,7.033463,-2.494345,4.052126,-4.340246,4.201483,5.273813,1
-3.029543,-6.224838,-0.785313,5.382420,-6.259811,-2.222811,-4.424168,3.229488,3.445484,1.275280,-10.945201,4.030983,2.042519,-4.737923,2.520256,-1.698727,-1.801655,2.602806,-4.010447,-6.833611,-4.201910,4.582603,-4.773722,3.557470,-5.624529,-4.881384,-12.041825,3.212526,-2.668331,1.198660,-1.825144,-4.720760,0
2.138700,0.130524,2.715723,10.188046,0.784750,-1.101549,0.780836,4.521177,-7.438668,-2.776377,-0.197247,-3.895918,-3.338049,-4.537363,-0.625603,0.006620,-3.687721,1.656183,-1.181507,1.099213,9.104118,0.934227,-0.256002,3.816317,4.710449,4.391897,-5.601533,4.642447,0.697931,-2.363380,-7.627047,0.758410,1
5.140673,2.787939,-3.793743,-0.617731,-0.702938,-1.913918,3.578117,-3.028673,-2.559822,-1.133827,-0.584490,-2.509779,-7.070664,-12.007348,-0.430014,3.203293,-8.711590,2.666637,3.513842,-3.863268,-4.653364,0.594749,-9.067126,-1.127865,4.948618,-4.937616,-2.376556,-4.174459,0.743359,-9.221412,-1.110250,-1.458471,0
-2.775251,3.693521,-5.547337,5.249731,1.004738,0.935831,4.997450,0.365246,1.651842,2.939734,3.192495,-6.983830,-0.186605,-4.195841,0.510178,-2.316778,1.775352,0.715382,3.681362,3.953020,-4.935953,0.681408,3.710550,-2.685461,-4.229290,-6.385219,-2.893225,3.830812,2.790472,10.466501,1.144728,0.866859,1
-4.571712,-4.106543,4.404453,-0.658756,-1.677481,3.386024,-4.166910,-5.134054,-4.091228,-1.593359,-4.603500,-2.924398,-7.161593,-6.625015,-7.589473,-7.645031,-7.376403,4.292793,4.004160,-3.896059,-8.481951,7.898670,1.671768,3.281206,-7.475843,-5.925659,5.936928,-3.645605,-0.706272,4.625376,-5.177469,-10.706758,0
-7.226443,-5.964178,7.793440,4.772449,-4.453793,-1.413046,1.377048,-5.371772,-2.036772,9.913860,4.520920,-1.676760,-1.415174,1.428568,3.193016,-4.824217,-1.992250,10.823324,0.876448,9.502920,-3.752167,0.721344,5.362406,4.108604,2.876795,4.386009,-2.585464,5.039745,-5.762724,0.758438,0.281881,4.262215,1
-5.675728,2.595797,1.825161,-5.468782,-2.924461,2.902216,-0.248482,1.619511,-6.602974,4.504786,-0.068232,-3.523968,0.638008,2.940620,0.474918,-4.781029,-6.418819,0.111475,-0.581503,0.253614,1.998423,-3.526995,4.442085,4.423275,-2.599215,-6.449358,-0.769049,-0.787580,0.868504,-2.448864,-1.364347,-0.195175,0
0.397554,2.727697,-3.423071,-2.829519,-0.936813,0.791985,-0.997581,6.055746,2.661171,1.851055,-0.706701,6.701479,4.170137,1.339455,11.914282,1.480011,4.170408,-0.431622,-1.054140,3.710272,-0.399254,8.829865,2.051388,-5.743369,1.344118,-3.646511,5.489494,-1.698792,-0.491201,-1.545361,4.334084,-2.692099,1
0.455656,-3.058649,-5.683500,-0.833017,-3.420425,2.268888,-7.237411,4.267775,0.420578,-9.542608,-2.151108,3.789606,-8.835018,10.094301,-7.138092,-1.481380,-3.093822,2.818254,-5.619339,-0.499735,-3.308100,3.032187,-1.651117,0.195978,-6.922379,-2.955572,-1.903715,-0.968763,3.289598,-5.634306,-12.401410,-4.930843,0
-0.035854,1.468340,-2.470629,-2.753529,9.135874,-6.945426,6.384661,-0.816118,6.702057,2.362480,-0.434380,-0.937912,0.107391,6.015171,10.734568,2.375301,2.478737,-0.138523,-0.528175,1.822290,-5.329597,-3.090185,6.076029,5.073969,4.026752,7.650593,0.268986,-1.815342,3.461641,3.093470,-7.056602,4.846941,1
4.112350,-0.727663,-1.021124,-3.768965,-2.595613,1.247871,-2.136478,0.660234,3.311028,-9.493285,-8.223571,-1.907579,-0.690508,-0.120522,-7.290718,-0.642290,-2.983261,-5.531609,0.193195,-7.514354,-3.184946,-0.002129,-2.644531,6.975628,-12.564441,-4.623413,-0.526379,-6.212162,2.918940,-3.576008,5.756912,-13.891746,0
-2.717781,-1.988337,3.029425,-7.147382,-4.549932,3.419878,-2.377846,-1.361551,-2.039776,7.699919,-2.984447,-0.648767,5.587818,0.544767,-2.631767,1.349955,2.170839,0.058132,-0.663067,-5.962884,-0.448439,-3.242231,1.838844,-6.187160,7.227377,-3.544044,7.676731,6.360294,1.380466,-2.401913,5.415909,-3.903929,1
4.343584,-2.006985,0.436466,4.633814,-3.278133,2.881153,-3.477306,-4.134716,-5.897024,6.350792,-3.119970,-1.890139,-2.277035,2.645891,1.451483,5.944265,-1.923834,3.976774,-8.139084,1.205828,-0.939699,0.475788,-1.795738,-0.946842,-3.970993,-2.751715,-13.162508,-2.812773,-4.797514,-1.292561,8.878090,-14.954423,0
4.686028,3.137899,2.472851,-5.187037,5.893574,-0.473686,-0.402397,-5.165821,1.748055,-0.914825,-3.330254,2.767685,2.384809,5.498564,11.387587,2.943668,-3.756508,-0.033495,-5.512846,3.013029,0.774307,-3.538610,-6.066351,4.913355,-0.148447,7.311930,1.407253,1.409878,-2.460396,4.685341,-2.181900,0.820932,1
-0.924261,-0.735435,0.849731,-0.919464,2.172928,2.231636,3.573650,-5.687193,-4.089001,8.698746,-0.766153,-5.630644,-0.219406,3.670418,2.302422,-1.737715,-1.929150,-4.321421,0.849968,-6.095369,2.254105,-2.645266,-2.200207,-10.401016,-7.132046,0.114063,6.575150,0.972937,-2.632662,1.358870,8.499409,0.953999,0
1.976912,-0.289772,1.610119,-2.443401,0.282585,0.871319,-0.044012,-1.756239,1.399967,3.161568,1.457504,0.512506,-1.163685,2.606806,0.770287,0.564854,-3.702290,3.483030,-0.860262,9.635845,-0.871532,-1.599569,3.968323,7.589344,6.122444,7.364124,7.080139,-1.648333,3.945219,6.261644,-10.667809,2.304777,1
-8.138376,9.476591,-1.688747,-13.089208,1.410995,-7.952562,-0.965483,-6.604143,1.301508,-8.386977,-2.840151,4.417326,-2.036449,0.524364,2.535290,2.063904,-1.579445,-2.519218,-0.973402,1.806129,2.064558,6.821016,-5.172239,0.155918,5.280384,-1.650312,2.616344,-4.320816,-18.000420,-1.861864,-2.821075,-4.973318,0
5.788137,-2.677044,1.366468,1.006691,4.407469,1.324106,5.811686,3.711451,1.087597,0.982569,0.077148,8.087679,1.386490,-4.379753,8.020821,4.232466,-3.085136,-8.780916,-1.056025,-1.106037,1.780350,3.759161,-0.268761,-0.147993,5.628000,-0.903316,1.563652,1.042694,-5.203052,6.421890,-0.788183,3.114937,1
-3.199078,7.318123,-3.703730,-0.231462,-7.254209,-6.530451,6.589615,-0.356951,2.455074,2.245293,-4.600014,3.935778,3.556911,-2.904476,3.662500,-5.448963,0.451000,2.551493,-0.350058,3.298489,-6.964022,-3.798811,7.522209,-0.661608,-6.705441,4.184729,-3.133492,-8.367396,-2.833670,4.809622,-13.720684,1.863096,0
-4.369770,1.666260,-0.105402,0.873627,-9.213587,2.579575,1.608301,7.694889,9.111086,-0.023914,-0.085001,2.576633,2.030794,2.697241,2.203615,4.441168,1.056004,-2.126947,1.714161,7.855553,-7.608531,0.674067,-6.037843,2.611631,1.465162,1.523680,5.625517,2.356955,1.773256,-4.311800,-6.743929,-2.873657,1
-0.094084,-5.086378,0.555912,8.553013,-12.948776,-6.548571,0.580431,-6.216290,-2.395536,4.106138,1.315884,-4.129076,7.970533,-7.595460,-1.138405,-3.479919,-4.294918,-7.292837,4.974089,2.675604,-5.758224,3.198824,-6.106600,-3.485802,-0.626701,-1.944969,-3.927376,6.305702,4.109333,3.877514,0.662441,5.225567,0
2.849506,8.286144,0.096340,-1.612192,5.113008,6.920240,-2.326366,-0.559181,7.119102,1.058907,1.853291,-8.045510,0.284775,7.443262,3.906191,4.655022,4.750751,-0.194164,0.222895,-7.312409,0.113028,10.623121,-1.882307,-3.607990,10.911079,-0.379616,-4.858341,0.555912,-6.882353,1.833872,-0.254677,-6.401496,1
5.441921,-3.528900,2.141649,3.025742,-1.664522,1.678255,-2.658371,-1.128052,-3.400942,-4.307442,-7.903017,0.382671,-5.986950,-1.421627,1.531448,-2.248756,-0.507820,-1.108759,1.047842,-4.517313,-0.737980,-1.184959,1.527700,2.340801,5.538313,-4.926428,-0.997370,5.103228,-6.601891,-1.946812,-4.899996,-10.363215,0
2.990715,-1.890436,0.366852,-1.669443,-0.154354,-2.964767,1.629869,6.823603,3.115786,1.717630,6.311687,3.444469,1.561567,-5.252403,-5.662873,0.232918,6.497971,-0.669413,3.066294,-2.113173,2.814806,-8.555029,3.613298,-4.289701,3.069151,4.456583,6.407091,5.931015,-3.125439,-1.237135,-2.557133,7.581472,1
-2.887894,1.280895,4.093912,-3.100803,-7.525144,-3.586176,-3.962767,4.420849,-5.648186,1.824839,-4.683392,-6.082664,-5.063652,5.562056,-1.535431,-7.687906,7.346323,-7.426516,0.337667,-3.725002,0.564854,-5.674191,3.161804,4.511017,-1.866795,-3.151440,1.419914,-6.736364,-4.801825,-2.120251,3.355244,5.539362,0
5.677515,-0.816433,2.285727,-4.508753,2.011889,3.778744,3.557171,5.246836,7.012518,8.908409,-1.641172,-1.482683,3.154646,-4.356508,3.770182,4.790396,-1.765339,-1.668774,9.777014,-1.268446,10.119411,9.456015,-1.103384,0.349409,-0.861181,4.122395,-2.100971,-2.289267,-1.591703,0.341944,3.743889,1.563238,1
-1.313599,-3.753162,-3.090038,1.087694,5.235907,3.911991,-7.546563,-9.616570,-1.183878,0.652269,1.345936,2.767517,-7.594603,2.318312,-4.192959,0.183558,-4.200628,-2.578127,-1.714828,-3.519560,-2.634010,-4.690113,-4.827196,-5.510590,0.415594,-3.253534,-6.214296,-8.640769,-0.519800,0.979593,2.539783,1.065868,0
0.840384,2.663906,-2.312986,-0.368773,2.058319,3.410034,6.184879,4.674435,-3.826393,-9.945890,-1.947969,1.207085,3.182144,0.775448,3.829672,-2.339514,1.392380,7.589973,1.019186,2.537094,-2.355038,2.606604,3.190916,2.087435,9.680101,3.615097,-1.484856,-8.335475,11.373659,0.613760,7.530029,-9.795401,1
0.709894,3.716082,-5.853996,1.902048,2.503498,5.574059,-2.003639,1.355492,-0.997093,-7.135674,-5.169271,-6.522390,5.711773,-1.529331,-7.436349,-0.419119,-3.262180,-4.447830,-0.879265,-9.709198,7.434175,-0.175709,1.338236,-0.469988,1.459595,-3.916157,-1.279518,4.291307,-3.729845,-5.945044,1.407816,-0.276691,0
-1.848326,5.384027,7.109760,-0.681913,3.009090,-2.136271,1.900269,5.277885,-3.064184,0.053232,7.029865,2.419418,-0.549473,-4.795902,-4.347324,2.497646,2.965921,-0.270269,2.958553,-4.400478,-0.703867,-6.599585,6.241409,3.672388,1.263519,1.045256,1.540270,-1.643091,-1.889633,-3.018499,4.385542,5.417128,1
-0.389107,-4.674549,-4.075876,-4.073204,4.669924,-3.853676,-5.010330,-0.656610,3.365795,0.494434,1.385695,-6.762980,-5.162176,3.344576,-4.181625,-3.543344,-4.477238,-6.356441,9.875143,-0.968290,-5.349131,-2.314375,-2.938707,-2.655012,-1.704649,2.460148,-12.822524,-4.591532,-6.697201,-2.981060,4.854637,-7.906152,0
7.403322,2.310419,1.107981,-1.032200,3.649626,5.510143,-1.995649,-4.408018,1.276871,-1.478912,8.496067,1.297838,0.752693,2.001102,5.767860,6.020563,-2.720123,-0.630154,1.448988,6.838226,-5.690533,1.385227,2.250792,-3.113922,0.479410,2.231140,0.802128,-3.174068,-4.046747,5.424702,3.950129,5.175882,1
5.179823,0.069580,-4.066120,-2.234032,1.188425,-3.419941,0.961561,-6.460041,-2.383814,3.099491,-4.035881,2.922653,-0.315662,-9.054724,-1.544214,2.232519,-3.986925,-5.929230,-2.284899,6.537312,-2.175240,0.767050,4.028303,-0.793665,-5.039129,-0.240450,6.722811,-1.916876,-8.655954,-6.280787,-8.839568,2.852579,0
4.967499,3.706890,-0.001448,-5.027674,3.583635,0.935154,1.493877,-2.083019,-4.698883,-4.296423,-2.006077,0.705315,3.789806,7.053942,4.858715,-2.041958,-3.103722,-4.034870,4.782616,2.615326,7.486057,1.261999,-5.363587,2.361666,0.384275,3.331398,5.928072,-3.698378,5.389118,-1.373320,-0.520678,5.662779,1
-11.542103,-3.826147,-4.022009,-6.082733,-5.594603,5.101427,4.359287,-4.709137,1.614666,1.046061,-2.604483,-2.645376,2.353291,-3.791061,-2.919260,-3.675114,-2.506905,-2.670786,-6.827366,0.248379,-10.093970,-1.313868,4.007608,-6.938740,-6.718670,-1.189716,1.615318,3.416264,-3.483137,-6.166389,2.647709,-9.840405,0
5.315844,8.646120,0.020351,7.821129,2.513073,-0.197134,4.508541,-4.127445,2.690474,-3.627150,-2.799543,6.094934,1.087858,5.677507,0.022015,-2.298525,7.242128,2.371052,-1.145927,-1.578503,1.139925,2.998150,3.308178,-1.999556,7.376423,4.652817,2.554998,-5.270274,1.842890,-2.062983,1.244778,4.999176,1
1.058191,-0.318270,-2.698904,-5.428101,3.220119,5.233929,0.536110,-0.058931,-0.948597,0.443518,-3.741625,-0.429707,2.957937,1.602524,-1.744791,-2.522877,-1.513350,4.451218,5.234983,-1.824217,-7.546215,-16.636177,1.932745,-0.187885,-7.360908,-2.414160,-0.302515,9.405767,0.470192,2.105621,-3.084669,-1.735918,0
7.678663,1.946629,2.601988,-0.417171,-0.598362,1.808792,1.213722,1.190718,2.172606,1.852058,4.542801,-7.445659,-4.531481,-0.808857,0.144579,6.486671,3.572727,-5.496383,3.661978,4.495518,1.920982,-0.546413,-0.098963,2.956589,2.534109,6.500566,-1.198725,-1.923494,-0.624500,7.166981,-1.415617,6.903017,1
-3.769707,-2.074924,-12.006976,-6.748800,-10.476581,-0.360645,-0.783983,-5.619848,1.099516,1.053400,-2.374008,-3.183290,-6.925333,-0.241447,-1.638857,-3.030378,-1.363062,-4.132757,-2.553293,-0.011320,9.520063,-0.675362,-1.640991,4.627361,-0.507484,-0.603132,-2.773239,0.743267,6.302298,1.608549,8.020266,-4.693272,0
-1.635534,-2.383112,-2.548765,2.430796,5.614693,1.387888,-2.064867,-4.091715,-2.969612,-2.214563,0.046268,1.469597,-0.139393,2.290714,2.353085,-2.708216,3.210857,0.211451,-3.146185,-1.605978,2.925470,-0.733177,3.234293,-2.828629,3.782419,-4.249531,8.569317,-3.093765,-0.556149,-4.591808,1.013601,-4.481016,1
-2.952528,-0.775579,-3.035149,-1.777811,2.344135,-0.469160,-0.414824,-8.889424,-5.098040,-3.626917,0.620815,-3.427198,2.800148,0.524662,-4.663425,1.142778,-2.470474,1.690735,-5.374273,-2.193628,-5.553217,-1.807924,3.594133,-0.359406,-3.799349,-5.559748,-1.653505,-0.740324,-0.730776,3.368513,-0.587477,5.243074,0
-4.540663,-1.693501,4.401680,5.258879,7.051128,2.031071,-1.233213,7.961897,2.346371,3.747334,-6.647572,-0.953569,-4.125063,-4.606651,1.589607,-4.745087,-4.688612,-6.811020,4.112150,-1.299976,-1.125990,-1.525717,-4.068317,6.661997,1.912813,2.455965,4.942003,-4.401735,-4.831007,5.443150,7.688101,5.146566,1
-6.081774,-1.554871,0.678066,-7.072803,-13.451267,4.460188,0.624216,-3.303795,-1.055300,-1.624245,-3.424635,-0.067078,-1.792368,1.676058,-0.822218,-8.210513,-0.648451,-8.869281,-5.297537,-8.024431,-5.313498,2.177185,10.943636,0.002373,0.901840,3.844170,3.604439,3.384884,-3.709839,-3.709391,-5.987724,-9.935134,0
1.709068,-12.969378,1.560461,-3.477594,-1.563082,-3.252851,0.019642,-0.404789,9.524973,-5.307203,-4.812424,-0.486380,2.879637,-12.066390,0.403690,0.233719,4.837759,-0.983736,0.798140,3.251932,-3.541168,-1.016867,2.764395,3.792719,4.878862,2.771093,4.779692,2.615839,0.891495,6.560097,1.760401,-2.976000,1
-0.021881,3.813616,-0.690571,-1.473013,-0.629753,1.919424,2.908010,3.843859,-3.918505,-8.827903,4.548958,5.427906,-4.481577,0.404915,2.237432,-2.500086,-4.199398,1.825827,-2.994749,-7.056454,-2.171728,-1.224852,-1.432690,-8.100594,-0.677073,-3.608326,4.524349,6.538177,-4.236029,-6.286406,3.727396,-8.605181,0
4.560413,0.100716,-2.148621,-8.223975,-3.048985,5.320816,-3.046993,-2.400488,11.233732,8.531700,-1.987011,-0.381006,7.919771,2.300842,2.121218,10.438978,-2.622915,-2.335453,3.107298,-1.279005,0.085190,1.089428,1.074944,6.870007,-2.319906,-7.238791,0.009974,-3.334196,-9.650900,-1.008682,5.029955,1.409231,1
4.060080,-4.046389,-1.683584,0.762535,-8.330329,-1.941420,3.450741,-7.222008,-2.694052,-0.504522,1.658653,-2.470745,-0.573122,1.075928,3.724236,-1.867811,-4.139647,-0.370838,-5.348143,-1.024399,-7.990583,3.173243,-2.322241,-3.918386,6.828871,2.502878,-1.295115,-1.870014,7.219351,2.475063,-0.296263,-0.846531,0
2.040112,6.117311,3.954924,0.889898,-1.830206,7.827467,-2.468740,-2.779970,-3.703312,0.296560,7.610861,2.661249,0.323866,2.441936,0.878347,-4.725307,0.327265,0.595619,7.122610,2.793194,11.451555,-2.128149,-5.200450,0.539772,7.474377,-0.642740,-1.911652,0.371695,1.412086,1.776251,1.497509,-1.099985,1
5.305626,0.537266,0.190144,1.657963,-3.065569,-7.703812,-4.871103,-6.442404,-1.846619,1.852140,-6.417244,2.718023,-5.179304,-1.861410,-2.300903,-5.362659,0.070139,-1.700537,-3.987970,-8.166814,-2.978277,-3.234011,3.329762,-5.882652,-4.191025,-0.028690,0.630106,-2.788477,1.098175,-2.512260,-5.179119,-6.956377,0
2.358282,-0.293127,9.295313,8.754827,-2.996094,5.805592,0.026384,-6.040195,3.454109,6.583691,1.852549,5.565964,-3.576761,-0.451271,4.824463,3.179592,-3.492298,8.167322,6.501047,1.379110,0.147202,0.441805,-4.685019,4.595663,1.248302,11.952307,6.453236,2.940729,-2.282549,-4.474648,4.076340,-2.368717,1
-7.750528,-2.012959,-3.266956,-2.287973,-7.837200,-5.716499,3.664240,-0.222460,-0.115227,-2.603691,1.138674,5.049526,-1.788925,-6.227505,-1.238207,-4.281939,-8.372698,0.262938,6.912918,1.442038,5.226913,2.343334,-7.368060,-3.440104,-3.786625,-3.949743,-7.392549,-4.264317,-8.687489,-5.905075,2.655975,-10.185803,0
-1.792637,3.913675,3.465794,0.457035,0.816595,-0.641600,1.660236,7.935143,-4.159079,1.073963,-2.852411,-5.305725,0.100456,4.899586,0.858244,10.752125,6.703209,2.577240,0.033764,4.163143,4.609438,-4.920006,-3.400957,-7.499706,4.162947,-2.145294,5.583765,-6.982190,1.871260,-0.632294,-1.444559,2.031927,1
2.316338,-2.956211,-5.932539,-7.569531,5.454391,0.454142,-6.818338,-10.717499,-0.134533,-3.161194,-1.088280,0.957897,1.502684,-1.478479,3.844269,2.794027,4.244173,-2.471737,-4.202719,-5.967974,-4.312595,-1.540865,-1.282309,-0.853125,2.890045,-10.126592,0.078432,-2.269770,-0.371977,-2.768013,1.787342,-3.767763,0
7.461348,-4.708252,-5.428577,6.496887,5.513680,-3.017639,4.241997,5.198053,1.982712,2.827463,-2.636932,6.684824,1.631498,-1.983309,5.528717,0.426973,-2.818773,-2.212498,6.063459,-0.750580,5.558834,-2.011889,-4.651613,2.782188,6.770424,-3.120934,1.652531,-6.144650,-0.293043,8.288448,-0.482868,1.210949,1
5.094185,7.586737,-4.195660,1.471825,-2.002619,-1.148857,4.675747,-6.468260,0.248281,-3.326260,-1.966427,-1.433735,4.380619,1.236519,3.213194,2.039042,-3.795168,-0.199499,-9.033088,-3.156824,-0.019670,2.947742,-3.566957,1.000917,-1.237236,-1.640644,-7.422800,2.675165,1.542330,-2.244097,4.980158,-4.354134,0
4.270252,5.809687,-4.362844,5.062990,-2.100735,7.011419,3.168383,0.535732,-0.727049,4.646080,-1.269585,9.375538,-0.341831,9.505278,-2.405836,-0.454304,4.913301,0.635994,-1.339561,-3.840946,12.307863,3.548349,1.276302,4.396557,-0.274546,2.088144,-3.082981,5.194572,0.539066,5.943741,-3.255114,-4.344799,1
-3.743080,3.695137,-4.585842,3.492146,-6.409029,-2.043587,-1.182894,-5.133413,-4.608690,6.376921,-6.249083,-1.268660,-4.847507,-0.302517,-5.210363,-4.513149,3.274878,-1.381273,-2.507898,-2.907217,-2.930124,7.872456,3.291039,-3.260916,-3.816116,4.316816,1.118626,-4.528299,-1.345371,-2.308033,1.728350,0.848129,0
3.677874,-3.265232,-3.183870,-4.324404,1.406296,-6.063045,-1.924269,3.119328,-3.422752,7.912178,-0.977428,3.015047,-2.220881,2.386091,5.109131,3.601707,-0.874117,4.884806,2.109108,3.467274,-0.931252,3.306089,5.894928,-0.670509,-5.043625,-1.599852,-2.993921,1.168575,-5.373253,0.050898,-3.076042,5.801832,1
-3.730036,-5.574793,0.565342,-1.326435,-5.256245,1.433496,1.234303,-5.270281,3.213289,4.144230,5.446997,4.214119,7.418346,9.066214,-7.492868,-2.203283,-0.062689,-4.772579,0.391270,6.257889,0.390944,3.452618,6.046064,-0.262465,3.570730,5.470047,-1.810289,-1.790073,-2.715508,7.742462,-1.114264,-8.287738,0
5.771439,3.624973,1.231859,1.562853,3.290909,0.662622,3.554680,6.735109,-3.654772,-2.993574,3.201040,1.680372,-3.003218,4.004555,-0.098055,12.956118,-6.862988,8.521915,16.160646,-7.972720,4.241674,0.342346,-6.058507,-4.628639,-4.567127,3.127117,0.098869,-5.319885,-1.410374,-1.378899,4.100855,1.044058,1
0.754091,6.936525,0.602760,1.709700,6.065775,-3.022808,-3.373644,-0.932753,-2.846369,-5.019941,-11.100994,-9.026155,-1.237867,-3.730036,-1.156794,5.679562,-2.927319,-2.329550,-0.663795,-3.628695,2.051886,8.278790,6.847614,3.322758,2.417961,-5.955637,-0.599510,3.078251,1.353254,-3.624386,4.206949,1.082344,0
-2.227976,7.871666,-2.495359,2.497883,4.499968,4.522099,-4.580719,4.375734,5.811436,4.367218,-1.107449,-0.537161,-1.471727,2.027203,5.483685,6.663513,1.125437,-2.843420,2.836735,1.172949,-3.630524,3.875879,0.225332,6.002714,2.427578,0.108606,-0.083717,-3.418623,1.151831,0.087631,3.545887,4.091063,1
0.399588,-3.865736,7.484924,5.790751,2.547409,-1.453291,0.024836,0.688736,5.279692,2.895943,0.265276,-9.549417,-1.768631,3.245424,-6.659979,-4.920015,2.646658,-9.195792,3.027264,-5.617905,-0.707348,7.943506,3.537849,0.556192,-0.675545,3.300631,2.140020,-0.592936,2.183674,-3.195049,0.294119,-0.105474,0
-4.835403,2.179310,1.666815,7.648243,-3.556496,-4.350517,-4.002066,1.001831,5.610411,-3.041378,8.901934,10.882517,0.155050,1.186480,-2.053665,4.517738,5.480145,3.185280,8.654154,6.478392,6.751873,-1.532436,-6.366760,4.251795,-2.723215,9.271500,-0.743414,-1.861322,2.324232,1.537209,-1.807184,-0.585001,1
2.364342,-1.347935,-2.124514,-1.669065,-11.322080,-8.281810,5.099455,-6.495476,3.527231,2.172346,-5.602814,-0.717560,1.958284,-6.058739,9.429197,8.615841,-1.477074,-0.691196,-3.612473,-7.445288,-5.675097,-3.004709,1.343592,1.168890,0.022026,-3.974718,2.893631,0.355215,-1.394207,-4.030430,2.813822,2.420563,0
-3.100731,2.544777,3.403530,2.997898,5.760160,0.411928,1.342075,0.175535,7.055899,9.216562,-0.540834,0.633501,2.781231,5.367044,-4.936621,6.898218,0.266890,-1.831953,-4.184486,-1.424740,3.292343,6.246002,0.671513,-2.186228,-5.396071,5.280054,2.344837,-1.143948,8.412384,2.522997,-0.739765,5.210917,1
-0.111345,-4.482004,-2.518358,4.835768,-0.621056,-3.463322,4.071028,-0.748917,4.230196,-7.019876,-0.981031,3.117029,4.297846,5.294426,-0.787750,-7.705327,6.126827,-4.367283,-0.397882,-6.189503,1.504841,2.386984,2.705988,-1.578484,0.519140,4.178520,4.226074,3.204967,-7.212090,5.209709,-1.588518,-12.668248,0
-3.980892,1.880096,1.757021,-0.885002,2.975136,-0.575314,5.254625,1.321833,-1.453642,5.374903,3.293509,1.042435,2.604753,0.175833,-6.580050,0.890150,-7.051199,2.696787,-5.044903,-6.355227,-0.849588,0.113804,0.096878,-1.013298,9.123377,13.488829,4.832394,-1.776268,5.525042,10.429605,-3.918819,3.027609,1
1.027853,-1.805443,2.981581,3.903372,-10.499398,-1.503664,-4.314745,-4.873596,-0.495779,0.297119,-1.970673,-5.672165,-0.922562,-5.466835,-4.849421,1.502672,-4.165041,1.687590,-5.975136,-1.569241,5.564491,1.539104,5.911940,-5.815889,-0.605011,0.777258,5.964376,-2.071676,-3.351532,-2.333725,-2.799114,3.804388,0
-8.535220,6.684856,-2.931705,-3.602905,6.456940,3.563982,5.961216,0.452986,-5.267961,7.175562,1.371012,0.464823,0.508909,6.548056,-2.456972,-0.598572,-4.044598,-3.391567,5.823231,4.534061,2.537024,-4.827295,-3.986500,4.660620,-2.376656,-1.164526,3.343561,-1.480482,-4.762171,3.875599,15.417353,-0.290804,1
1.678513,-6.182644,-3.121410,1.685900,0.381754,-0.294664,-0.551435,-4.690432,-0.986876,-5.140551,-3.157530,1.275448,-5.733618,5.715160,-9.000890,2.658331,-7.010277,-0.414553,6.961273,5.771776,4.868942,-2.818991,-9.068880,2.495096,3.619749,2.208817,5.118517,0.099939,5.668516,-5.504416,2.553921,3.483654,0
5.597269,0.378653,-8.238423,0.534689,-1.737858,3.530434,4.541771,7.163097,-2.118845,-0.141575,0.044426,-2.657898,-2.060759,2.756567,1.089506,0.415337,-3.214777,-0.160698,1.477880,0.093906,2.987467,6.550299,7.358969,0.806843,3.724508,6.192581,0.821634,3.047272,0.691700,0.162970,0.951059,1.812647,1
-4.140896,-1.348635,-1.942602,2.901951,5.298460,2.352983,-7.992127,0.994217,-1.284595,2.387354,2.541538,5.442284,-0.627306,-2.035343,-6.305763,-6.168932,2.887596,4.668814,7.693735,-3.760046,-3.609997,4.794550,2.620556,-3.293873,-2.266615,-0.392494,-3.699854,2.187319,-6.747267,1.895363,-5.265837,-3.926552,0
8.770298,7.361637,2.832190,-2.729866,6.179113,0.452770,0.386797,2.357319,4.546425,-0.638996,3.049326,3.126629,-7.257775,3.833717,-2.351961,-6.152684,7.242323,2.057753,4.695814,1.196394,6.315788,0.847012,5.002005,2.458237,10.784012,1.296997,-7.022224,1.776207,0.496746,2.985556,2.588806,2.505157,1
3.825794,-3.008358,-4.946333,6.590879,-1.545870,5.592476,-3.198107,1.075239,5.505747,-6.637836,5.674858,-7.316929,-0.402431,1.953735,-1.126152,1.979389,-1.696993,-3.701025,4.418911,-3.201298,-0.059486,-4.223173,3.106712,-1.547071,-2.797369,1.613632,0.637709,-3.864433,4.456247,3.778446,-4.680531,-0.111425,0
-7.523836,-4.968796,4.419281,-5.064375,2.557236,6.639334,1.654022,-1.998610,2.334866,4.282825,-3.134073,0.199390,10.397062,4.298304,3.538214,2.351191,4.506285,-2.279678,-4.423876,-3.111940,4.398092,1.625637,6.096363,1.972582,-6.190547,-0.418388,6.274559,5.851450,-1.984489,-0.057047,-4.774343,0.979210,1
-2.129820,2.657972,2.036427,5.833605,-2.194260,1.279778,-4.124430,3.438713,-5.034063,-1.391222,1.518412,2.416655,-4.725054,-3.507387,-0.342363,1.283022,-1.367235,-5.626837,-2.729301,1.473303,-4.603992,8.087408,-0.983234,-0.083416,0.734755,-9.027635,2.839293,-6.694855,-3.803143,0.769091,-3.519335,-1.620617,0
0.738096,-2.192204,2.924753,0.032049,2.701187,3.627354,-7.563137,4.567633,-8.654901,2.375328,8.235271,-0.240522,-0.593441,3.799696,7.860838,1.635761,3.232651,3.155100,4.271496,8.887878,2.578106,-2.533552,4.513964,0.301588,-3.177755,-3.293850,5.357178,-1.916164,4.326775,3.103687,1.532204,5.088238,1
0.520937,-4.723305,-2.334784,-4.375298,3.536821,-0.750994,9.889391,-7.094902,-2.075344,0.557043,7.661373,6.718039,-5.636532,3.059792,-10.999472,7.269037,4.469711,1.028492,0.328426,-8.931942,0.100937,7.363659,3.793880,-0.136612,-3.231586,-1.706789,-8.097197,-4.297604,-1.826803,-4.599344,-2.670801,0.604801,0
6.574438,5.251713,-7.819901,1.808891,6.545734,-3.885569,7.119150,0.862967,0.360601,2.412525,8.501774,0.477350,0.656567,-0.527964,-1.390347,2.026060,1.625607,-0.871111,-0.966522,-10.312865,-1.663363,4.878611,2.310669,2.521938,4.058943,0.655954,-2.237669,-6.875718,-7.129007,2.925097,0.732040,2.092142,1
-1.885180,-3.936733,-4.816212,1.382183,-8.547600,0.686308,-6.447439,-4.881470,-1.067736,-2.233765,0.922743,-1.324120,-2.640194,-4.889427,-1.513451,-0.452862,8.815798,0.478157,0.110184,-1.771460,-6.126701,-3.300871,-1.139368,-1.936876,-2.274723,0.873850,-2.573418,-7.554520,-8.198847,-7.305264,0.656519,-2.304768,0
1.206503,0.282269,6.093111,3.059010,8.150642,3.219250,-1.760527,-5.837254,-1.751638,3.112053,2.996881,1.635756,2.281540,6.537325,0.573009,3.532131,-2.974428,7.357143,2.702017,4.899158,2.042910,-2.005363,5.643053,1.507076,1.121172,-8.867108,0.967663,1.389885,5.404137,2.734007,14.563883,1.817503,1
4.883163,-3.832432,-5.740240,-5.150778,1.492746,-3.776318,-2.682604,0.271618,-1.371389,2.032883,1.128355,-2.906027,-0.702009,2.423565,1.782753,-1.957174,3.260792,-3.478106,8.741465,0.036385,-2.399149,0.899237,-3.156803,-6.682409,-1.835722,-0.916685,-7.373998,2.613548,-7.294929,-6.124649,-0.325836,-2.699453,0
1.952826,-5.236706,1.075924,5.203924,-0.666313,-4.339079,2.554352,3.810444,0.962698,4.518776,-1.836252,-0.961092,-2.409472,2.920944,0.431139,0.401165,1.611412,0.452116,-0.215014,-0.771603,-4.910093,-1.116829,4.829367,-3.937687,3.086582,6.267281,1.272760,5.779182,1.625982,-0.219183,-0.864799,-2.168108,1
4.076111,3.580685,-0.112591,0.824614,-1.974810,2.698915,-4.058929,-3.620152,2.568417,2.166340,-0.534885,2.241735,2.058224,-4.688467,-0.309826,4.076267,0.491314,-9.878522,-1.840603,-6.255156,2.972326,1.609854,6.107426,-3.634214,0.532528,2.511883,2.826851,-11.005657,4.262701,-2.353590,1.830242,-5.315994,0
10.913614,-6.194629,-0.867413,-5.930997,-1.128387,-2.892668,2.573940,6.034193,-4.082018,1.761612,-3.830215,-4.380306,5.514879,2.502518,-1.045168,0.977074,7.323368,6.611956,-3.321070,6.113943,-1.962902,4.416670,-4.674309,3.902193,0.149141,2.869040,1.596874,1.362314,4.940777,-6.319028,-0.074474,4.835619,1
-1.694616,-4.034817,-5.287487,-4.533371,9.891718,1.535767,0.003016,2.721888,1.663296,1.965279,2.881390,5.195066,1.837944,-0.437529,-6.252914,-8.210045,-4.835911,-5.307056,-5.956497,0.555302,-0.676157,1.932329,1.445942,-4.585127,-4.915745,1.441339,-1.655497,-1.772495,2.095947,-1.665371,5.118465,-6.608244,0
4.729887,3.423841,6.333036,-6.080691,-0.247837,2.946001,6.041525,-0.065704,1.498823,10.685516,0.899994,0.543619,1.503160,2.175758,2.300825,0.509390,0.101992,1.649212,-9.885242,1.421682,6.369274,4.684845,2.481041,-0.446138,-3.557215,0.355604,-1.746744,3.663469,-4.987816,2.567093,-5.900358,6.823816,1
-3.309103,1.414562,-1.120176,2.695349,1.657131,-3.170681,2.692057,-2.398489,-8.562423,1.972647,6.900148,1.037445,5.353359,-2.272243,4.493177,-4.282188,-8.470300,-3.220665,-7.357069,2.054031,-1.993961,-2.983191,0.217350,6.098343,-2.251741,8.893347,3.333288,-0.518906,0.367809,5.756271,-9.249269,2.497091,0
2.007427,-2.349392,-2.123936,8.059381,-1.097530,-0.240503,-1.386356,-9.842270,-1.679867,1.204464,2.630432,1.012810,-5.024078,0.023172,2.439837,-2.206007,1.671276,5.512426,-0.075184,-5.525681,-4.599459,6.807304,-3.858015,12.377748,9.911217,1.404665,1.496845,-0.599825,1.029848,1.370329,0.995543,-4.005812,1
-2.382452,-0.786669,4.209219,-3.098019,1.420530,0.831451,2.683718,-5.324251,1.576914,-2.288622,-2.642178,-0.587528,0.334663,-5.781263,-5.581728,-1.120041,1.655964,-0.621902,-2.699060,-8.546885,-3.190729,-2.081911,-4.658733,0.384697,-0.406204,3.171679,-6.821402,1.235102,-4.172421,-6.059378,-0.526392,-5.295998,0
-1.164423,-1.373072,8.701385,-3.171339,-3.778116,-5.745387,-2.986326,-0.114485,1.926861,3.329435,5.903173,-0.742573,4.861362,4.792469,-2.710516,0.134708,4.562910,3.547249,5.711466,2.641493,0.167959,-1.639927,-0.411077,2.393261,6.189760,-5.768387,5.088924,9.826452,8.968037,-2.913414,7.606825,-5.264839,1
-6.618574,-9.059793,4.584322,-7.192895,-2.216398,-1.527422,1.016350,-0.961821,-3.724619,-0.685957,8.848515,3.607075,1.592852,-0.035931,-3.288015,-9.574307,-3.406088,-0.944115,-0.800917,-5.652058,-4.161276,0.786217,-3.171679,-3.495632,-3.364651,-9.186624,-8.501001,3.107944,4.801403,-4.878103,-0.521603,4.036423,0
10.692743,-2.480299,2.703915,2.237894,5.343737,-4.294338,-10.841582,-4.829115,-1.023674,1.596067,0.043571,-2.838387,-2.414774,-3.190496,-0.483318,7.833731,-4.388929,-1.638172,4.092316,-5.354631,-0.479883,1.066641,2.026909,-0.368187,8.752195,0.449018,1.206142,-2.841045,-1.376228,7.233999,-8.368709,6.384575,1
1.759432,-5.752552,-3.450344,-5.291887,-0.429132,0.815235,-2.678858,2.096945,0.971125,-3.484621,-0.908688,2.534374,-3.678022,-7.033400,-2.924475,1.498667,2.232044,-4.303280,-5.220535,-1.614840,-8.658494,-2.484646,-3.539886,-0.021402,-13.540555,0.675587,-13.850928,-0.248838,2.394838,-4.613050,2.410255,5.610580,0
7.541325,-2.002319,-1.987158,-2.508678,5.372169,5.263245,-1.513422,-1.044638,-1.579903,-0.882757,7.105818,1.939886,6.727137,2.205818,-2.202950,-0.301352,-1.886784,-5.443545,4.024294,2.418867,4.312632,2.671394,-8.331977,-3.022640,-5.125490,8.467228,4.415197,-5.382836,4.844658,-3.883278,-0.493200,-1.301361,1
1.701948,-5.120972,3.061546,4.560274,1.912487,-1.221167,-4.732044,2.473146,-6.233774,4.379591,0.049360,0.599377,-8.022995,-4.511076,10.148588,-4.541195,2.757458,-0.146301,-1.426180,-5.731894,0.486469,4.324110,-3.413527,4.249971,-4.548325,-2.159462,3.597712,-2.003580,-3.025005,3.721651,7.874174,0.139482,0
-2.138365,8.260803,1.276228,-1.032305,-4.678505,5.464008,8.937502,3.329922,6.233868,1.414356,6.162134,2.637114,9.909779,-0.505859,7.570932,5.473549,-5.452925,-2.192228,-4.305489,-4.775457,-2.053347,-3.113953,-0.467136,4.333233,4.106745,4.628593,0.830042,-4.791773,1.646654,1.175510,2.017563,9.351498,1
2.285236,-4.557001,-3.205091,-10.078495,1.833498,3.933853,-7.143716,6.154284,-0.441614,-3.033783,-3.905746,10.478769,-9.943062,2.177174,2.255411,0.282583,0.356737,3.364845,-2.194294,-3.669809,5.577438,-3.753801,0.163618,-0.200230,5.503637,-5.064240,0.469858,5.427025,2.271832,-5.989094,-1.230610,-4.591936,0
1.528568,-4.239790,6.922794,1.942331,3.282377,1.610281,-4.455164,-1.627850,7.838087,-0.181122,-0.221262,2.633379,5.561966,3.436453,0.883804,5.433718,4.992582,1.961334,-0.177839,-5.423662,1.430307,-1.394049,2.448122,4.875744,1.320040,-0.818327,-3.397242,3.416983,-1.306753,9.228197,-0.163816,-0.096697,1
-15.148997,-1.203136,3.446922,6.903057,0.509302,-1.322033,-5.834282,3.826696,1.376417,-4.237793,3.467381,-7.091722,0.967148,-0.048256,-0.002180,2.282850,-2.635521,-2.348785,1.844568,-0.809998,3.630716,0.028851,-1.948135,-3.267797,0.183348,-12.079661,1.734900,3.671274,-0.199730,-3.188078,-5.256544,-2.138918,0
-1.729498,6.575071,2.654984,3.023212,6.816723,-4.703001,-1.223057,7.295416,-3.379482,-1.764746,-4.699722,-0.227720,4.261824,7.378330,-2.591610,-3.570444,0.277964,-0.553946,6.210993,0.371542,4.117474,-6.088638,7.474600,5.988308,7.730783,-0.082266,5.916214,3.009464,-0.125696,6.031502,-2.197472,-4.963717,1
1.178511,7.128405,3.171825,-4.716848,-1.498093,-5.600353,-6.159830,-5.090858,-3.222906,1.437729,-0.298210,-8.563002,1.600159,-0.938416,-6.026621,-4.968615,-3.421808,5.145451,-0.298975,6.301926,6.565395,5.137249,-6.830984,6.412222,-6.523607,-10.218669,2.522493,6.160656,-0.360058,3.409534,-1.645176,0.676840,0
0.659773,2.276918,2.730856,0.158026,-6.006632,4.789959,1.430418,2.405655,-2.461309,-2.921797,3.067099,2.320503,0.442635,6.283745,3.482222,-3.696840,11.737635,8.550987,4.013824,3.602379,5.342144,-0.591980,0.280676,4.241907,-6.231914,4.593845,-0.414511,-10.394257,1.241041,5.270933,4.469507,0.925100,1
-1.932726,-0.883600,0.751553,-1.392324,1.070938,-2.532463,5.632936,-1.302910,-9.265376,-6.049648,4.365269,-15.529640,5.363363,-3.900562,-5.121464,1.106085,-2.049704,4.839195,-9.683517,-1.787621,0.715103,-0.096397,7.315086,0.427807,-2.182125,-7.427052,4.766258,4.049025,-0.794277,6.007338,-6.732311,-5.819254,0
-2.476942,1.124840,-5.339880,-1.155962,-1.169279,1.587803,4.202719,1.066832,7.910782,-0.014616,2.823479,5.742601,-1.909473,3.259584,4.465109,1.029507,7.693224,0.810896,4.080915,9.711044,-4.057379,0.808516,2.163887,2.081978,4.018785,-0.644257,8.307457,-1.833443,1.395004,1.848330,1.309620,-4.538210,1
-2.451645,5.637018,-11.399055,3.579069,-4.264874,-2.978394,7.353186,-1.275869,-3.206762,-2.360653,2.586203,-1.066103,5.118090,5.448030,-2.104982,-3.469913,-7.065943,-0.245399,-1.504578,4.549257,-7.452993,-4.157949,-0.832363,-8.537371,-0.939554,5.134287,0.388639,-2.045572,-6.130163,-5.483089,0.866329,5.869362,0
4.577665,3.190117,-1.570080,2.330069,4.907078,1.186728,3.957403,-4.950531,-3.672554,5.759254,2.418577,1.824387,-3.097424,2.998243,-1.471937,-2.917049,5.895645,9.489426,5.663595,1.214643,2.903711,2.052246,-0.013958,5.534813,-0.436859,-2.143648,-4.156412,-0.726692,-2.248049,3.996273,-2.037422,-2.732796,1
-4.196430,6.146175,-9.157969,-8.212294,-0.768770,0.468626,-2.716419,0.610111,0.516640,6.703979,4.588999,-2.050617,1.818577,6.633110,-0.474415,-3.072056,-0.314236,-3.739893,-2.999638,0.494125,-3.434055,-4.176519,-4.438686,-1.666636,-5.584620,-2.379942,-1.795372,-1.324289,4.908190,-2.622526,3.014576,-3.142584,0
0.815546,-6.895644,-5.980594,6.439898,-4.946609,4.552357,3.866175,9.180225,5.859432,7.196276,-3.938150,-5.627632,9.883942,0.506506,-6.865074,5.588572,-2.686720,-6.839441,2.048336,1.772747,-0.513363,-3.511366,2.771194,-5.608176,5.216299,5.212751,1.282707,-3.004471,2.121441,14.885412,3.457687,-4.327286,1
0.544346,-2.617178,-5.009394,-0.157799,5.299496,0.108824,-4.952023,-6.909889,-1.561888,-3.801260,-0.277046,-0.402546,0.245424,0.013584,3.102753,-3.980711,3.382626,-0.980101,3.351728,1.683607,0.392923,7.356892,-0.856382,-6.140762,0.973087,-2.011656,-3.606215,-4.675997,2.460098,-2.646900,-7.970815,-0.265133,0
-1.338024,5.435751,0.054489,4.808781,2.204082,-0.325676,5.877592,11.700949,6.588692,1.057903,3.937771,-3.878866,2.804567,4.943539,-7.186201,4.485104,4.431236,-4.903683,-3.000046,9.846802,1.110899,-1.441273,0.085680,3.929207,2.815678,-1.909410,4.938524,3.967770,-7.231490,1.624470,1.274817,-0.730661,1
-1.410145,0.111679,-2.331327,-3.266977,2.527536,3.819157,3.379841,-0.515947,3.172363,-1.595371,1.296741,2.097937,2.738689,-1.352261,-2.778339,-7.059782,0.451694,-0.005966,-1.144285,0.150547,3.575514,1.295097,-6.005407,-6.195093,1.463181,-1.701031,-6.537901,-3.628639,2.546064,4.993515,-0.657875,-7.842880,0
-0.169889,1.617512,-1.236597,3.795879,3.203775,3.707243,12.654142,7.717623,4.818205,3.657438,-0.304775,-0.863470,3.651588,3.092230,-1.373825,0.739159,-0.778936,-0.922417,-2.961805,1.942890,-4.504002,8.198639,-2.543375,5.125307,3.206621,1.568535,4.555714,-5.659456,-7.160260,-1.128653,-3.850048,-1.811277,1
-0.219234,6.966043,-5.754667,-6.486567,-4.284132,-0.762505,-6.290098,-9.149261,0.212847,-4.750013,6.227573,-1.987448,3.692945,-1.173374,1.450401,-2.030127,0.164246,-0.018641,2.363165,-0.098330,-4.809488,-7.798630,3.729221,2.497965,4.289682,-3.783056,1.006472,-1.283978,4.366915,-3.005404,4.038931,-10.268369,0
-2.935249,3.271006,8.255413,-3.864904,-1.522583,1.706497,4.947514,-0.303522,-7.205295,1.832794,3.250723,3.585636,5.561384,-2.294464,7.159315,4.970139,2.082041,-8.854647,2.916300,-3.363897,2.941492,-5.346713,-3.460285,-3.314604,-8.163084,3.580685,-1.075668,7.193001,2.574697,-5.379103,-1.579950,-8.401633,1
-0.401451,-8.232545,7.305387,0.598969,-1.300417,-4.362576,-4.212418,-1.697487,4.214577,-8.649333,-8.459702,5.003052,-5.512377,-0.102764,2.364334,-7.224494,-0.025108,2.679384,-6.565968,0.346531,-9.617136,0.583900,2.554605,-11.557039,0.550077,-2.110653,-4.860174,-4.602709,-4.827269,-0.514381,-0.566080,-0.442867,0
4.948872,8.216434,4.498478,8.383421,5.661926,-0.867428,0.774267,-0.174974,1.094738,0.340088,-2.712162,1.468311,-0.075815,-1.193867,-4.509245,3.771397,-3.191160,0.868818,5.422895,-3.133442,5.220949,0.680105,10.794565,-2.892841,4.846258,0.689316,1.664103,4.346535,2.478968,-6.266407,-1.470190,-7.160840,1
4.396330,-6.584454,3.164770,-0.052591,-3.369823,-9.630213,-0.169867,2.557705,-3.313122,-3.319544,-3.517054,6.271494,1.409252,-8.725889,-3.316637,0.952188,-2.462742,-4.954437,-3.791811,-5.761501,-3.848774,6.514784,1.221233,-6.292307,-1.409571,-4.224827,3.890640,-7.838889,-11.494313,2.457348,0.126070,1.034721,0
6.677708,0.254044,0.265085,4.334681,4.515949,-0.743214,-5.428883,-3.134905,0.174971,-4.417274,4.629843,-1.501173,-4.805740,-3.341434,7.059263,1.286732,-7.210052,1.179943,-4.780787,-1.565935,-0.784781,1.241838,-2.761896,1.289526,-4.044306,1.102041,3.523666,0.225403,-4.542263,-4.324892,-3.515636,3.386858,1
-12.000602,-2.627579,0.106333,2.763098,2.191481,6.569347,0.641106,4.616049,-4.668591,-5.154343,-6.289829,-6.998236,-5.021214,5.768042,-0.924799,-6.852341,-7.763130,-7.035147,-3.765894,-1.707563,-0.447378,1.498356,0.125570,-5.951319,0.437962,-0.586613,-11.025440,-1.420540,-4.777617,-1.301687,3.101801,1.446465,0
6.857910,-11.215552,0.590000,5.080465,-3.206209,6.521990,-3.251070,4.934328,9.521095,4.650608,5.083408,6.845705,-1.052359,11.297758,-1.708029,2.715931,6.303246,0.207249,14.139601,-1.663252,3.422579,1.938671,-1.962091,1.545565,8.196791,-3.393602,1.152002,-6.165579,-0.836018,-2.681726,4.111294,4.846418,1
-5.159889,-5.850567,-0.355627,1.995892,3.821640,5.230734,2.774986,-7.300103,-0.459501,-1.422195,5.007965,-4.909042,3.083042,-4.621761,-4.119425,-3.671911,-7.185191,-0.348333,2.347324,-11.347468,-0.883039,-3.152119,-10.025107,1.784708,3.498919,-6.982483,-0.470190,1.980818,4.948359,0.839106,1.971300,-1.029781,0
0.829405,2.211227,-1.523821,5.822701,-0.472101,3.734793,0.943130,5.741814,-2.270679,1.255129,-5.238995,0.995625,3.321020,4.363482,0.918165,5.751184,-4.899595,2.428110,-5.638105,1.036816,3.514803,2.042669,-5.015100,-2.908245,5.175333,-1.195534,1.612444,7.359402,6.254101,4.007757,-4.190748,6.508278,1
-1.939123,-6.403763,-4.826136,0.493662,-7.060635,-2.716089,-7.739651,0.572420,-3.833611,4.072195,0.695265,-0.870888,1.154591,5.420975,2.697683,1.251715,-2.398539,-0.788383,-2.029791,-2.873545,0.630512,-4.739868,-7.400065,9.376051,2.892733,3.011873,-7.435410,7.546717,-1.372419,-2.877399,-0.510765,-9.767995,0
9.201035,4.364502,2.446247,5.470749,1.001137,2.128300,1.906206,0.699142,-1.519384,-8.133423,1.470219,-10.103199,-4.603912,-5.503877,2.043133,-7.502080,-0.505074,5.702250,-0.030294,2.001720,2.661802,4.016745,4.964947,-6.104103,2.060266,4.586893,2.777109,-1.414845,6.578733,1.892502,-4.217169,-3.843088,1
-2.693426,5.458704,-1.211609,-1.950800,-1.142208,-1.241093,-0.119543,1.694279,1.637825,-1.831327,-0.583031,3.415203,-0.398705,-3.697308,-4.620209,2.416853,-4.875349,-8.242613,5.592844,6.214693,6.204659,2.616518,-2.493834,-3.529850,-6.932865,2.709871,0.287346,3.711441,5.816685,-7.994262,-0.914907,3.839808,0
6.231283,2.889441,-5.919806,4.243689,4.850605,-2.889446,3.150352,2.169081,-1.998030,1.757854,3.149546,-0.525711,4.787567,-1.109583,-3.581554,-4.159660,-3.881744,7.768036,8.934845,-2.034815,-0.846001,3.712330,-1.431175,-1.727249,-0.990646,0.232491,6.282988,-6.449762,-3.556726,-3.251137,1.479528,0.201363,1
-8.117997,-8.486231,-10.831316,2.774347,4.872278,-1.827219,-6.500879,0.006340,-4.898256,-4.681067,-0.105223,-9.156274,-8.084281,-1.289715,-5.878714,-3.522974,-5.645042,0.425465,-3.243990,-0.861137,8.555389,-2.317430,-3.093365,-2.304394,1.032112,1.563889,-12.430665,-3.619356,4.256079,8.033445,-0.781582,1.669552,0
0.773695,1.819761,-1.707098,2.013538,-0.623587,3.280453,1.932377,0.611101,1.716351,1.632736,3.032984,1.598621,-5.795111,-3.595301,3.165123,1.169109,-2.069338,4.868719,4.781424,0.689997,-0.508001,-7.258427,8.094948,5.084295,0.676886,-0.351845,0.346855,2.990389,-3.484285,4.045675,4.237207,0.202108,1
-7.923287,-3.243782,-2.977419,-4.049686,-0.870840,-1.555937,-9.721275,-3.890415,-5.957027,-0.249958,-2.049181,-5.424166,-7.657630,-5.887928,-5.830904,5.044205,-2.444321,-0.711754,-2.113991,-4.404030,-14.187128,-9.199171,-7.320559,0.164068,-7.533990,1.975466,-2.543381,4.454765,-2.382092,-4.206299,-0.923836,-6.629770,0
-1.576809,4.321081,5.686998,0.262329,-5.595494,-7.819983,-0.724453,1.370577,4.522949,-0.759809,-1.856621,1.995871,-2.437065,-1.602112,4.662827,3.792421,0.064499,2.043327,8.105299,5.193380,-4.479109,-2.838530,-5.434880,0.794781,7.004332,8.082550,-3.415434,-5.364671,8.804796,5.621599,-1.888487,-2.344297,1
-1.853439,-1.598238,-1.592791,1.650690,3.581717,0.275658,-0.937220,-5.832285,-3.751587,1.928604,-7.782969,2.871542,-3.632767,0.297941,1.691320,-6.705816,1.986637,-6.940836,4.123676,-6.281435,-5.329836,-8.984344,-3.437389,-0.438736,-2.225054,1.355076,2.222240,-2.295235,-2.337822,-0.483461,1.156015,6.052113,0
-4.540350,0.990108,0.333420,5.013578,-3.775881,0.806068,6.053867,0.544409,-2.725477,-3.930607,3.878048,0.963381,4.540789,5.150381,0.221928,5.115891,4.911047,1.532280,4.230537,2.982422,3.136801,4.995930,0.572325,0.246532,-2.981106,4.824800,2.687712,-8.821989,0.463648,7.818487,5.454443,8.978836,1
0.508165,-0.405268,-10.658707,-3.509363,-7.772123,-5.354914,-4.046083,2.603884,-0.695829,-3.181570,0.050547,2.203140,2.488573,-0.010460,0.925756,-12.406972,3.124767,-4.530079,-4.919222,-2.038418,-1.722517,-7.788788,-1.198988,-1.421072,-5.808420,7.050810,-3.425629,1.709135,-4.384468,-4.450949,-4.709570,-3.677679,0
2.144453,6.050669,-7.111522,-2.759552,6.349947,-0.124779,3.967436,-6.249947,-2.321199,0.338417,2.225607,3.980232,-2.867586,6.844021,-1.499624,0.958139,4.637438,1.943918,-11.077187,-2.919933,3.101767,3.393940,-0.108017,-5.215935,1.011551,6.842079,-1.608490,4.185371,6.516720,8.306608,1.913765,1.060406,1
5.791847,-1.426205,-5.396528,-4.769320,-0.456589,7.038706,-0.309099,6.922678,1.061901,-1.215340,2.016092,-2.610533,-8.832221,1.471880,1.158440,-2.622236,-5.296606,-1.107082,-5.365049,0.126181,7.230612,-5.664614,-2.561859,9.534876,-2.887203,4.989292,2.646208,-1.168190,-8.846605,-10.620169,-6.921484,2.491056,0
-1.721872,3.005260,0.738066,2.991032,-0.554121,4.892439,9.724461,-2.982370,-2.382267,4.868879,3.452494,4.234612,1.291494,-1.598183,-2.697527,-6.727408,5.630947,2.883526,7.192921,2.329227,0.540556,-1.229242,-4.493490,3.045460,-6.839600,-1.185234,2.551279,3.152800,-0.781803,-2.451706,0.302195,1.828859,1
-0.306944,1.808163,4.666122,3.526663,1.049152,-2.376736,4.110701,1.995926,0.381144,5.243353,-6.165627,-2.604967,3.177292,-2.412252,-1.771109,7.980150,-3.381458,-1.039383,-4.601274,-2.156673,3.825470,-3.834944,5.788422,-3.346407,-3.696831,-1.144531,7.330313,1.700993,13.089693,0.235920,-0.090832,-2.579803,0
4.140497,12.877611,4.811920,-7.356226,-1.824987,1.569735,2.820982,2.485552,1.246998,-4.305321,-6.543367,-3.687490,2.713537,2.188721,-0.080950,0.563169,3.551924,-6.277714,0.788799,2.292410,-3.780003,-0.126545,6.710966,-1.126617,3.836733,6.915588,-0.704144,-2.390526,-12.777604,9.316349,3.618484,0.654945,1
-6.560709,5.229362,1.061075,-2.168209,-0.477636,-4.311983,7.284962,-2.179014,0.506268,6.283897,8.176224,-5.979322,-3.990873,-6.179617,0.268909,1.292664,-0.074598,-1.063091,-3.077328,3.890083,-6.351465,2.348488,-9.207426,0.266256,4.590975,9.898718,0.874300,6.059702,4.223804,-1.675735,-6.343506,2.407169,0
-5.078015,1.910419,-1.958942,2.578581,-2.759600,-6.061043,-0.763556,7.382956,3.416340,-0.714077,1.705151,3.537020,-8.221933,-3.320932,-3.067711,5.012537,-4.267389,-0.422781,3.000868,8.069870,-3.168510,-1.871231,-1.425159,4.087418,-4.091999,-5.638744,0.661049,-0.795349,-5.534622,3.765932,1.429001,4.131744,1
-0.037176,-2.008429,-5.415977,-0.285313,-1.820503,0.470314,-7.680264,-5.785833,-2.482876,-1.980606,-1.723936,0.408039,3.549496,0.045317,-5.112991,-1.577555,3.656353,0.320330,-4.692675,4.011482,-0.910578,2.833368,4.426613,-12.395117,1.256880,0.503893,2.974779,3.112951,-7.010151,-6.232500,0.834980,-3.342138,0
-8.293780,5.143457,2.318424,-0.046713,8.191441,2.841345,-4.005165,4.521454,3.561186,-0.138824,-4.799486,6.277622,-1.100731,4.676397,6.645470,0.399982,0.549515,1.426884,-3.456400,3.617798,-2.329733,3.515329,-6.525477,4.594849,-2.596455,3.041149,4.453781,4.432661,-1.184708,-8.799363,4.765478,-8.009358,1
5.294741,2.333466,-4.163284,-3.294439,-2.063065,6.161957,-4.091431,0.215126,-2.239868,0.749598,0.671995,-5.838890,-4.977556,-4.496971,-4.002153,-10.416435,4.615923,3.288588,0.089228,-1.880526,-6.382664,0.666782,1.701033,-1.924261,3.705708,-3.959391,-3.174112,-6.727493,1.375423,4.462194,-1.133076,4.015285,0
3.030508,-0.217030,-3.068281,0.342381,2.620665,-7.289194,-0.292355,7.874968,7.128262,6.254507,0.116077,5.544956,-1.441475,-0.896048,3.799608,-3.637796,-10.570045,8.395054,7.690334,8.054766,3.975407,-1.830502,-4.326918,5.261240,-2.727495,-7.488601,-4.972534,-4.770340,0.438055,2.197437,2.969841,-3.510412,1
-3.720722,-3.763573,3.128588,-5.255951,-1.632315,-2.091942,-6.458088,-4.550278,-3.292358,-1.854727,-0.024303,6.358210,-3.953409,-2.632357,-4.085321,-6.627874,-10.072298,-2.238228,-2.214949,-0.710888,-5.357605,-4.532816,-2.107904,-0.821384,3.452835,-2.549219,-2.923010,-3.951605,6.523319,-0.557566,-4.168140,-2.312893,0
0.286995,-4.064625,4.936237,7.449257,-0.329868,-6.471999,-4.967861,2.878178,0.389704,3.416748,-3.658373,3.933487,1.913206,0.367050,-2.807833,-3.662884,4.872526,7.407295,-4.126692,1.027309,-4.497898,-4.772358,2.658833,3.144678,-0.358805,-5.782786,-5.756815,1.379345,3.813723,-4.839970,1.600086,2.917221,1
2.611107,3.333664,-8.996631,-3.665840,4.935745,2.058321,-0.451065,-0.524755,1.708666,3.892586,-8.330503,-8.572035,-6.348209,-7.276925,0.945660,-2.002651,-5.345243,-4.026991,-1.894783,-3.098202,1.414680,-1.612484,0.872561,-5.262331,1.875542,-1.375875,-2.691847,-0.460531,-5.572809,-8.292026,2.715342,-4.233654,0
4.154409,-8.589029,-0.135593,1.621250,-3.285828,0.607565,2.340492,11.333261,15.038679,2.186789,1.908693,2.509359,0.022018,3.351191,5.942942,6.307447,-3.226753,3.012976,-3.183315,7.099487,8.715694,8.665342,3.190147,3.804972,6.017994,-7.610456,2.042177,2.877922,-4.005033,6.069859,2.894129,1.684399,1
-5.214724,-3.727989,1.426231,0.330391,-3.303932,-0.899818,5.397053,1.325258,-5.082253,-4.470510,-4.701378,2.610067,0.715916,2.669155,-3.353851,3.002607,1.557175,4.401928,0.842402,0.426056,1.641968,-0.844925,-2.953617,-3.226858,-0.253620,-7.831338,7.546333,-5.310314,-2.927483,-9.919503,-3.767693,-3.818279,0
-1.574081,3.813951,5.200567,-5.395854,2.716339,1.657320,-0.411667,-3.251745,-3.956491,4.294764,-4.665363,-0.585106,-0.979635,-2.110121,3.004694,-3.168179,-0.438284,-5.468305,7.028124,0.643091,0.654528,-4.974619,4.326284,3.778673,3.499508,-4.632629,1.160135,1.577667,6.025757,4.830797,5.226540,-6.707741,1
1.243229,-6.057367,1.591709,0.703514,4.001656,-3.216228,-1.898045,-11.890929,-1.231285,-2.700319,3.732206,3.509275,-1.805822,8.925968,-1.656992,2.047543,-5.842478,-4.573452,-3.928318,-0.410248,0.787428,-6.087013,0.871494,4.125240,2.268774,1.254219,3.933556,2.929010,3.614702,-0.136454,1.879938,-6.959440,0
1.289822,0.556856,-6.563773,-0.980320,0.116657,5.672297,3.312256,-5.020323,6.211418,4.796045,0.875256,4.787182,-1.317757,0.788448,-4.459351,5.666691,-2.637579,-0.953053,4.796396,-0.807608,2.859095,-1.344389,5.979191,-2.399029,1.605545,4.721598,3.536684,-1.351599,-3.182753,2.484930,2.685276,1.080517,1
-1.382687,-5.663963,4.215784,-2.723824,1.901548,5.435812,-0.800335,-0.804329,-4.973040,3.940737,5.206244,-1.124817,4.239140,3.408630,-4.589136,6.646660,-1.371414,4.048056,0.822731,-5.076565,-0.727657,-1.563368,1.788319,-0.619282,5.037794,2.178982,1.557903,-2.110678,4.778116,2.466507,2.913332,5.102407,0
6.025478,-1.702642,-0.725491,1.134705,4.150023,9.963226,-4.869242,1.477783,9.022100,2.354721,3.634214,0.292160,-6.510061,3.138063,2.360209,6.502192,2.797224,4.123178,-1.003971,-3.703270,1.126663,4.583410,11.956827,-0.634321,-1.442953,6.233910,-0.382498,0.573017,-8.606788,-2.050055,-3.811800,6.759768,1
2.232729,-0.105122,3.657705,1.867065,1.914507,1.652275,4.027687,2.740637,0.219358,-10.348475,-2.276165,-2.641319,3.656185,2.643045,1.580755,-2.800905,-3.998987,-4.870043,-7.723392,0.058386,-6.040840,-2.774420,-1.173964,-5.739767,-8.180290,4.469780,-7.291059,-0.599741,0.926014,-0.988068,-7.181664,-0.852341,0
7.672941,-4.334053,3.171446,9.944220,-6.103336,2.377649,3.879297,-1.070314,11.825464,4.396400,-6.337922,5.082891,-1.279316,-6.060231,6.187548,6.624935,3.203476,6.827709,8.475981,2.937277,6.261992,5.804552,-0.358305,3.563879,3.899799,-2.348938,-3.067944,-2.505617,-2.895081,-6.420082,6.897280,10.530197,1
-6.257063,2.036531,-9.267447,6.014595,3.939777,7.088787,-3.800076,2.219212,6.073109,0.170715,-1.446127,-1.045677,0.649965,-4.099422,5.569603,-1.128075,-0.186806,-8.079192,7.093100,-5.486839,1.487066,-2.228806,-14.415106,-0.661871,0.460207,-11.741988,-1.582043,-9.864985,-0.057831,2.543209,-10.877967,1.531137,0
7.284397,-0.087494,7.723080,5.806522,4.730444,-5.320605,-1.750488,1.619251,2.328566,-1.867964,-0.021564,5.455492,-0.796421,0.053370,-1.025810,1.806471,4.014399,5.625154,4.045887,1.353029,5.753593,0.549171,2.788372,3.509691,-1.560566,-7.218593,2.417925,0.855467,-1.459579,-5.075116,1.777197,5.248066,1
-5.506592,-1.272915,1.275927,0.156567,-5.022207,3.729435,2.267141,-1.053108,4.085609,-3.284410,-6.785099,-5.968771,-4.813183,-1.042744,-3.654387,-4.411215,-4.143724,-8.460835,-8.949800,-4.029179,-1.696022,4.035269,8.767105,7.667917,1.998209,-3.452147,1.105988,1.878271,-2.668293,-1.164377,-1.951080,-6.559288,0
-4.049122,-2.120657,2.469370,2.103386,2.150145,-0.852016,-3.968159,1.259241,1.625637,7.209305,-0.379534,1.101654,7.026651,-0.217287,5.714996,7.354918,5.055338,4.770172,7.962925,0.694147,-0.797115,-7.155731,1.036045,-2.577600,7.921789,0.259415,5.612167,2.501886,-7.545825,-4.962362,4.202759,-0.374647,1
1.629051,2.202059,3.938723,-6.018038,0.730526,-6.920094,1.878960,0.506294,1.734205,-4.233860,-5.126215,2.052031,1.472338,-2.599758,-4.139050,-6.533081,-0.011423,3.526243,0.083904,4.806116,0.918940,-8.237627,4.095984,1.456364,-3.647409,2.225388,1.542833,-4.011398,1.952627,-3.805458,-4.220640,6.422768,0
2.599863,-4.740290,-3.686497,1.559210,-8.374028,4.146318,-3.353859,4.331553,5.728634,2.141228,0.314564,-8.604042,2.839472,8.157669,2.386599,4.538988,-0.102959,-2.652039,-5.276890,13.797529,13.074457,8.116362,5.473904,11.028704,5.714336,-6.219075,5.472303,-0.616951,-1.562635,-0.238379,0.152399,1.272568,1
-0.133270,1.018566,2.373007,5.014534,-2.217087,5.827356,-7.504026,-0.227287,-4.293530,-5.623322,-1.614826,5.365799,-2.247719,5.939178,-2.285151,-8.258726,7.061720,-5.176172,8.587130,-0.128931,-4.415140,0.738840,-1.323435,0.464556,0.676434,3.728750,8.379156,-3.360538,3.019846,-0.123873,0.590771,2.711584,0
1.032551,-0.984406,-3.780619,2.650616,0.081064,8.381239,6.059811,0.061028,1.911827,-3.733089,-1.974905,2.219746,4.405951,1.111090,3.740812,-4.013224,5.384230,1.886793,0.071514,1.737404,0.024092,7.806408,-2.465014,3.352501,-6.113071,1.438982,4.702633,3.068836,0.659170,3.089674,-11.169181,2.057468,1
-0.862738,3.178583,-6.211567,-4.998011,-2.914457,-3.385088,3.202969,1.876656,-2.253988,5.461315,-2.426443,-0.625975,-0.007303,-4.894531,-8.193254,6.541967,-2.613340,2.638998,-12.759680,7.691074,-6.832850,-2.732489,-2.201958,1.349419,3.939009,-6.103743,5.197897,-2.320585,1.920460,-2.077637,5.441893,-1.506088,0
7.390707,-4.264639,2.588987,-2.429829,-2.099552,-6.828444,7.271862,-0.786152,-6.153547,-3.460907,0.628103,2.654184,0.912514,-2.255434,0.265354,-3.440895,-2.318777,-5.417017,2.438349,12.795389,0.239426,-4.554106,-5.448552,-2.147516,1.974373,4.475182,-9.138204,-0.836149,-3.844709,8.539444,4.914366,4.201862,1
1.012524,-2.287437,-8.170537,1.579424,-12.325443,-1.578751,-1.065699,2.079464,5.419006,3.364899,-4.523434,-2.802181,-4.841246,-2.046309,4.648363,2.556515,3.322042,-5.039394,-6.154613,-2.912491,-4.772936,-5.061089,1.597937,-1.728222,7.221180,-5.873682,-6.717068,1.641090,-5.817438,7.296522,-3.638960,2.323929,0
6.139465,0.135483,-9.491085,3.937365,-2.958422,4.282408,-0.414570,7.661213,3.612707,3.048071,-1.848246,4.014830,2.628086,-1.254749,-7.465029,-0.349169,8.305155,0.785875,5.182539,2.509293,2.577208,3.685799,-2.716455,4.880470,-8.752163,-8.912383,1.774517,8.067173,2.930363,-4.049328,5.903273,-0.954176,1
-0.972244,0.465172,-4.055777,-5.069277,1.022690,-1.324745,-3.908659,0.125816,1.124559,-4.107414,-3.313259,3.719709,2.023272,-0.590275,1.484222,-2.819658,-1.881359,-7.783563,-2.761858,-3.118490,-7.943780,-6.544224,-1.336079,0.422577,-1.919281,-3.173042,-1.647224,-1.460508,-2.788675,-4.286961,-6.442621,-0.494825,0
2.917757,-2.462523,6.756475,0.147507,3.016577,5.542137,-2.956928,7.285463,-1.300451,3.521070,3.114790,-1.750162,-2.026957,2.742805,-0.472620,-6.435201,-2.597637,0.131207,3.263889,-0.958826,-1.145309,-1.595976,2.804371,-3.116953,-3.525114,2.405331,0.660158,5.320227,2.641706,0.305283,6.647951,3.668907,1
-0.898817,-3.934179,1.912306,-5.875418,3.206913,-4.807812,-3.810326,-1.266127,-2.297720,2.463076,-0.861790,-2.235748,-13.309898,4.842176,2.530066,-0.187071,-5.400517,-2.993858,0.799103,1.367558,-1.483088,-3.324169,1.146290,-5.856781,-1.157290,-4.989031,-3.114187,-1.705843,-4.318972,-1.602301,3.825617,-0.354059,0
3.014866,-10.431030,-6.135837,3.565748,-4.060604,-0.323997,-6.251860,12.562704,3.050983,-1.262569,7.669674,8.564394,-0.001896,-9.730304,12.395292,5.906786,1.588671,0.415731,13.744799,7.084610,0.368538,1.603024,5.098061,4.387110,1.493130,-0.318180,-2.960110,-11.756662,-1.180487,-3.816889,0.875412,3.500483,1
-2.720476,0.984295,5.678436,2.194448,0.630953,-9.911251,5.973652,-9.035617,5.118637,10.363943,-3.982117,-5.044514,2.922960,0.603279,6.920649,2.124395,-2.243114,2.753618,-6.384399,-3.063652,-0.175924,5.297327,-6.501751,-1.835716,-8.098563,0.459635,6.320820,0.430864,2.286509,2.079002,-1.257311,-4.090109,0
5.958979,-2.303589,0.227175,2.072828,0.846024,-1.241131,-3.126205,2.840807,0.940779,11.736166,-4.343065,-2.618780,1.989578,-10.176019,0.833895,-3.514183,-4.806271,-3.201838,5.257889,6.404417,-1.543705,7.010998,1.709009,6.209557,-2.458342,6.496580,-1.592184,0.714727,-1.426409,3.051931,1.288557,14.258032,1
-8.317517,1.227997,4.043344,-2.378321,2.117846,0.792231,-3.364635,-2.607868,0.764158,-11.566307,-2.931173,-3.766541,-8.477408,-4.280083,-9.840129,0.821732,-0.429327,-0.065870,2.384424,-2.839058,3.537313,-0.233438,8.033070,-3.956194,-2.047729,-4.835276,6.453772,0.736166,-4.733879,-3.216066,-12.585443,-5.779083,0
-0.813772,4.102419,-1.792562,9.453020,10.360806,3.646393,-0.343618,6.057318,3.554596,1.444551,5.727457,-0.495815,2.317129,-0.177828,-12.555586,4.166346,12.618341,0.082973,-0.912603,-4.325359,0.552137,8.297344,1.862566,12.356554,7.702223,0.244238,3.551216,-4.247803,-2.955156,-0.445303,5.467108,4.525684,1
0.842766,-5.697384,-11.219996,-1.425377,-4.573486,1.265615,-2.969761,-3.275541,3.242758,-3.612286,2.372793,4.055618,2.227207,4.267799,-2.525927,6.029280,-2.384987,3.989502,-7.320095,0.950245,-0.792747,-2.967947,0.925896,-6.857582,-2.051281,-2.795883,0.491194,-8.488829,2.606373,-0.529682,8.315369,-8.434382,0
4.121462,2.664730,-6.318588,-3.483114,5.136732,2.527964,-4.617443,2.432842,3.872477,-0.505415,7.828526,2.003740,-2.960201,-5.908026,-2.445480,-3.376673,5.010767,6.393276,-2.509739,5.531637,0.217417,-5.344928,-2.202461,-2.665653,-3.341204,-2.551630,4.488176,0.192457,-1.767141,5.890093,-3.937210,-2.474878,1
1.354635,5.097557,1.956354,-2.526274,-3.788401,-2.768196,-2.896431,-4.482143,1.072178,-6.099688,0.386129,5.566551,4.826349,-1.914251,-3.122072,0.395756,-3.404825,-2.151964,-0.849552,1.900585,-4.706083,6.423073,-5.018108,10.578577,2.797081,-0.380136,-4.460310,-3.872883,-5.841284,-1.786108,5.953650,5.239727,0
4.082874,1.803709,2.270864,3.505211,-1.854111,-2.668886,2.301809,-5.582050,-1.406538,-2.115898,-2.152550,-1.801554,4.203863,0.499401,-3.269135,0.059416,-8.726178,4.564966,7.589773,-2.567505,1.225515,0.257713,3.915693,4.608894,-4.233253,-1.788450,7.014183,-4.696896,-3.007372,7.543892,4.862068,-0.883142,1
-2.183165,1.596233,-0.934166,2.915140,1.016766,-6.740074,-7.450047,0.090391,-5.198275,0.033104,-5.647001,-1.384602,-7.248082,1.932350,-8.299869,-7.087826,-0.833073,-2.074541,-3.751049,-1.575581,4.593945,-2.975424,-3.546061,-1.472822,-7.425796,-2.322758,-0.853273,-1.309008,2.628479,-2.546127,-4.184805,-0.714746,0
4.966940,0.375435,3.055004,3.520473,-6.262444,10.953993,7.022156,0.704985,-5.674939,1.734339,-1.524960,10.107758,3.512594,4.100389,8.545113,-3.576199,-1.767937,6.816120,-1.393627,6.028347,0.013632,0.154408,6.116526,-7.471130,-1.589762,3.124182,-4.165808,8.300598,3.067932,1.296984,0.845741,-2.698343,1
2.945341,-3.839314,2.697472,0.890179,7.573854,7.725534,-0.821924,4.591715,-5.049318,-6.232080,-4.270624,1.182907,2.532997,-3.327497,-5.621445,1.149912,-4.917723,0.779369,-5.832254,0.621042,2.353487,-2.306452,2.486940,0.217396,2.999804,4.762188,3.007256,-5.823357,1.194990,4.755693,-2.427397,-5.523262,0
2.619154,3.093159,-6.034488,7.302181,2.266356,1.266897,7.288958,0.561436,-5.134380,7.275238,-6.522625,-0.339165,-1.113182,5.454546,0.693222,7.712246,-1.434475,2.456518,3.013374,3.738243,-3.766861,-1.677208,-3.104240,2.658289,-19.230145,7.466000,4.572184,0.476709,-1.081436,-12.085882,-5.168423,1.952906,1
-5.561052,-2.472248,-5.141733,-1.836466,5.206209,2.838966,-7.098350,-4.325787,0.959526,-5.137451,1.532942,-3.764904,-7.195395,-1.155706,9.157171,6.670828,4.456047,1.657822,1.176432,-5.443876,-11.424747,4.453173,-1.222754,-5.635332,-3.397388,-0.008718,-5.027370,0.112083,-8.705928,-0.710117,-2.299051,-8.843272,0
-5.094948,4.034849,2.505026,-0.368553,4.830305,-6.776709,4.133036,2.576324,-3.401762,-0.339647,-1.615370,-2.248489,-1.470388,-0.003429,5.517689,0.470612,0.716818,6.426601,7.668232,-2.763464,2.320791,-4.562256,0.232607,2.415688,0.536129,-5.549859,1.495531,0.507078,1.802389,0.754076,-3.635836,-1.818497,1
-4.418959,-3.002794,2.265974,2.484407,-8.596500,-6.115812,0.193174,-3.683149,13.168428,6.967169,9.382750,-4.051773,4.125366,-1.773642,5.009932,3.354290,-3.256721,-6.289040,-4.243521,-1.712708,1.337847,-5.941971,-5.321075,2.811699,-6.814142,-5.311213,-2.668259,-3.125546,4.335884,3.275204,0.982500,4.886793,0
-1.516758,-2.994026,-1.506287,-7.672614,3.134024,0.266569,-0.770657,-1.194254,-0.668867,7.184404,4.740437,-4.508764,-0.103817,1.217724,5.141701,-0.584597,-2.532238,1.050646,-2.312992,3.211374,2.069315,-1.074839,5.040380,-3.823925,-1.135733,0.847038,4.386297,1.091547,-2.544029,-0.818590,-2.763103,-0.056099,1
4.770283,-1.235678,-3.781363,-6.128824,-2.619776,-1.564402,2.281834,-4.746840,0.871737,-0.009933,4.456232,-3.466873,1.040432,3.362318,-3.749098,-4.085135,-1.382715,-1.833710,3.015068,-3.607485,-10.909708,4.398655,-4.338062,2.772921,-1.513079,7.255779,-3.829992,2.168623,-8.160307,5.503839,6.861214,-5.525131,0
-2.224371,1.435690,1.506985,-2.191746,-2.072500,-2.420780,0.919687,5.195127,6.148520,-1.300035,5.897121,-5.123033,0.994234,-3.898226,2.152880,2.419222,1.932362,-0.348984,5.516521,4.651493,-0.791157,1.312199,4.991495,7.839191,6.231148,4.007929,-4.073050,7.581526,9.812986,-4.053850,-0.659163,6.515810,1
-9.057693,-1.401356,2.229551,-2.219038,-1.791145,-5.142033,-5.555422,-1.471111,4.563002,0.679119,5.609755,2.201992,-1.179802,-7.819669,5.816065,-6.156948,-2.295370,0.571350,3.306536,-0.062826,5.951057,-0.059914,-0.689121,1.111622,-3.563608,-2.736494,-4.198275,7.785513,6.793907,5.658945,-3.847534,-3.314655,0
2.406313,0.423592,-6.900591,10.717657,6.206560,3.679882,0.612762,0.399172,4.205122,-3.515079,3.129215,3.977392,-0.111023,3.446981,5.299179,6.018412,7.780886,3.880278,7.219448,-3.751608,7.438631,2.008867,0.437225,7.059263,7.093201,6.367052,6.559515,3.981758,6.881557,3.574680,-3.525276,-2.846853,1
-4.890265,9.805162,-4.102106,2.754253,-0.067390,1.570263,0.541107,-6.946348,4.601978,2.776018,4.944666,-2.270988,1.731335,-3.982887,1.680586,2.747259,-7.263447,7.991013,6.691360,-7.882313,-4.882156,-3.759211,-5.231197,-9.430848,4.476067,-8.640806,-11.872998,-0.261644,-3.248508,5.049580,-5.829634,0.841364,0
5.661558,2.723148,-0.474821,7.603674,-5.644535,4.450573,-1.836073,-2.315161,11.418951,-5.228969,2.165083,-1.638762,-4.129271,-1.806444,0.488285,4.921539,-2.331600,2.598270,-3.277889,-7.716018,1.474174,2.801371,11.026979,-2.429817,-0.353861,-7.331561,1.708120,0.514450,-1.019152,4.817413,-1.330809,-2.132128,1
-7.784043,0.692415,2.625544,1.535822,6.462437,-2.367954,0.222572,1.581854,-1.266186,3.737301,4.430273,4.511427,3.708866,4.586550,2.476141,-1.378899,-5.162756,-4.724234,-1.837006,2.311684,-0.764055,-7.600103,4.807278,-1.178724,7.756180,-4.101276,-5.045420,-1.485275,-1.389957,-2.302011,2.118742,-0.579943,0
2.422983,-5.690610,2.085377,-3.036854,-1.875509,-3.053787,5.963181,-12.848096,8.524187,2.006474,9.183727,1.338634,3.496593,13.237196,3.875851,3.173862,1.694412,5.512554,-1.704557,5.435722,-1.948954,-0.136135,11.026033,1.470173,3.497881,3.950638,3.708715,2.598587,5.639540,5.677053,2.140593,2.109047,1
0.658621,-2.059284,2.394285,-2.398701,3.437140,-3.682705,1.482151,-5.019501,-6.131123,4.634411,-2.081203,-1.770082,0.295973,-7.533062,5.604626,1.184227,-7.116685,3.355793,-0.200228,1.476467,-2.528799,-9.194912,-0.408953,-8.425588,2.572878,-13.791272,-5.271395,-1.654009,3.321611,-7.263982,2.966970,12.877024,0
-5.045612,-0.687038,1.982681,0.535410,1.044003,1.541658,-4.387682,-0.356342,1.923294,-1.048515,5.506121,7.538839,-4.446905,-0.045984,7.954824,-4.184566,6.484564,-0.064013,1.129215,1.404289,-2.347719,-2.636473,-5.921196,0.791491,2.319750,-1.920671,0.331982,-0.272833,6.921909,1.316610,-1.154945,-2.381336,1
-0.484718,-2.138290,-0.815840,-1.334824,4.599968,-0.863136,-7.483833,2.328543,3.205793,-0.534222,-2.822670,0.756435,-2.631542,1.106897,3.720440,3.643400,-1.924421,-5.736727,1.037258,-1.431873,-1.093893,-6.715902,-6.696510,-2.281408,-3.490725,5.992178,-2.478161,6.406912,1.940260,-5.101896,2.593384,0.823017,0
5.374054,1.915358,4.208799,3.576176,3.167229,5.633005,-2.540985,8.207323,0.700365,2.786652,7.123512,0.700422,0.156384,4.195787,10.872465,0.060099,-2.158482,4.360563,-3.311045,1.886395,0.236572,0.724337,5.879089,7.152477,-1.656027,1.340445,3.551569,-1.199236,2.683548,5.960354,2.116982,-0.712671,1
6.500847,-2.358023,9.955446,-5.158003,-5.098133,-1.081066,-1.459913,11.827585,-5.633101,-6.061647,5.603218,7.721968,-3.961512,0.694670,1.221418,-1.399952,3.485458,-0.970640,-0.945097,2.010466,-1.172295,-1.269878,-1.905678,8.184137,-10.152276,0.748316,2.887217,4.569265,0.905165,1.108301,-3.255400,-7.148793,0
-1.348080,-3.610773,-3.170576,-1.571512,1.514523,2.797436,3.268545,5.888027,5.755617,1.176970,-3.584824,-1.085752,3.992170,-3.138691,-0.662849,-2.714937,-2.971472,3.816650,-1.635292,-2.037640,9.777796,-7.349609,-1.540991,-7.210640,-5.216021,-0.480001,0.713326,5.012304,-0.588049,0.152954,7.034767,1.604834,1
-9.587209,-5.021870,-3.209114,3.289494,0.306135,-0.616787,4.235067,-6.948114,2.916229,0.102491,3.170620,0.338018,-5.661951,3.100664,6.362047,2.861681,-0.574053,-8.700131,0.781332,-5.049046,4.656399,-1.344801,-2.119438,1.420258,-1.253628,2.676790,-3.844843,-2.145691,1.585897,2.938192,-9.162102,-5.592232,0
-5.633760,-1.366087,-1.869221,5.533081,7.430412,-1.906107,5.821178,0.896339,9.399048,-2.935663,-0.170099,0.863499,-7.105251,-5.510684,3.880260,0.230101,2.257080,5.374451,4.021387,3.879896,-4.701794,2.013863,-5.999396,3.346420,-5.790671,4.097574,-2.408064,2.978704,1.699919,2.989071,2.327766,8.190002,1
2.317730,-0.227980,2.850445,-0.713526,0.958094,0.413761,-2.229612,-0.379509,-2.473261,-0.793600,0.792931,-13.830096,3.375212,3.535946,1.279139,-3.294994,6.189209,1.566568,2.038937,-3.745726,-6.977499,1.435923,-6.744371,-7.970738,0.280659,-5.112417,-4.531460,-2.070124,-0.884186,-3.755285,1.529552,-2.201258,0
-3.065521,4.758104,6.971449,3.490461,-2.541620,6.377190,1.900747,6.128735,-2.732056,1.970797,2.542423,0.022287,-1.571733,5.064989,-0.884790,1.528366,0.059855,-1.257832,-3.244104,-6.401111,2.599594,-2.553652,0.125927,4.154011,4.522350,-7.000827,3.126114,-2.104980,4.530050,6.717615,-6.699826,-1.167187,1
4.186073,1.309088,-6.963591,-1.741289,6.518776,-0.533978,-3.114326,-2.658514,0.440039,-2.680586,-4.207020,-4.462992,-7.189786,-0.853870,0.330015,0.701406,-2.946070,-0.792732,-8.262768,-1.287073,-4.934490,0.610960,1.364750,2.817528,-2.938095,-2.985983,4.236973,-2.870790,-6.282097,-2.565002,2.507172,2.192923,0
0.908924,1.895063,-2.725988,3.811306,7.819416,8.653416,-0.388132,0.806711,-0.480871,4.898621,-3.687456,5.547983,5.720438,-4.264389,-4.362925,4.177227,7.652018,-4.885740,-5.254915,3.793356,1.058865,3.806416,1.228868,-0.140575,-4.610258,-2.467215,5.728720,9.180054,2.368748,-0.720146,1.579702,-0.773819,1
-0.102983,0.889574,0.190840,-3.444031,-1.737625,2.656700,1.248913,1.040821,1.205070,-1.209269,-3.223663,-8.205735,-0.143839,-6.622692,-1.737955,0.950447,-2.561214,-5.202335,1.724066,-1.148834,3.826080,0.402794,3.089687,0.982386,7.554754,5.103849,0.366827,-2.234976,-7.602924,-3.261454,-2.719294,3.221104,0
5.532608,-4.022776,-3.500937,2.688776,1.123402,3.228804,4.448572,-11.039524,1.248003,0.978092,-2.904978,-3.523272,-5.608075,-1.566637,1.262974,-1.740877,1.332659,6.197639,1.009951,12.394255,0.382679,1.657936,-8.347610,-1.243309,2.898422,1.413967,0.138611,5.833881,-0.987511,-2.983978,-1.270050,0.426460,1
4.901840,7.957378,-4.928501,-0.289856,0.744701,2.825247,-6.996752,-4.733631,0.330233,1.783348,-0.794474,-9.971928,-8.922969,1.261126,9.721254,-5.193701,-0.757277,-7.540575,-4.970936,-3.521734,-2.724451,-3.781425,0.855932,-6.239983,-7.215240,-11.888920,-6.080042,4.995951,8.968264,0.917641,0.676352,6.989408,0
3.904140,-1.986589,-8.275824,6.745312,5.963606,-0.688906,-3.488577,-0.833395,-8.288727,5.583828,-2.973280,2.696898,2.847586,4.238560,2.354027,5.368351,2.086260,3.384253,2.414688,-2.900015,0.188313,3.130924,-1.699642,1.493710,2.451017,-1.171621,1.225641,-3.743288,-6.414452,4.078421,5.188660,-3.260798,1
