4.559727,-8.318445,-6.382708,-8.878675,-3.381311,-8.832723,5.943443,-7.293336,-3.277784,2.737980,-3.457987,3.196556,-5.365538,2.379210,9.819834,-7.491883,-0.446266,-2.722450,0.084534,1.280066,1.733814,-3.457594,-0.543259,4.513914,0.215862,0.709213,-4.362177,-4.772417,1.972805,-5.613964,5.017338,1.909136,0
2.015587,-5.673685,1.923458,-2.943386,-2.129480,3.248741,7.860857,4.943996,0.978878,-1.349249,5.017616,8.638189,-2.023388,-3.085506,6.303942,4.944651,8.932463,-1.602367,-1.886221,4.171137,7.673668,-1.597479,-4.937731,-0.262089,0.380098,3.021029,-2.418739,3.987463,-0.241022,3.999744,-2.979858,-0.757433,1
-1.124847,-1.046474,5.613031,2.134441,8.229513,-0.777702,-1.467463,-7.766910,6.530495,-6.778252,1.705948,-1.946381,-4.390202,-4.360142,1.907747,-8.980370,0.075563,5.767601,-0.535833,-3.577429,-4.822708,-2.199751,3.142769,-6.422165,-0.712341,1.031389,-3.277340,-8.821152,-0.655897,-5.030006,-6.056566,-1.432005,0
-3.117649,-6.654169,3.285048,4.075911,2.406824,8.189466,-2.424973,-1.097792,-3.476135,11.140318,-2.755705,-1.085569,0.629536,6.352386,-0.079191,10.444029,-5.702308,-3.017956,3.140268,-0.435749,8.017986,0.299446,-0.208225,6.416416,0.804186,2.588604,2.448803,0.789207,1.016632,1.556019,-1.773851,-3.612253,1
-3.668053,6.126968,-0.514034,-5.472000,-1.855219,2.253872,8.171221,-1.914997,4.744905,-4.191795,-6.012283,-2.156397,-6.067913,-0.584108,-2.484087,4.845285,4.178326,2.937195,0.326080,0.206858,-3.218988,-0.417387,-2.198044,7.974369,-6.830153,-7.369371,0.070841,-3.013420,0.982595,2.524240,-2.945795,-1.586546,0
-6.533843,-0.859856,8.687670,-1.853724,1.139351,5.424175,5.188606,-3.021494,2.036341,-10.577137,2.893257,-1.529215,-8.891321,2.652901,-2.539152,3.129110,-4.163204,-3.205242,3.533518,-6.154120,-3.111431,3.697351,3.975016,-1.946665,6.045483,-5.731565,6.525692,7.990826,8.491903,-5.096044,1.736391,5.383884,1
-0.539270,5.794750,-8.276214,1.073019,2.050940,-5.050158,2.216269,-3.243629,2.947683,-4.467010,-2.173067,-4.196156,-9.328517,2.185085,6.801191,-4.473721,-5.447939,2.925671,1.160719,-1.657318,-1.971336,12.942797,-0.001102,2.556267,7.823414,-2.711813,0.218187,-1.576071,-4.537523,5.998478,-4.508661,-13.817151,0
1.222569,7.544413,6.060787,5.030005,-5.485536,2.904852,3.288950,-2.450998,5.767483,-8.242175,3.099655,-4.971830,-2.864159,1.035521,-11.436893,7.888062,5.387676,4.567400,3.162399,4.265863,-1.799484,-5.589678,2.310375,7.775883,-1.562489,8.280346,-4.861866,-0.039314,8.956701,5.520834,11.743635,2.523722,1
-4.422146,-3.190893,-4.908638,-3.273846,-3.171741,-0.473873,6.109783,-4.435818,-7.598136,-5.125122,-4.756336,2.643276,-5.089598,3.415348,-1.932436,-7.651241,-2.740650,-1.597656,1.037086,4.369347,0.444284,-6.776501,1.361935,9.978960,-0.726547,-2.331453,-6.169130,5.318375,1.454165,-1.073620,-2.452002,-2.739691,0
0.247807,4.275396,-0.447182,7.739229,6.596399,3.381565,-6.256963,1.902670,-1.425289,2.635490,2.376238,9.165113,0.463449,-1.665524,1.383133,-8.374640,1.426025,3.483818,5.477747,-1.508892,9.728613,4.161240,-9.961156,0.050293,-0.725016,1.176870,9.609137,3.435146,-3.805002,3.517593,-7.776445,-2.891598,1
-1.452309,0.767731,2.464474,1.938822,-3.950136,-1.734533,0.884144,-1.582401,2.674124,5.047153,6.537033,2.172722,-3.225237,-4.715298,-3.098419,0.203796,-2.792515,2.590975,-1.638447,-1.259712,-5.667614,-3.149864,3.458563,10.042105,-5.148043,2.202423,-3.380289,2.375498,4.239594,-3.029169,0.594406,4.626513,0
-3.252764,-1.030308,-5.946723,4.223305,5.082619,-6.200723,-3.397394,4.036880,-0.780809,-2.414143,1.808525,-5.689656,9.202686,6.337595,-0.291363,5.996511,3.444616,6.203321,3.169538,0.194170,2.983185,2.995993,3.985918,-1.131250,-1.051912,-6.027235,8.496471,3.176842,3.269020,11.154131,-0.115393,5.464567,1
-3.820650,-7.636272,3.106913,-0.924803,-0.814514,-4.459055,-4.728207,-2.976246,-0.855597,-12.097413,-3.612488,6.013521,5.153423,-5.463655,-5.118692,1.665833,2.175261,-2.039488,1.839207,2.196997,3.320717,-0.334726,8.966341,-1.887514,2.936892,1.546949,-4.071112,-1.244562,-1.805717,-8.708632,-0.066509,6.673937,0
1.258724,5.152216,-5.549263,-8.842408,-5.021296,5.858662,0.906681,-2.559488,5.884470,-1.365726,3.416704,1.671604,-1.419859,8.894585,-0.492016,-1.133978,-2.201063,0.751469,2.853218,2.909077,3.567595,1.974850,-2.652689,7.707367,-4.962452,0.223560,-0.637028,-3.564856,0.453560,4.617937,0.175951,-12.362932,1
-0.769995,2.618813,-0.893286,4.690819,3.239607,-1.105955,9.758982,2.545237,4.212811,1.837936,4.023607,1.894600,4.319696,-4.401436,1.870996,-4.181065,-4.303925,0.059824,-1.646685,-4.775333,-11.185414,7.723934,-2.120066,-6.629129,5.996021,6.524103,6.102413,3.128708,-5.464567,-1.107777,-2.741318,-5.756088,0
-5.874865,-7.947492,2.418695,6.970062,-7.061025,1.964417,-3.663607,12.132875,2.533850,-5.828050,2.694633,-8.553025,0.005793,7.875586,-3.417564,-1.261980,-6.346781,2.584072,-0.816717,7.822748,5.814667,7.549059,7.505531,-4.333340,7.794029,4.170076,0.569679,-1.648611,2.200357,6.085709,-0.935270,-2.543982,1
-0.011209,9.637163,4.475187,-6.574974,3.673079,4.523598,6.389080,4.117155,0.818180,1.241970,7.207230,-0.786076,1.852640,4.487387,-0.466660,-4.178892,-8.311224,-6.316227,3.892031,1.928434,0.145769,-6.343891,-0.055559,-0.100307,-3.603479,3.918650,1.824791,3.869452,-2.518394,-3.011770,-4.576830,0.558809,0
7.460785,-5.405499,-3.361471,3.099073,-2.570948,-2.947821,1.619345,4.304495,2.632103,0.707668,-0.262138,4.483036,-4.562918,6.941055,2.370369,-2.500216,-5.413613,2.687971,-2.581060,5.995819,-1.807306,-4.685543,3.559608,-0.805534,0.920969,3.068258,2.682806,4.485754,4.099665,0.177343,0.670242,0.910082,1
-3.054115,1.223886,6.805281,-3.385229,2.724693,-1.522243,3.000513,-0.540953,3.317341,1.808153,-8.685893,5.235134,-0.669741,5.879513,4.884314,1.349001,-9.349622,-3.962700,4.034800,0.733135,2.481522,-2.327883,-1.535379,-1.187140,3.401402,0.429331,-2.470621,-1.559729,-0.219311,0.719513,1.394842,-2.202303,0
5.345058,-0.311190,-3.523148,4.778055,2.824303,-1.979393,-0.845612,4.507538,2.839596,3.982744,4.700911,2.927891,-2.797010,-0.985714,1.589293,-3.646532,1.603695,1.725691,2.474739,0.774296,3.683569,-2.207136,2.340120,3.599304,-4.663719,2.900736,-8.297395,5.502754,-4.966957,3.250557,-5.259292,-7.946846,1
4.563131,-1.261526,6.860662,0.441957,-8.467698,8.909534,0.776342,-1.304516,-3.338892,-4.701292,-2.182384,-3.303808,-4.481390,-3.942482,3.038830,6.185125,-3.078959,-4.581783,-2.149027,-4.274446,3.763681,-4.916370,-2.203182,1.140236,-1.151478,-4.340458,4.128641,-10.620267,-7.448047,2.888668,3.052303,1.282742,0
10.723505,1.322411,1.163622,-4.341888,-4.716036,0.627243,-1.460661,-0.238087,8.168140,4.650997,4.928720,3.576174,-1.586285,2.248699,11.996977,7.656359,-4.494026,10.762438,1.657757,-4.929630,8.066660,0.726164,4.723955,0.152029,-0.149647,2.769808,9.513552,7.138306,0.044315,3.578457,6.506804,2.219193,1
-0.052067,-3.793566,4.150246,9.731432,-4.522715,1.180273,0.746462,10.501799,-2.700256,-3.360664,0.494610,1.999590,-9.743298,-5.188194,0.470442,-3.153790,-1.701561,-6.335964,2.973726,-3.119270,-8.098974,-1.543135,2.406626,-1.204355,-2.562725,-5.178091,0.788420,-1.213732,-5.361071,-4.673204,-10.130108,2.371193,0
1.326527,4.603838,2.000650,4.163490,6.251520,-7.590754,-4.278482,-1.365654,-6.759729,-0.888536,4.445705,5.345455,9.761932,0.531614,1.788918,-1.101082,5.218338,6.787685,4.797438,-0.321190,11.577436,3.709328,6.350676,-1.933723,3.113605,2.516924,4.828068,-0.958448,-3.766905,-0.220634,-5.289206,3.512882,1
-0.911041,1.697046,0.550352,-3.598749,-2.777353,-2.251532,-5.667128,0.460344,-3.085888,1.266842,-5.256292,7.261173,2.694956,-4.864145,3.606989,-11.995569,5.580263,-2.038301,4.342916,3.544333,-2.716129,-5.837906,-1.985107,-0.794640,3.823851,-2.639347,3.182484,-1.020742,-1.561468,-6.721851,-4.788822,-3.968828,0
2.096529,3.136448,2.529949,-1.117136,-3.068419,4.460789,-0.104879,-0.341543,2.573919,-2.784227,-6.416259,10.985029,2.422758,7.441654,-3.186752,5.734629,4.300962,1.804134,1.219320,-3.913506,-7.278165,-1.487007,-6.402349,-1.072182,8.505795,-1.640200,1.262819,3.001684,8.545040,4.868677,5.513594,-0.021122,1
2.033140,3.974148,3.675591,0.584677,-1.157396,-1.532616,-0.625645,-0.133194,-6.958525,-2.690231,-1.693745,-0.783623,-4.824911,-5.692999,-1.256088,-4.933798,-0.797968,-0.949062,-1.817209,3.282068,2.091478,2.899868,-4.052099,2.634584,-7.150688,0.042030,-6.881472,-5.503065,-7.396786,0.439098,0.399254,4.892662,0
3.800739,2.746237,6.368912,11.516283,6.667799,2.732960,2.924372,-1.909357,3.084072,-4.032310,-0.556553,2.731600,6.559011,7.461733,-1.164679,2.940376,-1.519703,-4.501516,3.141209,6.226086,8.267776,4.479284,2.281664,9.851456,-4.024139,8.139929,9.979036,-4.053394,7.065716,-11.430949,-2.165636,-0.709669,1
1.581732,4.627703,-1.506207,-0.906412,0.613575,0.424231,0.883709,-6.036642,-1.145840,-0.661272,3.167494,-1.166033,2.108538,4.411097,-3.572987,-3.087147,0.244207,-3.904716,7.451590,-2.896784,-3.577011,-4.683985,-3.488401,-2.069818,-3.180225,-7.076008,4.633518,-0.011496,-12.871484,-3.369623,2.256250,0.614313,0
4.521807,-5.632766,3.965143,3.510408,2.919140,5.091484,-3.741468,-0.952770,-1.215191,-1.586853,1.821564,-3.350796,1.906488,-2.701611,-4.133438,-5.447245,-0.670914,1.179703,-1.112663,8.206841,-4.165726,0.457752,-2.304594,-4.393364,3.026688,1.940624,3.372278,8.289484,-4.196720,-3.002174,4.481976,6.345436,1
-1.128878,4.052311,-0.991173,0.289444,-0.668266,-6.517706,-2.983215,-1.649340,-6.498665,1.581974,4.207548,4.509224,-3.145584,4.196648,-4.687502,-5.490040,3.618017,3.461348,-0.635403,-4.847303,0.810444,0.877222,-1.774237,-5.887329,6.263571,-1.407446,-2.723053,5.840651,0.121386,-0.010363,-3.700745,-3.827454,0
-3.837492,4.607506,1.315256,-3.437899,3.727491,1.110048,-2.973925,5.962444,4.159878,5.965090,-3.846191,3.532335,8.533068,-1.046616,-2.977480,1.093376,0.642071,-0.190548,-1.390932,-0.754892,5.888325,3.888287,-0.299242,-1.139814,-9.018626,7.405087,6.342022,-0.239403,2.115606,1.640440,6.510160,3.108322,1
-0.730408,-7.584686,3.539827,-5.783735,1.285332,3.651096,-7.194532,-4.471123,9.844599,-3.618692,-7.814086,5.028172,-7.065435,-0.482983,-4.565895,-0.350367,-1.519684,-4.700888,-2.353745,-2.186584,-3.569620,3.730038,-2.547167,2.609890,-5.996859,0.767757,3.581423,-7.888574,1.546806,2.746113,-6.728228,5.334917,0
-3.604908,3.171896,0.470875,3.688572,3.307499,0.773838,-0.453852,0.706114,0.397554,-3.838345,-6.048644,-1.046286,-5.244457,-1.806711,2.374409,4.898582,-9.075906,-1.043121,2.948425,1.484705,5.608747,1.939222,-1.854340,-3.692421,-0.672714,7.424530,-0.046721,-1.812508,5.481668,6.148720,-5.369781,7.454334,1
2.520142,3.546114,-2.030617,-1.847748,-4.290630,-0.783857,-1.675503,2.348278,0.125349,5.510708,1.717325,0.652985,-1.489132,-1.504507,7.169855,-1.708382,8.916142,4.710245,3.731968,-7.498744,-3.952766,2.199255,-0.519331,-2.512331,4.448757,0.879019,-6.237375,0.381613,10.574480,-7.200578,3.805719,7.376968,0
2.953569,0.538284,0.260530,2.988501,0.125389,5.168669,-0.634579,3.253147,1.111780,-1.302671,6.049517,-0.515484,5.233944,6.879629,-3.091890,-0.671820,0.985149,-0.761003,3.241819,0.939093,-2.526882,2.155539,2.481119,6.377043,-3.362694,-6.351446,5.988430,-2.189051,1.261322,-4.643433,-4.381857,-2.807013,1
-4.457624,2.557606,3.588732,4.015079,-12.376855,-1.816952,1.346470,-7.363360,10.729090,1.583096,-5.646523,2.455486,2.127638,3.221777,-0.263391,0.019138,-7.069262,-5.239134,1.040009,2.706041,0.033094,-2.341566,-7.323717,-0.131817,-2.717445,-2.510714,-8.492382,3.108681,-0.587793,7.454910,-4.332634,2.646763,0
1.138227,-1.130699,5.460608,1.589882,10.303902,-1.127890,-2.647867,-2.825792,-2.632957,-0.988285,-6.993642,4.629379,-6.085070,-7.105473,6.088907,-2.276964,-3.180241,6.965012,-5.523388,0.632645,-2.726290,-5.903123,3.870789,-1.070513,-2.745111,-4.303806,-8.262105,-3.038948,-4.305456,0.412554,-4.756725,-3.812370,1
-3.704004,1.154680,-2.026682,11.364122,1.021479,-5.078737,-6.399221,-5.357262,3.092852,-4.689167,-6.212250,-1.311993,-6.194660,-7.314882,6.382767,2.752934,5.409340,-2.490067,3.695778,2.974529,1.987984,-4.155363,2.449224,2.668707,-2.719440,-0.301184,3.534428,0.118946,4.346403,-6.709990,2.637009,3.861271,0
-2.180685,0.082148,0.763056,3.097588,-0.849777,2.270130,-4.196585,6.312670,0.503445,0.653696,-2.734703,-10.643972,-2.744146,0.301334,2.521425,3.537687,-3.508974,4.154816,3.412670,7.104113,1.452732,-4.396524,9.920576,-9.141537,-1.107681,-3.331379,-1.861034,1.664700,-1.087511,3.496639,9.064730,2.669783,1
-0.942720,-1.073866,3.489054,-0.568710,1.435560,3.809601,-0.320566,-0.819311,5.006754,-6.235399,0.425335,1.600674,-4.951855,-4.830933,-6.321360,2.171410,1.120182,-7.973634,2.251724,0.305967,-0.565943,-7.008423,5.297672,6.669891,-3.969240,-7.551428,-3.422489,1.188837,-1.683420,-4.153484,-1.137075,-10.449909,0
4.834297,1.780153,5.280224,0.206997,4.792322,4.791027,7.383509,-1.224520,1.836599,-3.180914,-0.571632,-3.354122,0.982103,-1.921350,-1.368389,7.593540,-3.940815,-3.388050,-0.996565,1.753012,5.823650,14.222090,4.074545,0.346397,-1.601776,-3.582369,12.967054,-1.587114,-1.787184,-0.313339,2.420206,4.975851,1
1.288635,-0.927052,2.109268,-5.849831,3.318882,-6.268232,-1.672729,-4.966160,0.113634,1.348476,-4.862158,1.311895,0.056150,-7.666866,8.330147,6.749256,-2.139553,-0.845387,2.877083,-3.268440,4.246075,-2.386501,-7.612273,7.046463,-2.265516,-7.661277,-7.733683,-4.507507,-1.897114,-0.877569,-2.549328,-5.700161,0
3.762032,1.552998,8.474648,3.397602,-3.550570,8.530209,0.923832,-0.500406,5.636757,6.481276,-0.754299,-5.604039,2.862621,-0.047768,0.949661,0.156054,6.527218,5.567682,0.115572,0.705645,1.742521,-8.668469,-2.659723,2.825844,-7.588417,-5.926713,1.869934,-2.118025,2.530725,0.977755,-2.485271,-5.396567,1
1.889662,-0.526869,4.615559,-14.287230,-5.416182,-7.703829,5.874432,3.507286,0.368099,-6.927139,8.691343,2.234232,6.495668,-0.049780,-0.175470,-2.705286,-2.839989,0.736652,-5.680025,-4.468437,0.573236,-1.283258,-0.832521,0.633881,-1.937183,-0.665585,-1.138355,-2.675386,-2.699829,-8.420317,-2.899973,2.468761,0
1.215324,6.675053,4.322279,-0.449461,-3.714373,-8.274876,-6.008250,-3.342808,7.717213,11.870275,3.015532,-2.888485,-3.728300,2.071339,-3.712833,-5.255527,9.714825,2.129719,-0.048351,6.243801,-0.740961,-4.603888,-0.450632,5.192699,3.397125,6.747892,3.112593,-5.112282,-4.866688,4.320297,1.667494,5.048695,1
-0.596806,-9.194778,2.803217,-10.638935,3.060349,6.688822,-1.402691,4.014004,-3.125595,6.826960,-4.846714,7.405499,1.575804,-7.508711,6.824545,0.846882,-4.832273,0.824898,1.467735,5.277748,0.823734,7.677174,4.888403,-1.132614,5.177691,-4.314337,6.604383,3.256800,6.676413,3.135220,3.670164,-6.817972,0
3.649992,1.751949,3.743183,2.878511,0.540331,6.270288,-6.900503,0.137154,3.493353,2.928667,4.762316,-1.228237,-2.009670,2.343777,0.351053,2.301390,6.667130,3.252586,5.877163,-0.123455,3.591732,-1.874548,-2.090191,-2.291016,5.453131,6.120262,-3.169380,-2.854584,7.858421,-1.722971,-5.484574,-1.801018,1
1.332413,-1.773617,4.498255,0.889147,-5.926529,0.735666,0.721415,6.395689,-0.886942,-9.123906,5.486540,-4.669550,-1.401201,-3.358791,9.549143,-5.297323,-0.062973,-5.634909,-2.661577,-0.769550,4.273748,-0.081303,-8.490393,-8.949726,-2.594446,-6.399015,2.444372,-10.003915,-3.138823,6.814901,-3.202955,3.778463,0
1.424982,0.080738,-2.346985,-2.993320,-8.642313,3.805479,3.515028,5.469252,-0.513632,2.772049,0.718456,-2.490034,5.001534,1.238855,2.973785,4.222210,0.370176,-3.862715,1.387749,-0.476734,-2.928072,4.574991,-1.911875,5.085764,8.465193,-0.049149,0.342012,-5.222619,-4.616884,-4.489737,8.141727,-5.963910,1
-5.547554,2.845701,5.790524,4.891081,-3.545185,-8.931927,2.737890,-0.599255,-2.604837,-0.544048,-6.738605,-4.716188,-4.183901,-2.438686,-7.815969,4.010162,-1.943419,1.130442,-2.351004,2.508144,-1.211832,-3.455853,-0.255520,-6.561468,-4.840504,-2.259678,-1.393858,-2.251659,-6.750881,2.065195,5.209259,2.014256,0
0.743429,1.499424,-6.379912,1.489849,-1.135006,3.898937,-2.975325,-0.397255,-0.297777,-4.208044,6.143307,-2.144255,2.483320,3.644388,-4.999758,3.259781,2.860243,-1.093098,-3.352753,-1.036877,2.031876,-6.305996,-6.059356,9.850573,7.820425,3.777519,8.279762,-3.920418,0.270620,0.803131,-3.024559,-5.917196,1
-1.619923,2.125305,5.613909,7.410032,-1.911201,2.860176,-3.614178,-0.966389,4.561747,-0.650438,1.692013,-0.907133,-6.006512,-2.774921,-5.346659,-0.751879,7.081924,2.787495,0.863192,4.584652,6.542122,-1.911068,-0.695087,0.780790,-1.288754,-3.498634,4.608650,6.011198,0.768892,3.945969,-4.295952,-8.040244,0
5.607706,-2.483644,5.585419,0.248873,5.663240,-1.700169,-1.476444,5.061434,4.672136,3.353437,0.896982,4.690411,5.846151,-0.236147,-4.406473,6.363909,2.977688,-3.299242,6.382462,0.828306,3.734661,4.045374,-2.892895,-0.356157,-5.925200,-1.420824,-5.487385,-4.504694,6.922342,-11.483638,7.583260,2.547100,1
-0.601139,-3.072933,2.116377,-3.080431,-4.963930,-2.161304,-1.454008,-0.439821,-4.312094,-9.001578,-2.150837,-3.778748,-6.869705,-4.839851,-5.941151,-5.579813,1.933674,-3.475334,1.406469,-1.862322,-1.760950,-8.323031,1.590855,-1.923243,-5.968880,2.472290,-7.712754,-6.778387,-0.026642,-3.586630,-1.158195,-5.857189,0
-3.920061,5.929762,1.852142,-7.436929,-1.829393,2.990612,-6.448628,-3.210062,7.719296,-5.102881,2.160257,-4.811041,-1.463655,1.961212,1.884857,0.350239,-0.453936,-4.291182,0.806627,7.402372,4.048616,6.824200,7.700676,0.250250,4.035690,1.476423,2.395067,1.670347,0.220819,-2.577425,-4.549253,2.714672,1
-4.043398,-1.389071,-5.789501,1.089119,-1.225847,4.774706,-3.455847,3.660063,1.694559,-2.698967,-3.054976,0.229994,0.124157,-6.157640,3.234322,-3.081467,1.188837,-1.992649,-3.610126,4.080313,-0.080942,0.738216,-7.474157,3.469320,0.996353,2.099953,-0.735008,-0.991531,0.710970,-4.178268,-2.365505,1.822124,0
0.067101,7.637871,-1.312588,2.250929,0.753338,6.223255,-1.503256,4.558912,1.500454,9.291121,2.494421,1.146116,6.116840,1.969278,-2.136068,1.286140,7.388327,-9.136356,-0.548273,1.437038,4.154524,8.205099,-5.736382,-0.573982,0.503719,-2.919027,1.709787,-0.262230,-1.287340,3.972162,-0.220406,-2.837015,1
1.247450,-0.513830,-8.738997,-9.771350,-6.046408,-2.083021,-4.492586,1.694693,1.233526,1.459984,-5.749306,5.224924,0.897636,-6.111107,-5.524721,2.555500,1.565573,2.835348,3.661743,3.567287,-1.438757,-1.259455,-0.843231,-3.418886,-4.796429,-3.710447,7.432955,-5.412527,1.158960,-3.242558,-6.535271,-1.377447,0
5.244738,7.813334,1.412275,-1.099737,1.419107,-0.281229,-2.323055,10.279102,0.085503,-0.698967,3.129555,0.361441,-8.498621,-4.232813,3.048996,8.019320,3.916983,-5.527468,9.494547,7.477329,4.277411,7.136507,-3.620253,1.481264,-7.864842,-0.258633,2.804619,-1.308435,-4.384848,10.766418,-1.012329,0.937109,1
-1.902439,1.131067,-5.974449,1.906807,-5.207214,-2.084032,-3.564285,-6.598709,-8.267288,7.376253,-2.562195,-10.842716,7.545181,-4.431747,0.348248,-10.574359,1.090696,-4.327713,3.128696,-2.475712,-6.361479,-6.900026,-5.679220,-3.168047,-2.173637,4.562044,-4.263365,-0.859138,2.770809,-4.826794,-0.649202,-6.274916,0
1.198406,-4.715593,4.725315,1.397305,-5.915038,-3.141773,5.210590,-5.470963,-3.186651,2.319714,5.425861,-0.499926,-0.679113,-1.292969,4.561184,2.307016,4.289415,-9.452295,-11.947921,1.944452,3.227938,9.912975,1.085615,-0.550261,3.149145,4.276428,0.769407,-6.100478,-1.822809,0.156839,7.318613,3.571934,1
6.248259,1.154379,-0.814564,1.646275,-1.842375,-1.728582,-3.218653,-4.380007,-1.267550,-2.938290,-3.180641,1.186676,1.544792,-4.096582,-1.537819,1.917900,-0.541862,-6.871279,8.364784,1.865133,-8.698205,-0.467901,-4.795528,-4.154629,-0.577801,-1.705915,0.776463,-6.618374,-9.991550,0.759764,4.777756,0.030315,0
5.232645,3.151672,4.425014,0.025806,0.049984,-6.693306,4.084097,2.024609,-15.039675,9.184134,-0.860382,-4.536253,3.116098,-0.732059,1.348204,1.439909,3.847639,-6.513512,6.120922,-4.556684,8.927555,-0.458603,0.228977,-1.075727,5.537119,1.094194,-4.794380,3.708546,1.716717,0.091839,3.338364,-2.153093,1
-2.335545,-0.855503,-8.498146,3.516401,-5.236904,-5.546700,-5.831232,2.833668,0.734524,-0.346750,-1.920990,-9.458034,-2.682140,-3.984056,-4.968748,4.332918,-4.775475,-2.310297,-4.457146,-2.031137,-6.023418,-8.288764,0.151295,0.721582,-3.958063,-7.920238,1.436365,-3.774670,-0.554243,9.694502,-0.714283,7.797497,0
5.865372,-2.545729,8.241755,4.979250,-1.611816,-5.145310,-7.668474,9.969809,-0.985968,-0.708870,-4.187571,-5.743330,4.247259,0.438906,0.827049,-0.713711,-4.108341,2.093180,-1.822672,-3.174591,9.420273,-1.063982,7.556593,-1.164923,-0.709673,-3.384930,3.062775,3.357941,4.198402,8.452528,-6.260815,4.053337,1
0.159267,-5.751911,-5.405554,-4.696535,-2.496433,-1.341238,-3.769108,-2.187967,2.280083,4.586720,-2.446545,-8.961679,1.277952,-2.205385,-7.509389,-14.003203,-7.164219,-4.449614,-6.605120,-3.585899,0.592344,0.700005,-5.010332,5.616617,-3.020708,-5.225636,5.959969,1.772350,-0.250204,-10.563377,-0.583557,-3.147583,0
3.194557,0.092194,1.918676,1.935881,-1.897366,2.577280,1.853821,5.634325,-4.382168,-1.671787,0.462503,3.285620,0.688234,3.734058,2.693226,7.211489,-5.478380,-8.167480,-0.099022,1.617107,-3.403379,-4.511097,4.702253,5.956455,-2.097929,0.156387,2.031828,-0.101215,0.074697,-4.284246,1.295696,-6.791994,1
-2.925793,4.789116,4.399620,0.314175,4.172539,-9.410168,-2.392950,-0.113731,-5.426760,2.526344,-3.852161,6.207720,0.313049,-0.302366,3.151253,-8.179166,0.336590,-5.276522,-5.868015,4.162315,5.326237,7.848671,1.270555,5.894596,-6.434935,-1.293249,-0.272291,-2.323236,0.962297,-6.056461,-3.012653,-3.659340,0
4.752571,3.138901,2.955772,3.309521,6.298468,3.650412,8.921503,1.894571,-0.644707,0.473528,7.075022,1.974920,1.999680,-3.894482,-1.121552,-2.868719,-2.297211,6.948643,6.860441,2.467878,-2.605742,0.453852,-3.264822,12.256636,-5.670235,-2.373003,-10.050307,0.121527,1.577616,-6.089484,4.642441,-0.246035,1
0.248320,-2.845886,2.676550,-4.606361,15.284021,5.475080,-1.478472,6.130926,-1.220417,0.836517,1.976282,3.188334,-0.425068,-0.820240,-3.848415,5.373043,-4.393866,-2.073591,-9.888163,-1.352299,-0.418264,-10.209657,4.513958,0.526455,-1.069511,-4.632923,-6.171827,-9.380157,-2.340393,-1.029816,-6.918079,-2.701862,0
8.429361,1.771715,2.557158,2.078369,-12.188147,1.984283,3.889877,-2.398752,4.662485,2.928799,6.618927,-7.651115,-8.589862,1.573645,4.324465,-0.160498,-4.221611,-5.225569,5.842983,8.620157,-4.450682,-0.610355,1.435743,1.878601,1.868763,0.721375,7.730703,2.027664,3.939287,0.666346,8.148325,-5.617798,1
4.051064,-10.760927,-7.971351,-2.087545,-5.138239,-6.306805,9.163527,1.940893,-10.596980,-4.532946,-2.274733,-1.421896,5.263391,4.104805,-5.474449,-4.990602,-1.296656,8.168945,0.093754,3.024391,7.182016,-2.310772,-1.901516,-0.102057,-3.482430,-0.964489,-0.246454,-0.231583,0.941402,0.999098,1.238104,-2.359121,0
6.884417,-0.268454,6.017996,3.970810,-6.675911,4.788134,0.384682,-2.527550,0.075151,8.909920,0.459400,3.493879,5.595533,-0.131277,6.524355,2.167049,7.239265,0.297651,-2.353678,-1.795666,0.198912,2.613470,2.750298,-1.055483,2.752295,7.346878,-5.010864,-0.917667,-3.710814,5.230421,-4.114367,5.872131,1
4.835867,-2.607389,-0.401525,5.868160,3.367252,-2.597431,1.040575,-11.828937,-2.363726,3.035250,6.335609,-1.672968,-2.322195,-1.756466,-2.664743,2.483122,-2.732538,10.394072,-2.322796,-5.123507,-0.888542,-2.358028,-5.023724,-3.591373,-5.855474,-1.845907,-4.230309,-1.769028,-3.286043,2.270414,-3.413233,7.931250,0
6.114017,3.996374,-1.865715,-4.413633,3.338028,2.873074,4.556246,4.015408,0.622314,-3.130770,5.386568,-4.540648,-1.743673,-4.473965,2.456709,7.733309,-1.787281,-0.580997,-0.295210,-2.272936,0.784313,0.392412,8.062950,-1.468302,-9.200189,-4.339844,2.875563,6.989758,-0.765690,3.466385,4.885426,5.259089,1
4.698828,-4.301247,-5.456667,2.122890,1.107855,-8.582217,-6.175608,-0.778074,-0.069078,3.175203,-10.827693,-2.752680,-7.623903,0.221113,-2.432650,-1.979706,-3.923687,2.264324,-6.567623,-7.957500,2.517712,-0.362543,-6.449688,0.319859,-0.551420,3.798973,-3.237041,4.336819,-1.835558,-4.839363,-0.814356,1.280077,0
-1.599537,-4.070168,7.864975,-1.070063,-4.553684,1.051041,5.959303,-2.397505,-3.610775,-1.507116,2.350887,4.667023,-0.406765,1.296854,-4.849842,3.390591,-3.069420,-1.202923,-3.702553,5.529669,8.257286,5.430988,5.107788,1.626457,1.863504,2.329416,-1.120173,6.950375,0.457193,-1.875982,-1.573776,4.655970,1
-2.112156,-0.139544,4.509863,-0.199175,1.747974,-0.326485,6.552380,-2.449520,2.007063,-0.556465,-1.832443,-1.267143,2.668434,4.234592,-6.340885,2.682198,2.758259,-6.232954,0.889025,-4.387466,-0.467640,-10.280883,-5.657530,1.597090,-1.461775,-9.352315,2.364283,-5.062271,0.887146,0.931227,5.652023,-6.349136,0
-2.151630,3.116667,1.976828,4.292345,-1.560259,-0.677298,-5.980952,-7.628199,-0.077831,5.603132,3.448357,11.707895,-6.977987,-2.295179,3.167614,4.451450,-2.458862,-3.891167,9.056080,2.203316,4.390381,-1.187050,9.197598,3.040394,-5.676213,-0.666262,-2.740782,4.674343,1.680876,4.950554,-2.436003,-6.239674,1
-8.389342,-3.052471,3.727318,-4.796476,-2.324457,1.791586,2.686502,-4.766844,-2.193056,2.146646,3.560268,3.713808,-0.721767,-2.953457,1.907164,0.408205,3.463795,-1.849117,-5.471537,-2.793591,-3.110659,-15.565900,1.894400,7.561920,4.498707,1.280674,-0.556402,-4.836542,-7.823248,1.651390,-3.138327,1.835354,0
-3.837299,-1.602266,3.111946,-0.547764,4.315821,-4.887331,-4.736656,7.276129,6.234768,-6.978855,-2.243814,0.877459,10.545675,-6.042968,-3.057999,-1.056885,-2.939619,0.254486,3.204494,4.986465,-4.741690,0.386923,0.741898,-2.815550,-0.029036,1.344250,0.036512,-0.947641,-4.062384,7.516356,-0.605143,5.892492,1
-0.739805,8.447027,-2.785509,2.168417,0.220148,-5.815290,3.895124,-7.018465,1.529718,-0.259380,-1.497269,5.977797,-5.617786,-3.210548,5.091930,10.064066,4.830700,-0.102615,-4.422613,-3.165630,-0.151403,-1.253046,-7.385383,-1.854486,0.663261,-6.210966,7.708902,2.453245,-7.659667,2.179411,-2.899099,-6.241806,0
-9.164855,-2.035379,-1.081614,1.750315,-4.263905,0.662231,-0.210480,-6.137979,-1.585119,8.123642,2.658550,4.243185,-5.135747,4.220707,5.718365,1.969576,-5.123880,-8.987595,1.194988,2.155125,2.813437,1.594666,-1.271820,-9.600081,6.686995,1.937149,-1.118757,4.925571,-1.270317,-6.893846,1.745857,-6.887821,1
2.466007,0.594898,-3.281040,5.275576,1.872353,-9.201813,-0.381184,0.131098,3.563347,2.785341,-2.701855,2.837639,-8.539259,-3.821827,1.266777,5.852549,-6.748783,-5.669415,1.536001,1.526667,-2.992331,1.136404,-2.104675,1.242828,1.836760,-7.136839,0.559456,-1.435373,1.395004,3.831453,-1.232378,4.793228,0
-0.514870,0.423244,-5.542293,-4.059713,5.061510,-8.195004,-1.610426,2.171394,-0.416212,3.886795,-1.941286,5.507572,3.280592,6.413879,-3.187262,-4.671356,2.120209,8.891670,8.669315,1.304096,-1.847673,6.069664,-1.908350,5.883661,1.005697,-0.336061,-2.713345,-0.557861,-1.431234,6.424887,1.200790,12.428190,1
3.607697,-5.155767,-3.154924,3.230997,-7.485648,-2.794312,1.295416,1.262623,-0.028305,-3.461290,-4.352346,-3.147236,-4.153809,2.773874,-7.601570,-1.170877,1.052319,-4.016037,-5.875343,-12.775456,-3.740532,5.528179,3.693855,0.236078,-5.357027,0.871744,-0.781731,6.542200,-1.936174,0.290295,8.241735,-4.731564,0
5.340813,-1.409695,-0.915884,3.027945,-0.236904,1.827785,4.875895,-7.835991,-5.467305,1.438457,-3.475510,-0.094398,-4.215839,10.119474,-3.712793,-1.475927,-3.036015,-0.935228,6.561871,9.423176,-3.705105,1.884710,2.130104,-1.815699,0.644621,5.035097,3.798609,-1.424845,0.673101,-0.008589,0.700384,-0.137005,1
-2.185093,-1.670685,-3.282085,5.090837,-0.191309,-3.531153,0.792805,0.267117,-0.520689,-8.370537,3.416285,0.326998,-1.038992,-3.577345,-0.252111,3.604826,3.184340,2.944008,-1.547197,3.075508,-8.606452,-0.705614,-2.364964,-7.228042,-1.168720,4.307091,-10.414414,-6.577023,3.258003,4.329681,-2.137060,5.458767,0
1.862135,4.249865,1.395733,2.983135,-0.075081,3.493521,2.350084,6.721657,-4.706514,-6.117985,0.551977,9.645554,2.642305,-5.207392,-7.456262,5.685963,0.299843,5.383993,8.597401,5.166939,1.997408,1.196697,5.780106,-1.272749,1.928421,-1.507040,-1.602810,1.862078,-3.886507,4.003548,3.244370,-3.621376,1
-7.559639,4.806915,4.145803,-3.376356,2.881880,-3.022125,-0.543564,-2.424892,6.156246,1.689896,-1.464306,-2.035273,-5.770590,-3.573452,2.515928,7.460590,-6.012627,6.730110,0.111542,-2.869602,-2.418098,-5.721464,5.097366,0.068901,3.353539,-0.830690,11.238272,-5.185585,-3.825893,2.123547,1.026577,-6.632696,0
3.372511,2.694921,3.778744,-6.542196,0.905088,3.265905,-6.807132,12.054750,6.965750,-2.827219,-1.440557,0.542963,0.933302,9.620398,-4.636707,1.779335,6.323408,-2.080027,-5.883457,-0.513926,-9.337051,-5.480390,-2.133547,1.451883,0.767710,-1.376453,-1.326982,2.660938,-3.861351,4.843870,3.609114,3.825928,1
-5.168474,5.320829,4.946371,-6.185310,0.200716,3.481363,-1.885586,5.397533,-6.507416,-5.781910,4.143099,3.230232,-0.295580,-4.443333,-0.031374,1.494692,-0.783133,-1.644648,2.255896,-3.773666,-3.653576,-0.652634,6.922815,-1.278746,-9.225190,0.261929,1.190584,4.090351,0.111671,-1.627127,0.909555,3.842060,0
2.880991,-5.890554,-4.771448,-1.446699,3.245728,-5.901052,-1.960077,-3.139099,3.997683,8.113333,0.057894,1.400028,4.693089,-0.217009,0.617575,4.597641,-3.110634,-0.643692,7.371668,5.964373,-1.372700,5.698824,1.841101,0.012711,-6.338832,-2.513937,-3.910105,-0.500469,-1.535582,4.355194,-2.871639,-2.969206,1
-11.119488,1.842319,-0.992773,-7.036741,-9.399472,2.839085,-2.044403,0.544537,5.423939,-3.934967,-9.415828,-1.789392,-2.157171,-9.606982,-1.599823,2.349062,-6.917854,4.533133,-0.786436,-2.312418,2.606352,-0.329296,-0.850405,-1.466963,9.775267,3.739435,-2.250139,-7.164672,0.199780,2.432619,6.627977,-5.468008,0
-2.664051,2.958990,-5.759943,3.178484,2.963570,-0.492226,7.631266,-0.623741,2.949842,7.268951,-1.926060,-0.168869,-12.301133,-1.057409,3.075657,3.702805,-0.345201,1.182783,3.349041,1.725595,2.457642,5.940781,0.239357,-0.947117,-3.011187,1.858610,8.014053,-2.820324,0.659779,-0.996233,-3.678989,3.360584,1
0.905661,7.505854,0.642780,-1.986736,-3.300627,-3.033470,-2.533466,-4.857569,6.236557,1.492836,0.573580,-3.144278,-0.620035,-5.826077,13.549143,1.995760,2.731211,-8.718288,-3.883619,-0.535868,3.749578,-8.939703,0.111002,0.305378,-3.297626,0.362928,-7.058613,0.470688,0.520473,-0.078705,0.485796,2.697773,0
-2.381943,5.072214,1.698015,-5.060087,-4.103781,-3.527241,0.496244,-8.197977,-9.886182,1.768707,4.996296,5.068005,5.454889,-3.538908,-6.694858,-5.648652,10.193541,-2.528425,-1.367189,1.633570,-5.245203,-1.352129,0.413620,-1.949730,-0.076136,-4.933588,3.529613,0.423325,7.978294,2.757490,3.207272,-1.121283,1
-5.633900,-2.948065,-11.951598,-3.447609,2.560707,-10.684235,-5.069317,-6.783792,-9.422215,2.898453,-3.315035,2.077761,-3.113083,-9.819949,-11.903458,-3.990782,2.854332,1.495173,0.436743,-8.240800,9.215559,2.055952,-4.578705,-2.173429,-8.107265,-3.212326,1.719332,1.071190,-1.948866,-4.850143,-0.931036,3.291229,0
4.246103,-0.037802,-2.271650,-2.740992,0.676003,7.549223,8.844004,1.395786,-1.673517,1.073166,3.895685,6.836454,10.364416,0.959305,2.772972,-0.550575,3.465963,4.578257,11.237452,-4.350452,4.300062,0.520452,10.025742,-0.060884,5.222931,7.234890,10.089458,-7.182467,-4.327759,-0.186028,0.620647,-0.118946,1
-4.917252,4.594511,-2.893505,-10.477150,-4.637094,-0.497601,0.862881,-6.958477,4.093914,-2.068756,2.153395,-1.397179,-3.357840,3.398474,-2.696392,-5.502075,-0.544815,3.199020,2.713285,0.591833,2.249014,2.114960,6.133358,-3.521049,-6.257803,-2.172945,-2.165138,3.916336,5.343216,-2.395189,-1.064615,2.677519,0
0.901270,-1.479809,4.252571,-1.093990,-7.349639,6.643717,2.261827,-1.662756,-3.822556,-2.389307,3.793982,1.078775,3.814671,6.546110,0.001097,-2.543240,-1.487953,-4.624571,-3.840578,0.907629,3.347084,5.497158,8.711861,-9.384628,2.512629,-1.701145,2.227644,5.074299,8.408022,5.274807,1.692902,4.049500,1
0.425184,-6.785940,-2.217539,-9.226766,-2.057751,1.435253,1.098427,10.115923,-0.322138,2.338369,2.710321,-4.663263,1.968853,3.291351,1.612850,1.289490,3.999088,-8.041196,5.859560,-5.664366,3.221899,-0.332043,-1.948509,1.241089,-3.291018,-1.362795,-8.960638,-7.425326,-3.922249,-2.397413,8.219095,4.623468,0
-3.511559,5.062868,-0.769733,1.105305,-1.862963,2.412025,-1.859829,0.135092,6.263102,5.246765,-6.834949,8.048883,-7.297176,2.582485,7.194979,-3.175598,-1.647081,3.226847,1.168552,5.010895,-2.420813,4.887033,1.471279,1.893536,3.032412,-2.869059,-2.450167,-0.103905,6.881613,1.422699,-1.676311,-4.356602,1
-5.227438,-3.661348,-6.600294,8.054995,5.057482,0.986738,3.024687,-0.994482,1.168373,-1.593445,-4.734606,-2.333271,-10.481006,-2.872656,3.368025,0.942722,-3.116829,-2.192102,7.630323,-0.086018,-0.666037,-1.096478,5.630638,0.513573,-0.497246,-2.829184,-0.422062,1.050142,-1.881067,-0.829220,-6.445749,-5.150852,0
-2.415682,0.861246,-1.543598,-3.320976,11.443262,2.953220,-0.376883,-10.000402,-6.801437,-7.815470,-2.762943,6.433619,-2.458080,5.654144,-1.668953,1.464748,-2.466305,7.898790,8.728794,0.650930,-1.456408,6.135414,-1.281694,10.219265,-2.610439,1.295668,0.590672,-7.806137,2.094563,-2.645697,3.716206,-1.627102,1
7.370993,-5.675074,-2.375055,0.368780,-4.940359,-5.110561,-5.051897,-1.256229,-4.385117,-3.920681,4.804966,-11.293926,1.171625,-1.595116,-3.611223,1.943914,-3.686071,-1.932508,-4.999352,-11.984528,-7.581997,-3.554544,2.328646,3.789240,-3.122061,-5.225796,1.961599,-0.133196,6.466871,-4.364857,2.680771,-2.574883,0
-2.835476,-4.572138,3.498814,1.316322,1.654196,-6.113840,1.044743,-3.884640,-3.923103,-0.535118,1.714996,-1.939684,4.110773,3.297348,6.714241,1.857222,6.864048,2.556726,4.147482,-3.583504,-4.371162,-1.336382,4.082939,1.352518,3.045610,14.355482,-5.153590,3.155121,2.238007,5.449059,-6.562885,-3.055567,1
-1.336639,-5.332159,-4.049879,0.510071,-4.090178,-1.093468,7.032980,-0.066761,-5.428471,1.739594,4.013948,-0.156586,-8.543732,0.660017,-6.223932,0.079020,2.014841,1.142727,-2.536606,-7.517811,-5.243349,5.598476,-8.714221,-2.031246,5.451979,-7.066307,-8.112159,-5.469629,-5.326256,4.246494,6.909943,-1.571619,0
-2.211641,2.639593,3.754654,3.564281,4.108955,-5.059801,4.910946,-3.346613,-0.103157,0.422094,0.112457,1.757658,-1.899988,-2.703588,0.797844,-1.373028,3.408236,7.100117,9.382616,1.223127,3.781855,-8.114600,-0.297649,-8.226477,1.120979,-1.917135,2.345949,-2.039074,-0.201281,-0.979769,5.453918,1.365711,1
-0.346916,-4.662371,0.603910,4.658373,-0.548700,0.916975,3.775862,-8.731359,2.941151,-4.800404,-7.859249,-4.182278,-3.828564,-2.440607,-2.951010,3.344843,-2.730215,-5.078945,-1.066063,-1.142687,-4.978317,-2.155640,-2.414881,-2.899933,-9.226631,-3.815195,-2.654915,3.662516,1.247242,-11.745883,2.953402,-6.176346,0
3.964003,5.985250,4.725531,13.253031,1.020216,4.828175,5.271555,-0.633272,-2.924549,1.493069,0.500336,9.816315,-0.003769,9.515730,-1.683765,1.798586,-2.222853,-3.454535,-8.380227,4.168478,0.241899,1.181850,-1.799728,14.262659,1.744797,0.252977,3.393459,-2.147118,3.159292,6.437624,3.689232,-4.717371,1
0.825174,-0.844444,1.086239,7.569084,-1.594311,-5.469612,-4.823761,-4.066841,-1.376194,-2.138582,-4.125267,-4.865747,-0.687515,-2.877291,0.223701,-2.129538,-1.385895,5.336491,-10.603253,3.598671,3.369648,-1.903879,0.144243,0.771702,-0.305691,-4.740206,-8.120799,0.720631,-2.089741,-6.927622,-2.464405,2.347868,0
0.258402,-2.417181,3.783522,-2.313082,1.133766,0.641197,2.541883,-2.724234,6.254333,-5.629981,-4.359417,5.857021,3.012890,0.657339,2.549654,8.381615,-0.694374,-0.990778,2.018087,-3.758986,0.689304,1.063313,-4.733368,2.157307,0.515570,-1.439003,8.679207,-0.721928,-2.357954,0.135725,2.996061,4.372446,1
-1.817307,0.500277,1.591578,3.363386,-0.062782,2.924974,-2.584589,1.539869,1.283188,3.669661,-2.584787,-0.990786,-0.155769,1.755680,-2.485195,5.224270,-2.366528,-1.456585,-6.645193,3.253019,-3.614950,7.271872,-8.433900,1.241617,1.217249,2.545013,3.057243,3.615166,2.613802,0.306911,1.570477,3.252537,0
0.042534,8.716005,5.904171,6.540930,-12.312393,5.649233,6.063917,2.031160,9.828102,-1.274101,6.951839,2.595829,-1.056890,3.809235,1.004955,1.749750,-2.235071,3.941372,-2.482624,1.146645,4.442390,0.146908,-5.174274,-4.090330,3.404081,1.508142,4.861204,2.975828,-4.429031,1.672638,-1.509020,-1.931519,1
-1.295172,-4.043575,-3.119579,0.117613,-0.897156,-5.680182,-3.734671,0.433184,1.279484,0.097624,-0.561474,-1.453930,-0.518810,-6.640417,12.659998,2.363283,1.939188,-1.912132,1.783052,-3.047972,-2.125526,0.959461,7.582308,-6.693842,-1.671431,-7.018993,1.741968,3.258215,-0.013744,1.058748,-2.157618,-3.104345,0
2.089180,5.975958,-7.270823,2.923622,-1.570999,-2.679043,7.440321,-1.248634,-2.930965,-3.159803,1.278196,-1.417587,0.967958,-2.517523,0.747524,6.569565,0.681107,-1.284361,4.696447,0.390274,-8.025613,4.060154,7.346228,-1.401192,1.318594,10.860376,-7.429584,-2.918999,4.083353,-0.779144,8.858068,-2.386866,1
-2.567329,4.539978,-0.559189,6.667194,-1.083282,2.817699,-1.116804,-7.675662,3.924479,5.976788,-1.598574,-6.204086,-1.784204,2.961943,4.985855,1.537659,2.719011,-2.698442,-5.276381,2.110239,-1.605198,-3.531799,-4.295444,2.943039,7.122087,3.851797,3.429045,-4.245279,-1.217398,-9.244783,3.025572,-4.367004,0
4.784832,3.598858,3.171621,3.678158,0.293823,2.934402,-4.357718,1.871212,5.833771,4.223692,4.990837,-0.593712,1.913822,-1.334963,-4.114832,2.248417,-2.107567,-0.118193,-0.225233,-3.019266,-3.583132,3.389503,1.497114,8.548784,-1.501431,0.029297,-0.569954,-2.703495,-1.503279,6.953735,6.799452,4.594961,1
2.685915,2.360949,-1.527573,-8.729640,-4.572950,0.022520,-1.579414,7.073851,5.623470,-8.151674,2.181440,2.476654,-8.434971,-2.098627,-8.201311,-5.918665,-3.056385,-2.482321,1.375309,-1.570389,-3.707104,2.741270,-0.898146,-9.308722,-3.548717,7.062876,0.372215,-0.165043,-1.427059,-4.469763,0.304775,1.411974,0
-7.858010,-6.259058,-4.408928,4.107014,-7.291230,-6.331776,-3.406227,-8.635483,0.949286,9.807409,-0.131317,-5.154856,2.058764,-3.354328,9.364462,-1.300880,-1.223709,-1.370840,8.553070,1.724546,-5.438551,5.633490,4.691572,0.475330,11.751829,4.763948,3.595903,-4.749266,5.930916,-3.094688,5.879169,3.750753,1
-3.324980,1.042282,-0.448561,2.854879,-1.602100,-3.915529,-9.688556,5.639435,-6.161503,-6.722078,-8.774334,4.750990,-0.181669,-6.839952,-1.828699,0.048565,-1.456507,-11.312832,-8.975837,-1.646667,-5.843008,-6.090555,2.433010,-2.160316,3.489126,2.036798,-4.305986,2.818939,2.174656,-2.723583,7.163525,0.150064,0
2.306461,10.462259,6.279156,-11.584562,-0.229736,14.014017,-0.915325,6.557178,-4.243504,2.047878,4.472456,-4.582003,-1.066055,-2.813730,1.744387,-6.262010,5.184992,-3.721029,2.396461,2.465250,-0.775511,4.009672,3.078058,-4.222425,0.654627,3.892826,6.610901,-6.163430,-11.007584,-3.022547,6.346167,8.030962,1
0.655678,-3.033943,-3.166008,0.197783,2.534397,-5.608404,-2.861759,-4.785482,0.618134,2.259474,5.113813,-5.475317,-9.645756,3.174704,-0.075190,-7.989706,5.382509,2.471718,-1.743555,-9.272267,-8.505355,-3.769836,-5.447525,3.153713,4.404875,5.267359,0.951172,3.890837,-0.845430,-1.683825,-8.461684,-4.114838,0
-0.244896,-3.016783,2.534845,7.979179,-0.297659,5.295231,4.044310,8.285078,4.028719,9.641174,-1.113140,3.036045,-1.176029,-4.243801,-0.206526,5.598885,3.360897,-3.703430,0.461016,-4.779264,3.477444,4.586235,-7.622357,-0.048122,-0.915010,5.643950,-4.296856,-0.035500,7.018181,-3.511938,-6.808089,-0.496643,1
-4.607525,0.081894,0.603615,-4.281517,2.601217,1.926874,1.819036,-2.108990,-9.545050,3.457960,-1.592907,-4.200705,-8.190356,-1.615110,-1.510971,-6.341263,1.013006,0.148977,9.173819,-1.989895,-7.247541,0.313501,-3.887119,-0.360186,6.554340,5.050673,-0.503517,-6.330608,-2.525841,3.887157,6.926723,-0.381809,0
4.837477,5.293518,-0.030367,5.476231,3.326426,-4.410860,3.593266,3.169935,9.046846,4.861502,11.807276,2.474211,1.883028,3.651787,2.658800,3.190079,6.465263,-3.714045,6.117950,3.352757,-0.581404,7.835667,-1.201754,5.066795,0.575684,-0.100494,2.001934,7.579172,2.658730,-1.200527,0.176842,-3.423182,1
-0.048733,-1.164408,-7.608757,0.604904,-5.631702,-4.894058,2.868404,7.289438,-8.710338,-0.793028,-5.105957,1.280010,3.056017,7.294264,-5.668131,-0.573639,-6.064087,-3.691586,-10.355725,-3.174423,1.753628,-0.282608,-1.301159,1.497713,-4.016476,-1.706341,-2.841276,6.501608,2.539427,3.850496,-5.797836,-0.149149,0
4.887896,2.981565,-6.577702,-4.226246,-2.669922,-3.841816,5.546875,-4.066654,-0.937904,4.702936,2.891659,-2.457399,-0.023144,0.438734,-3.373035,10.237045,-0.577082,0.861336,1.889654,-11.993057,-3.331190,5.856899,3.311663,-1.760334,2.273251,-0.407618,-11.008868,2.459702,0.452522,3.712582,2.789921,-2.031570,1
0.714357,-7.098055,4.496387,0.485245,-1.031853,1.793486,-0.933926,-0.877893,2.069933,3.159685,1.201338,3.533318,2.562267,0.915375,-2.688427,-4.786009,0.165091,0.801823,-1.515215,-2.893150,-0.950701,-1.751099,-1.962114,4.127369,2.280373,-6.471373,-0.654284,-3.201014,-10.094606,-5.677349,0.587513,-1.649458,0
4.311186,2.697641,0.071611,1.239662,4.315531,2.813808,2.022320,-2.657631,1.381542,5.248276,3.702913,2.845160,-0.194391,-1.120209,3.773489,-0.772900,1.378387,1.985689,5.961174,-1.346647,1.914700,9.722532,2.156425,-1.319004,-0.444195,13.443380,6.440361,8.861237,-1.102718,-1.245462,-1.286612,-0.990191,1
-5.356684,-7.097285,3.695240,8.100224,-1.533564,-0.563972,-5.959927,-4.970825,2.653706,-7.679576,-10.395591,-1.750044,-7.059637,6.548470,-0.980936,-7.111861,-4.344063,6.703270,-1.857124,-7.266644,-1.769140,-2.268202,-0.437742,-2.438128,0.023415,-3.959045,2.535763,6.181034,-9.812496,-5.156179,-5.093298,3.975323,0
2.568161,1.906122,6.605803,-0.530678,-4.808552,4.903811,8.106258,1.152370,3.625546,7.002359,1.140432,-2.447758,-1.698423,-0.686218,-3.912172,3.041927,1.758604,8.446100,-0.538366,1.502785,-1.732931,0.523523,-3.146910,-5.205672,5.176340,1.808821,1.010151,4.832447,-0.425203,9.754507,-0.492575,1.309542,1
-4.636627,-0.560238,-6.304157,-1.012104,-10.048058,1.903097,-0.354362,-5.313826,6.494446,-2.823875,4.800508,-6.085140,-5.174791,2.765812,6.598949,2.896805,-6.676361,-3.495710,3.482122,-7.147797,-6.100550,-0.851231,-2.010855,-11.193016,-5.008747,-5.756197,-6.687029,-1.101990,-0.840433,0.965435,-1.004044,-2.312906,0
-3.465595,1.667171,3.933979,-1.026556,0.183802,-0.150730,0.355352,-2.734934,3.981941,-2.816502,-1.896275,-5.747821,-6.305637,-3.710083,2.120672,1.907335,6.364412,1.463642,6.973593,-5.902369,3.357225,-3.849886,-1.336897,-2.061071,1.271873,0.191690,-5.383110,-0.760530,2.099127,-3.228376,2.842333,-6.622276,1
-6.592413,8.052128,7.177418,8.431709,-2.115004,-6.331154,1.044788,5.613348,-3.032057,0.229443,6.907520,0.907925,1.504601,5.331450,-2.413359,-5.860037,7.716417,-8.377227,0.691559,-7.633527,-10.342588,9.837908,-2.273689,-8.365904,0.910654,2.162079,-4.058504,0.446707,3.804945,-0.822016,6.926973,-8.301158,0
-1.885717,-6.442859,-10.627406,2.706701,-3.139908,-4.258623,0.018270,3.776358,-9.501380,-7.483882,-3.947447,3.045904,-3.640554,3.293802,-3.266987,-4.797144,-2.661148,-3.595814,-1.370928,-1.306629,7.879475,-3.800972,2.275787,0.532831,-1.726133,0.273382,0.800514,-1.745972,0.352516,1.715965,-0.111864,8.519209,1
-7.804019,5.076204,-1.623331,-3.778893,-4.143011,-2.663538,0.038708,3.917261,3.782736,-2.112772,-6.435751,-1.765720,1.117004,-5.318203,-8.482297,3.740259,4.883961,2.241386,-3.007311,-3.728127,-9.239202,3.285368,0.419436,0.421453,-3.494955,0.018803,-2.050261,6.837135,0.311922,-0.631750,3.542273,-4.845535,0
-4.009239,-2.799568,-1.071186,3.971783,-1.754374,-0.231113,-1.735712,3.516775,-4.601868,-4.268385,1.088737,8.529871,1.020029,-4.111332,4.449112,0.434326,-3.450445,0.710218,5.864073,-1.097332,6.979294,6.299562,-2.210346,8.721729,-3.402981,7.770670,-1.574991,2.873869,5.787056,-1.381124,-5.439240,4.662275,1
2.369322,0.687302,-4.802019,-1.923271,0.802254,1.350615,-5.834120,1.250103,-0.334974,5.068239,-0.700287,-2.150755,-12.655312,0.863274,6.834055,-5.855955,-0.085930,0.106413,5.908371,4.615833,-5.783169,2.481829,-4.661459,-4.520584,-9.243775,-1.750126,-1.006216,-0.722927,-6.345196,-7.024628,1.331245,-0.896011,0
-3.095030,1.060190,4.426571,2.865461,1.311512,1.441881,-0.170519,-8.777173,2.159784,-4.000359,-0.901535,2.517965,-2.122868,-2.452457,-5.959944,0.669704,3.119818,-0.384029,-0.729326,-1.969452,2.710672,-1.754831,-2.447708,0.788460,-2.046902,3.144199,-0.549662,-3.388134,0.444941,-6.055131,-0.518145,4.516575,1
0.989798,-0.116108,-0.008389,-3.134970,1.111954,6.439333,1.164061,3.828758,3.877140,2.948118,-4.029400,0.665251,3.395771,2.297720,0.585743,-9.540607,0.880268,-6.747343,5.519964,4.514299,-6.747181,-1.700315,5.130833,-2.657951,-9.719022,5.340858,11.249178,-6.147676,-14.258044,-2.612656,2.541069,-2.558004,0
-5.964408,-0.467558,-0.735777,-0.685249,-2.866121,-8.737298,-0.661043,3.703678,10.190870,1.382822,-1.204689,-3.220699,3.862379,-7.833510,1.584957,2.222332,5.337938,-5.025105,1.287786,-4.430143,-5.079601,9.089287,2.890919,5.620417,-0.789799,-0.768980,-5.128380,1.145563,5.549559,-0.030394,-2.469633,0.144451,1
1.567015,6.783489,-6.303753,-0.181889,-0.586136,2.748476,-2.018770,-0.762484,-1.667440,-4.454252,-4.409874,-5.603992,-3.106161,7.500610,4.550642,4.081318,-3.418211,1.543755,4.239805,4.831598,-0.946442,-3.245428,0.525305,3.975950,-5.158844,0.216351,-1.945766,-4.711050,-1.955317,-5.823181,-0.587610,-2.092710,0
0.570557,2.377129,11.848280,-0.241461,4.249769,0.500238,4.995937,-0.069345,-7.239743,-9.331314,3.206310,4.858334,-0.575960,4.491804,2.948345,-5.107010,-2.404127,6.578371,1.725500,-1.147930,-1.103867,7.543871,6.185646,-0.352827,2.756313,-0.768053,6.830841,-4.196444,3.101109,-0.497869,0.997576,-0.521980,1
-4.137711,-3.606976,2.158142,-0.707754,-5.521757,-0.657736,0.072180,-4.674892,5.425821,2.419628,3.427895,-3.224886,3.615017,-5.731264,-7.041388,-1.963583,-3.605961,-12.076497,-4.216949,-2.133783,-3.846506,-2.672386,4.941614,-0.350222,-1.977135,-4.887054,-4.258411,-0.701086,-9.735666,-3.654022,-4.766333,2.241373,0
1.419044,-4.436050,2.655682,1.230810,0.381727,2.103447,-2.415051,4.961798,-1.955267,2.258356,-3.125292,-7.190242,-6.031598,4.082767,3.253510,-2.090582,2.490400,-0.165987,6.492092,2.668058,-0.072838,-1.470440,4.651312,-0.847641,-2.884531,1.896471,5.497879,-9.048033,-3.434875,-0.405342,-0.846653,-2.437069,1
-1.167078,-1.208616,2.243654,3.803619,-1.544559,-3.446394,-4.275583,1.470959,-6.991722,-1.661661,-3.240425,-4.489481,2.851856,-1.999971,-1.565149,1.818207,7.357279,5.647430,2.221813,-5.613424,-0.802433,-0.036911,-1.849768,-3.097950,-2.895485,-1.875095,-13.052907,2.940838,3.102789,-2.826857,0.342196,-3.876160,0
6.621294,-8.560756,-1.927509,3.706074,2.985571,-5.985110,-1.369604,4.834953,-1.043976,-0.699553,0.983850,3.390635,-4.125536,-6.361059,6.762878,4.259304,-0.809690,3.308910,5.306082,0.160295,3.869160,3.577221,2.337652,-2.526278,4.292601,-2.749132,8.513361,4.741791,4.794962,-6.133430,-3.465982,6.965012,1
-1.939926,-4.058100,-2.228786,4.556421,-6.488106,-3.078814,1.881203,0.293467,2.612768,-2.547014,-6.161802,-8.971813,5.375242,-2.546047,-4.220776,-3.144178,-2.063593,5.981081,4.903519,-5.609165,-3.160259,1.367321,4.109833,-2.706270,-9.931949,-3.975836,2.921610,-1.036232,0.993135,2.071144,7.514017,-8.472151,0
1.592216,-0.755236,0.611341,-4.432817,-3.234936,-5.718294,1.428921,-4.783833,-0.436783,7.888054,-1.315338,-3.384384,-2.873184,2.854479,7.099205,4.794437,-5.576487,3.704334,-0.503752,-0.493042,-2.387669,5.147589,4.560560,-3.679970,-1.389019,3.201120,4.201056,-0.861969,-5.162730,7.566893,2.331280,-2.027475,1
-4.018036,9.577471,4.116899,5.834551,2.329250,-1.728107,-6.883545,-7.203299,1.415249,2.517529,-1.173960,-3.075857,-1.234478,-0.004961,3.450943,2.655273,2.889046,3.565693,-0.697891,3.840847,-0.755770,-1.835749,2.735970,2.163307,2.332514,-0.278452,0.406662,5.790901,-7.231542,-1.307041,3.482218,-2.560783,0
3.203775,0.779854,-5.020472,2.683071,-8.124500,-3.112654,-0.726721,8.908552,7.797274,6.735912,1.517174,-4.574463,-3.845358,0.921280,0.140594,7.054482,0.059183,-0.907934,3.005003,7.902561,-2.874874,-3.755754,-1.710289,6.696798,10.564861,7.437424,0.023741,4.450352,9.424868,-6.917656,-4.517775,-2.566730,1
-2.803076,-8.258615,-5.366793,-5.383274,-7.846290,-1.597025,2.101223,-7.731014,5.145142,-3.984636,10.444124,-1.845827,2.903780,-2.106575,-0.552687,-2.177275,-0.813381,-0.965473,0.170462,1.192146,1.758583,-4.119110,-2.852253,-4.098263,-1.735813,-10.386765,2.982933,5.668880,3.209465,-2.144014,2.593214,-7.967879,0
2.615839,-10.380375,-3.041672,-1.693766,-3.379606,7.418081,1.401310,0.446161,6.257706,6.081697,0.529020,4.157450,3.182302,1.912388,-1.626385,-7.249625,2.461901,4.256521,-0.481655,4.803486,10.345461,5.238440,0.257145,-0.913227,4.755491,5.866636,9.371332,2.702692,1.988848,3.104864,-0.242002,-8.427728,1
-8.291309,2.346409,-1.381609,-1.070665,-10.753114,-4.582916,-6.088968,-0.817430,3.490337,-5.138704,3.718040,6.211987,9.224516,0.429668,-8.508833,-3.676180,-3.066082,8.092249,5.647346,-9.709466,2.805155,-0.932779,-0.876963,-2.595192,-3.222851,5.052490,3.150656,9.735571,0.306820,-0.397814,-0.287508,-5.459330,0
3.947800,-0.942072,-10.021319,-7.485956,5.831554,-6.818976,1.380123,3.963066,-1.198393,2.164511,-1.786121,1.444126,-1.007521,0.449995,-1.701729,4.046329,1.038288,2.399570,-1.560377,1.418821,6.072630,-4.264633,-0.014954,3.532652,-0.967468,3.024046,3.105526,-7.178139,-4.843969,8.783695,-3.733746,5.456440,1
-4.749166,-1.642076,0.347942,-5.529905,-0.436462,-2.144979,4.200766,-7.695766,-3.182476,0.506989,-2.158138,7.935385,-5.541340,3.636818,0.603247,-0.046814,-2.034168,5.374390,2.695524,5.814222,-4.045074,0.167124,-4.216684,-1.447954,4.044155,4.205477,-0.994415,1.365671,4.250587,7.986229,3.569479,6.916059,0
-3.039661,-2.076855,-3.977154,-0.483904,5.929436,2.816708,-1.659880,5.294331,11.953459,2.158049,1.241545,1.352303,1.071421,6.695391,-3.919991,-1.429893,-2.405191,2.411154,-1.248590,-3.402086,-7.544482,5.469988,6.963428,-7.892715,0.027775,-2.541164,4.292381,6.255369,0.334259,0.567303,-1.770828,5.920996,1
8.033249,1.332441,7.186417,-1.793741,-0.815439,-10.405107,-3.414429,2.041986,-1.073412,3.271822,2.226793,-3.068388,-4.003160,-0.967279,-1.633539,0.274376,-4.850382,-5.644474,0.060579,7.121304,-2.494968,-2.317238,-3.721081,-3.168524,-6.877657,-0.015854,-2.391596,2.577921,9.460680,3.155212,1.366388,-0.993290,0
-8.290771,4.061075,0.556179,-0.984463,-3.236950,14.700953,5.817850,8.282450,7.841017,1.813679,-2.835606,-0.476284,-5.818101,-5.443972,-2.680294,-4.584188,-1.841991,1.981987,2.280058,-2.181973,-1.125616,1.906113,1.751068,-2.549057,1.545694,-4.329283,-2.640680,-2.597544,6.870859,-2.179958,-0.208010,2.602360,1
5.703703,6.129391,3.072758,-2.304695,4.134731,1.528154,1.236187,-5.886820,3.506271,-4.846376,2.188240,-8.031691,0.041204,0.006670,-5.623825,6.519140,0.906303,-4.248655,0.704956,-5.042265,3.425598,1.105389,-5.864323,-3.807301,-0.975071,-0.326731,2.436903,7.139866,-0.823120,-10.587834,5.127743,-4.117960,0
-1.323103,-0.043736,-4.754877,1.949930,1.771114,4.379520,-3.954723,3.549221,-5.675931,7.607771,1.079239,8.620123,-0.994246,-3.652554,9.925528,2.637041,-0.126432,3.211466,3.989759,7.375126,3.031296,-4.599022,0.236044,1.936003,2.186701,-2.636221,3.827173,2.264824,0.370983,-4.682079,-7.186293,5.671923,1
-2.887360,-1.906136,2.343943,-1.141546,-4.889549,6.202429,-0.534063,-8.617695,0.964291,-1.986221,-0.665182,-3.951452,-5.953197,-8.649487,0.328205,0.095467,-0.596134,-4.153725,3.357185,1.414835,5.548107,3.770878,2.164007,-0.322218,2.807577,-2.166883,-2.839115,-2.345219,-1.679529,-7.851386,-3.964104,-8.125137,0
-4.973042,1.527527,0.313126,4.550385,2.458641,11.783796,-1.503691,-3.222292,0.094433,-5.409833,-4.464384,5.110048,5.688641,7.117210,1.467274,5.351614,-0.335970,1.958994,-6.082373,-1.687609,2.138779,-0.485470,-1.120066,-0.826569,5.010952,6.372906,2.875435,0.875153,-0.313719,-3.024975,-2.272837,1.043095,1
-7.496386,-12.503965,-1.205488,-4.127077,-4.218031,-3.912617,5.960354,1.487087,2.795837,1.063385,-2.037693,-3.070938,6.031914,-4.067244,-1.778387,-3.540394,-7.361880,-0.912638,-1.916046,-8.463615,-1.604248,3.941473,2.558325,3.041046,-2.901224,-2.521547,-8.769667,-3.832340,4.529488,-5.434566,2.591751,1.921646,0
-3.812311,0.375313,-3.784437,1.343357,4.919191,-4.185425,-7.229805,1.194851,3.494291,2.391718,-5.020237,3.518528,4.541195,-0.830755,-4.570560,-2.299154,-3.953175,-0.499655,-1.235214,4.192394,-9.730483,-4.243464,-1.463181,-0.048298,-0.277233,2.080254,0.727293,2.301304,1.286530,-6.225093,1.812574,7.205889,1
-4.927101,-0.724754,-6.286226,3.188927,1.853964,-5.787882,1.227034,-4.843534,-4.609053,-0.711346,2.984426,-3.052217,-3.729425,4.907721,5.323023,-8.466772,-1.489914,-2.435915,1.823708,0.286373,1.964451,-5.944176,2.599245,-3.993631,0.630260,1.381279,-0.872532,3.058601,-1.913210,4.612604,-1.476908,2.781670,0
-1.946104,5.536598,-5.282328,7.129362,7.688438,-2.924723,10.449125,4.061848,-3.856188,6.462772,-9.961755,10.171688,1.909397,8.994240,-0.542656,1.883509,-3.572704,-0.052458,1.529276,-3.812067,7.233559,3.133566,0.513214,0.126686,5.645716,5.073069,3.430620,-4.890411,4.848288,1.396202,-3.195572,3.667410,1
2.884851,-9.813020,3.424932,-0.316465,-6.920824,-11.473974,0.993958,-1.075560,1.972116,-6.105558,-5.651117,1.844004,-11.138297,-5.774843,0.339367,0.907104,-8.574656,-8.220584,4.710609,3.946875,-2.621777,-9.775046,1.159637,5.370085,6.358852,8.188196,-0.265564,0.114876,2.082863,-2.561701,4.135603,0.551783,0
4.275743,6.079630,0.668545,1.010086,-1.122522,3.264002,1.127357,-4.538277,-1.383476,-1.668577,3.096035,-2.543747,3.586538,-0.562208,-6.341522,5.817696,1.951315,-1.209789,5.021959,9.666580,-0.038162,1.031479,-1.357634,2.067175,2.911167,-4.247620,3.589163,-5.535737,10.627510,6.958035,1.150496,-4.906134,1
-4.529604,-8.607946,1.695492,-0.163136,-2.655107,1.212496,0.712254,1.636736,4.017504,-0.098303,-5.354033,-4.660185,-3.018108,-2.802895,-3.829393,3.136538,-6.521114,-6.516918,4.081890,0.656595,0.958889,0.816746,-3.542015,0.989161,1.356443,-2.958504,2.998137,-3.011440,-2.710600,-6.289297,1.367020,4.452137,0
-4.245230,1.841072,1.810061,-4.333193,3.828035,-4.907286,4.248676,-2.789524,-3.542385,-4.257553,12.796434,8.621658,-1.736374,4.062908,-0.051220,-2.502634,2.917002,3.658146,7.545925,9.813509,-0.099863,-2.554226,10.084209,-8.391953,0.960426,10.413170,-5.793523,-2.498022,4.220938,-0.566689,5.387674,1.947863,1
1.736147,-0.588068,-0.123882,-5.397594,-4.591862,-1.949881,-6.432215,-3.114380,-0.564213,-2.814547,1.343092,-5.487564,-8.709531,-7.696770,-7.474250,-0.641172,3.003300,-7.407410,-3.672573,-5.598303,3.135355,7.200712,-1.939604,5.616201,1.760906,-7.751102,-0.267189,6.663895,-1.990116,-5.137571,-1.806622,4.071299,0
4.280943,5.624857,-0.206789,1.383522,-1.178854,3.128849,-0.759441,1.354305,4.524294,5.188049,-8.025102,-0.802660,4.074051,-2.742352,3.738377,1.467890,1.623480,-6.897699,8.665281,-3.244595,3.145811,2.805565,7.400036,-2.299253,7.053871,7.289852,-1.594646,-3.646294,-2.836004,-13.929010,1.195084,2.997625,1
-4.710318,-0.581480,3.500896,6.130449,4.725681,3.811443,-4.824677,-1.191433,-5.781898,-0.519266,-7.441985,-0.064796,3.002203,1.577438,-1.043682,-8.161316,-9.360047,-3.432116,-4.581871,-6.970743,3.191380,-4.018227,-5.850422,-1.762520,5.417089,7.748383,6.159132,3.556864,-0.681442,1.061893,-4.427572,-8.761793,0
0.619474,6.458239,-2.018948,3.178633,2.239000,-1.572403,5.320923,7.417322,2.668966,-8.329452,-8.778588,1.140270,-2.698387,5.517710,2.518089,2.826445,5.450535,-0.330742,14.649000,2.133947,-2.210728,3.027830,4.872829,3.070604,0.592506,-1.022575,-3.997169,2.058508,-0.257330,4.118320,-1.352539,-0.212509,1
0.113335,1.303221,1.904718,1.459946,-2.837242,4.023941,-2.271221,-1.937651,-0.777460,-3.394255,-3.506582,-2.008892,0.214247,2.026642,-7.125948,3.519320,-3.303358,3.293207,-5.557177,-0.572939,-4.662167,4.513880,4.669718,5.236214,-3.250326,0.196495,-4.783321,5.676365,-0.115864,-4.694626,0.630848,1.814053,0
4.653095,1.781452,-2.955740,0.211123,4.768421,-0.823627,-0.210728,9.396444,-8.843610,-0.706568,-0.204145,8.279833,2.470877,6.126808,0.170893,1.138348,2.340345,1.174843,-2.508436,-2.412863,-1.901844,3.780886,1.525934,7.966516,1.836094,-3.395639,1.118643,-2.461727,0.975981,-1.091141,2.065695,-0.536238,1
-5.888878,-1.127584,-10.045059,-1.799536,-3.967794,-3.657084,4.132025,-10.942118,0.764708,-0.227182,-1.785452,2.874975,-3.760500,-6.150053,-8.506247,2.092247,-4.695868,-0.638325,-8.926603,-9.312493,-2.108046,6.434189,-0.533442,4.393244,3.120098,2.172657,-4.909866,-4.399109,-5.932915,-6.611126,-1.939865,7.930096,0
3.814251,2.772072,6.571707,5.566658,2.650503,-1.697544,-3.871101,0.345459,7.325241,1.553131,4.138748,-1.950726,0.858822,4.207354,7.704535,-5.411282,9.165129,4.914324,-5.465219,2.602318,-2.434462,-2.110939,4.761499,4.178356,1.839924,5.048811,-0.817068,4.865482,-3.242785,0.851549,-1.734739,-2.894886,1
-4.595873,5.653175,2.206308,-5.976711,-5.139797,1.546217,3.665462,-2.550671,-3.494013,-5.153440,-4.003500,-5.185083,-7.258730,-3.411451,-11.671453,5.190544,-6.278835,-4.083330,5.039322,-0.876583,0.648685,-5.380131,3.612125,-1.485765,1.104338,2.202898,1.104914,2.103407,-2.627840,-2.368294,-4.377893,-5.078585,0
-2.743153,10.545523,0.044733,4.331980,-1.462702,5.072044,3.443743,-1.929764,2.793550,2.151955,-4.044514,5.304825,-1.967972,-7.360226,11.475313,1.929850,3.218866,0.740726,-3.880140,5.658695,-2.240005,3.183666,1.080368,-2.714399,-9.410093,2.153316,2.984932,-0.206503,-5.882931,3.662046,-5.736809,4.464170,1
0.064661,-1.880434,1.491394,-5.605301,-8.758808,-1.350306,-6.167587,-6.775290,-6.672110,-9.296857,5.050255,5.022804,-7.224402,-6.712606,5.253132,-6.592962,-1.295515,-8.296057,-1.103401,-1.142246,-4.905283,-0.008873,1.329260,-3.916866,-5.092625,-7.006516,-4.769207,-11.080397,-0.982052,-5.051636,-10.806480,0.183067,0
-1.965837,-0.791286,-1.877472,-0.020411,-1.093464,-1.024092,8.217186,-7.425487,0.871042,5.626204,1.985487,-4.191042,0.191092,3.859657,9.368315,3.420841,-2.228756,12.674662,2.678358,-2.036116,0.038670,1.530403,3.954035,2.929968,1.946190,-0.756613,-1.869673,-0.179159,-2.333801,3.809074,4.153482,1.538366,1
3.120785,7.967365,-4.938015,-1.793459,-8.638008,3.056965,0.633694,-5.681053,-4.992453,-0.400114,-0.362276,0.285812,-0.981424,-1.504492,-3.530296,-6.601892,-2.719683,-4.879341,-1.269598,-5.848467,-9.333983,-2.597065,-1.126234,4.189905,1.438675,-4.985563,2.997871,10.503977,-1.856392,-1.894386,-1.328110,-15.221513,0
-1.058386,1.325865,2.572058,2.079866,1.957037,3.852055,6.635494,-2.003115,-0.101530,7.830538,9.698395,-1.316454,3.349497,-3.943491,-5.909456,-1.422703,-1.013855,-1.878143,1.201187,6.006170,-3.161354,4.365383,-2.898899,2.548868,-5.649716,2.049480,1.525280,9.286499,3.275663,1.067820,-5.731865,6.406143,1
-3.071301,-0.033112,-3.248264,13.132582,-1.236418,1.289686,-3.131630,3.139622,-3.881983,1.287457,0.673985,-4.127850,5.253756,-10.860925,-0.496136,-3.293436,3.005951,-1.388979,-2.175581,1.518995,-4.497213,-1.760283,0.717482,-2.352394,-0.465599,-7.361027,-3.886757,6.498968,-6.094650,2.726713,0.716112,-3.377478,0
2.018986,-1.374645,6.038580,-6.720963,2.433706,8.910795,-2.128780,-1.601252,6.030914,6.611691,0.050129,4.488859,-3.935568,12.312456,-0.860609,7.549295,-0.602493,-5.441636,1.273277,-0.420641,-1.465971,-0.072184,2.210243,2.061682,4.618925,-1.101028,-1.667631,-5.880299,1.960915,-0.317745,0.383118,0.086933,1
-1.339962,0.802816,-2.411734,-3.792982,-3.891642,7.464651,-4.204756,-8.435178,-3.943474,-7.479448,-0.165506,3.761236,1.807793,-2.642389,-5.227257,2.792950,-6.951584,0.561630,-1.236803,1.303167,5.294386,-5.275373,-2.181276,-8.499487,-0.457256,4.308413,-0.475414,-5.903597,0.046062,-2.923943,-0.373962,-0.042862,0
-1.751986,5.660192,8.102806,1.415195,-1.375616,-4.095755,5.600174,3.787886,-0.242290,7.221203,5.997982,0.408787,0.580223,9.189013,-0.311121,4.400610,-4.438244,0.010088,5.995436,3.835354,-1.949190,-5.275675,-0.401501,2.153326,-0.175158,0.283615,0.720722,3.393723,5.739235,-0.070580,0.391966,-4.466087,1
2.085896,-3.324610,-1.989973,-0.985630,-3.225592,0.351974,1.225092,2.082644,-9.712130,-10.898044,5.781763,3.580177,-2.605391,1.922691,0.599133,2.034727,-4.211180,-5.338306,-9.279236,2.008821,6.484411,8.093359,2.411613,-0.727154,-0.605875,1.599754,1.507236,-1.563581,-2.134951,3.979610,-0.027344,5.925934,0
-6.013392,-3.313721,-2.938469,-0.824356,-0.437096,-0.592972,-2.059322,3.665119,-1.596487,5.692566,-0.481241,2.669743,-2.110451,-0.391483,2.842901,0.516632,-5.878707,-4.322929,0.818600,0.317551,5.561646,1.883280,-4.853384,-1.171450,-0.175884,-4.654800,-7.217078,6.241879,-0.611443,7.834854,2.948833,0.069941,1
-0.696026,4.961390,-2.851549,-1.804394,-4.816601,-4.037125,3.387672,0.655319,-6.488581,-3.242014,2.475359,6.757814,-5.423578,-1.765764,0.551914,3.039055,-3.099369,0.609236,-1.741198,1.422258,-1.604574,-0.682383,-0.583435,-0.703014,1.263655,2.501669,1.684067,3.616882,-8.383944,1.295515,-1.114056,-2.742420,0
-0.730358,4.475599,-3.317535,-1.463131,-7.530347,3.738886,-1.447180,-2.689236,-7.400144,-1.499956,-1.555405,0.583534,0.246290,-1.017580,7.594648,-2.875021,-0.601141,-3.663609,1.324472,2.074100,6.032000,4.075035,2.697639,0.316248,-4.844683,1.756491,9.745558,8.653114,4.657034,2.771833,7.084948,4.780228,1
3.211878,-1.428822,-2.770803,3.029747,5.748581,-4.316948,-9.733577,-3.463417,-1.707392,-6.929792,1.331253,1.621185,2.236109,6.495872,-4.681875,5.020727,-7.712068,-2.024035,1.290171,3.064291,0.227764,-2.528044,-7.237862,1.934185,5.009140,0.725525,0.074213,-2.401379,1.771944,-1.072548,7.433367,4.391827,0
-0.464502,-2.379005,-4.976412,2.797821,6.143532,4.651917,4.180935,-2.329840,8.801250,3.920460,7.104326,6.309774,4.130695,6.835245,5.886303,0.620958,-1.455704,-3.047586,-1.581848,8.825954,1.148024,0.971483,4.795658,7.844746,3.932133,-1.129494,9.470873,-2.368494,4.329094,8.632465,2.880077,2.848736,1
-1.242624,4.061756,-2.168839,6.297985,5.675856,-4.177692,-8.023944,1.397840,10.383062,3.026850,-1.669649,-2.692961,-3.052389,-7.558187,-5.407339,-2.043278,2.966566,-3.707079,-12.839104,-5.936966,-2.698303,2.006277,0.175911,2.590298,-0.598907,5.511475,-5.739843,2.482166,0.846731,-6.637156,-6.901878,-1.870131,0
-6.555346,-4.943884,6.327082,-1.144182,0.496960,4.603256,3.127113,7.863596,4.641310,7.654814,3.487082,6.136063,3.333931,4.330513,2.917391,7.584850,-7.329373,8.001316,9.529291,6.469746,-5.026503,-4.800657,7.100739,-2.642900,-3.710779,0.977497,3.530151,1.533567,5.972450,-1.338120,2.775757,-1.087719,1
0.774426,-4.619606,1.867746,0.238710,0.112108,-2.350004,0.418501,-2.594925,-0.502659,0.616154,-2.524994,1.272081,0.785578,-0.286180,-1.601229,-2.939051,-3.968121,-2.387131,0.479778,-2.294796,-2.043613,2.440161,-1.664852,-4.064562,-0.807064,1.998814,-0.616098,1.767643,-5.875561,-6.845919,-5.913353,0.932598,0
-0.943718,5.649513,6.788542,8.077473,-9.009812,0.302853,-5.247231,3.580322,7.303396,-3.695995,10.114868,-0.636248,-0.452400,1.858580,3.397982,-0.337107,3.145983,9.361977,4.913580,-0.251579,-0.948862,1.045576,-1.145754,4.923033,-10.099781,7.420271,-0.544348,-4.540176,2.764286,4.864681,7.250914,-1.409475,1
-4.275858,-0.802933,-2.561361,-0.706547,-2.054033,8.150116,-3.527378,5.895235,0.760845,-7.024141,-0.900227,-1.783861,-8.852419,-9.437231,-4.410040,6.933014,-0.648785,-4.235851,-1.843969,1.119181,5.749538,-1.335651,1.934124,6.528980,-8.242556,-0.801582,-3.421867,4.842476,0.016117,8.410082,1.340260,0.262743,0
-1.095814,-2.615269,7.733021,5.470804,3.434391,3.252401,6.488922,0.089973,-0.524540,5.001177,-3.540537,4.108408,-6.405837,1.321392,-0.601107,4.425787,-10.824197,-2.116453,5.844986,2.288450,8.819374,5.135788,0.678080,3.239666,-1.987917,-3.359961,9.095057,5.232052,-3.824245,12.396547,-2.253788,-4.532812,1
1.328388,1.834066,0.893768,5.924841,3.155891,4.466246,-6.463551,4.577686,0.213533,-5.606005,4.763903,-8.899689,-3.538950,-1.356808,4.968922,0.873716,-2.481178,4.809307,0.160892,-10.553060,1.848906,6.225103,2.345360,4.068026,-7.105886,-0.557034,-4.344622,5.966684,-3.370560,0.354694,-3.512949,1.845718,0
-1.776464,1.399672,1.892159,5.536833,4.287611,4.912323,5.324526,-3.791349,-5.522041,-1.050611,-1.663210,-0.091667,0.483000,7.558439,-1.307610,-0.794548,-7.920594,-5.295339,-7.079679,5.755518,-1.476439,3.125668,1.244099,-4.653915,-0.803057,0.197878,1.286665,0.846962,0.760633,5.879803,-2.668304,9.103567,1
-4.493027,2.188168,2.707037,-0.466614,3.001652,-3.092314,-0.756773,-1.841669,4.456442,-0.399229,10.253279,1.630909,3.736900,3.433926,1.960453,-7.783214,0.205412,-6.003601,-4.984831,-0.437700,-2.398758,-7.467879,-7.045143,-10.860716,3.171219,-4.656998,5.517042,-3.176880,-0.819075,-7.228211,2.542086,-1.071615,0
5.236595,2.186350,1.287210,2.121014,3.453299,-2.904673,7.717243,1.212568,-3.570656,6.284052,8.418638,0.814127,-0.101286,-7.659328,3.774624,5.282154,-2.493784,2.869286,-2.107546,6.839563,-4.491022,-2.468740,-2.931208,-0.741692,4.937696,-2.449905,1.943392,-4.389170,-5.888823,-3.840668,-0.178034,13.629011,1
1.533394,1.147156,3.711788,5.829216,-8.870143,4.102592,3.190090,-4.536997,1.862322,2.885658,-3.717131,-6.284073,-5.472588,-4.446789,3.179012,3.176870,-9.048754,1.746693,2.250715,0.354330,-4.419388,-1.097500,-8.795338,0.186615,-0.410276,-1.651468,7.865154,5.570410,-4.987841,-7.564689,-5.180471,1.592543,0
-3.042435,1.978197,1.254551,3.509254,-0.473051,8.336317,-6.803244,-4.894493,-8.221343,-1.969210,-1.851864,0.761452,2.372589,-0.347931,0.333828,6.053556,-0.053984,1.924391,1.114803,-0.295055,5.476391,-0.862801,2.034071,-5.720149,0.225288,5.591164,-0.944130,-3.319443,-0.090700,5.784895,6.606628,1.140045,1
-0.391085,1.140011,10.995771,-0.462099,1.419125,-2.888716,-4.612761,-0.467802,-11.210011,1.956099,-5.228769,2.745970,-0.233248,-7.387715,5.959549,4.618231,1.552094,-3.351357,0.285843,-0.976099,1.557577,2.749001,-7.141569,-5.450045,-3.948572,-4.669451,0.241217,-2.696924,-1.453445,-9.865480,-8.841150,2.841669,0
0.669672,2.537987,5.297770,-4.115992,-7.634609,-2.185616,3.713390,9.983875,6.117908,-2.912647,-0.839020,-8.135126,2.705616,0.386768,-3.642384,2.525927,-2.340830,4.425514,9.728552,0.233276,6.535627,-2.576178,12.573668,1.057932,-0.152685,-2.458178,0.739443,2.304390,-2.440651,0.846588,-2.621304,11.461733,1
-4.729584,-9.622128,-3.688725,-5.089275,0.813372,6.787334,-3.834177,-3.286148,0.816034,-2.690216,-2.070702,-0.460701,-6.254141,-1.032885,-3.687424,-8.436249,2.504667,-4.438906,-9.401006,-7.604028,-8.717219,-4.981615,-1.112074,-5.236757,-7.383213,-3.462046,7.899733,-3.114929,-0.489908,-5.170145,-3.717760,-3.533255,0
1.178848,-5.336392,2.756933,2.760035,2.772701,0.190933,1.273344,4.290796,0.565521,5.335489,1.621302,5.859726,-7.727146,3.286184,5.655537,-3.025045,5.319689,2.088221,1.941107,2.563990,-0.459137,8.729397,6.752979,-3.888643,1.956301,-3.712860,4.942060,-1.005569,5.590084,-4.024586,-1.840782,2.653730,1
-2.528452,-1.411669,-1.948601,-2.297293,-6.137402,-6.311914,2.406307,-10.855263,-7.693352,-2.763041,6.733418,-5.767078,3.324356,-11.368836,4.221333,0.246952,-1.812332,4.000347,-3.376509,-2.826046,-6.771170,-5.674088,-0.075258,-2.564699,3.551876,-0.960411,-0.927431,-6.419827,0.310293,-1.274824,-5.418211,-8.666996,0
7.554110,-5.058224,-1.506701,-3.705824,-0.430092,1.328518,-6.966284,5.822741,-4.585482,4.978668,2.730373,-4.421040,1.962484,3.372953,0.855906,3.676508,-3.111834,4.618250,6.068350,-5.934162,0.066225,5.342495,6.839890,3.904150,-1.094709,-1.680143,-5.648675,-0.381062,-3.562407,3.508862,0.016123,7.514086,1
1.733433,-0.612171,3.059792,-0.009130,-3.364130,-7.815176,0.333393,3.194523,-4.281101,5.005035,-6.993050,-0.973877,3.754759,-6.827755,-5.170559,-7.481506,5.522684,-0.034359,2.410322,1.271521,-4.448326,-6.614187,-2.372114,0.351463,7.576723,-1.054295,-3.812773,7.187742,2.447229,-8.727508,-2.866440,-4.601574,0
-5.332972,3.644957,2.946913,2.081570,-4.298134,3.698626,-3.832497,0.852713,-2.831369,11.175047,0.989565,-0.623411,3.977097,-3.706184,3.392422,2.411627,-1.040308,1.124146,8.054007,-9.448832,-1.364233,4.677122,7.399475,5.336369,-2.405842,6.195263,1.353140,-4.092997,-1.990540,3.387070,1.142990,7.339661,1
-2.451029,-0.195227,8.009373,0.806305,1.907938,2.640366,2.044682,-4.151293,-4.907566,-8.029745,-5.746449,4.746214,-0.832813,-2.113436,-7.334161,2.770233,0.042120,-5.280302,2.850004,2.227091,-9.084508,-5.259789,0.317812,3.000565,2.760406,4.009575,-1.446915,-0.959858,-1.294056,-6.859760,-11.983748,3.412191,0
5.409380,-3.721790,-4.690235,0.024801,9.504646,-0.244755,0.716461,2.006809,0.556595,-3.028757,1.157698,-2.034233,6.167555,0.138063,7.198034,0.894638,1.340773,-2.561872,1.204224,7.200247,-0.357336,0.270779,2.531700,4.994671,7.535666,-3.908102,-2.513575,-1.114447,4.456047,6.641018,-1.616199,6.036423,1
2.139755,-0.822363,2.501066,3.912321,-2.986759,-5.298431,-2.074738,-2.944996,-1.016518,8.219992,-3.330791,-1.565817,-5.771938,0.915518,3.428303,-3.200117,5.223373,-1.534300,-0.810070,-4.500168,-0.191793,-7.569067,2.977076,3.759224,0.878170,-5.460075,0.061644,-11.335032,-7.827415,4.997934,-1.190229,-0.553461,0
1.431629,14.270479,-0.260065,2.724314,6.760860,3.475592,-1.165071,0.413502,8.582201,3.312252,6.811451,4.737843,5.541727,2.222075,0.663517,-1.271433,-1.001421,-5.691769,-2.003336,0.661034,-7.180698,-5.152083,-1.582687,1.015259,5.860367,-0.048151,-9.450378,-1.694235,6.869551,4.171314,-2.923742,5.151354,1
0.940281,-5.190025,1.806629,-7.395210,-6.660944,-3.429642,-2.424421,1.323061,1.699722,8.249542,1.518356,1.789631,-3.122496,-4.823257,-9.975032,-13.608089,3.286356,0.576042,3.583805,-5.566902,-3.317734,-10.247067,1.790817,-5.483486,0.901686,0.437197,1.985741,11.705484,-0.214579,-1.008307,0.849661,3.205605,0
0.069921,-3.278128,8.308758,1.049454,-2.272055,5.989092,-2.154634,0.134256,-1.079636,-0.665298,1.877634,5.937271,-0.330395,0.318104,14.029467,-2.102201,1.511898,-3.508301,6.225842,7.024239,-3.010870,5.416702,1.219849,2.270643,6.559116,1.224966,-1.569191,-3.726904,4.601061,-0.906000,-2.977528,0.514471,1
6.873714,-3.444742,0.618359,0.566828,0.030716,3.140274,-5.407175,6.308413,-6.467047,-8.328586,-3.549236,2.539825,1.017908,-9.018627,-3.641802,-1.392456,0.370378,-9.972753,-10.895435,-1.625795,5.445595,-0.883106,6.009335,3.904587,-2.230873,5.045519,-2.829283,-2.975260,2.614552,8.353775,0.620567,-6.813509,0
5.465681,0.880623,-2.144676,3.145386,3.402100,3.579834,-0.196766,6.870003,-13.356762,11.878790,0.454609,-2.281878,-14.223660,3.060640,4.266853,-1.168238,8.542521,-0.870081,-0.034561,4.708920,0.568750,-3.605549,0.548866,2.387377,-2.880428,7.621235,6.456041,-5.329727,3.958067,6.607626,0.122198,-5.243632,1
-5.858185,1.907722,2.397547,-7.468793,1.381157,-6.525589,-3.452024,-6.330914,-1.154350,-11.724262,-2.443369,10.413042,-6.158859,0.983570,1.449593,13.056372,-8.059721,-1.929092,4.335043,-1.094591,13.246912,-8.278584,-0.284468,-1.059515,-4.760487,7.027998,2.297974,1.686518,7.134203,2.205875,-1.264744,-0.421087,0
1.796534,10.079222,1.701778,-0.003887,0.431747,-2.032030,-2.157522,-6.806665,2.232992,10.683212,1.517578,-0.671993,8.205698,1.149771,-2.365456,9.612852,-2.047037,5.874973,-2.158155,9.816521,6.501297,-1.977684,-7.331860,5.056866,5.517960,1.868708,4.933186,-0.375257,5.741438,-1.482767,-8.728857,7.823366,1
-1.345514,-1.092436,1.600384,-1.093058,-5.871075,-3.797688,6.906130,-2.384966,4.655092,-10.137567,-5.506605,1.244226,-6.076525,-1.785666,5.786758,-0.885744,-1.653294,-9.148849,0.627811,1.079170,2.764475,3.850285,-1.538645,6.432487,-0.140835,-2.983677,-1.031576,-8.185471,5.924587,1.424501,-3.464182,4.379389,0
0.509161,-13.649331,-2.236767,-4.675220,-9.419892,-1.827124,8.612091,3.834625,-3.678495,-0.345881,8.590158,-5.302663,1.837870,-1.472662,1.536617,8.824108,4.688021,6.474415,3.031828,6.846699,3.288744,-5.752241,3.363029,1.201843,-4.920650,3.114090,-0.074432,5.132389,-3.527061,3.456467,5.791040,-1.339418,1
-3.408991,-2.110725,-5.147625,4.115683,-5.626974,-4.369062,0.495634,-1.628756,-2.531160,4.067139,1.775484,-0.618948,0.338892,6.916313,6.076088,-8.939040,7.117533,-3.233318,-7.670411,-1.718935,0.804090,-1.636684,-2.277922,3.493011,-12.873666,3.147541,-0.695463,-6.842873,-7.661787,-1.091610,-2.723902,6.903955,0
1.750257,-0.726324,-0.398588,-7.164540,-2.435753,10.450739,-4.157610,-0.309410,-4.397190,-1.677980,5.010160,7.783905,0.119642,1.754612,1.872227,5.029123,2.363813,-7.942999,4.612740,-0.766615,-1.814173,1.863752,2.347532,2.443180,4.964071,5.577213,-0.588619,2.383591,4.542511,-1.005438,-9.070198,0.993532,1
6.232473,-5.420988,-1.549749,5.257399,-1.600489,6.897181,-4.812408,2.751444,-4.925861,0.079285,-0.913893,7.432295,1.966148,2.301666,5.413782,-4.184845,-1.547892,5.272881,2.404476,-1.385427,-4.841032,1.961855,-2.261976,-8.077222,-2.303896,10.637461,2.603153,-2.877186,-4.922529,-3.588556,-6.144260,-1.327881,0
2.399881,-0.364359,1.461609,15.311281,3.511269,-2.007128,1.045021,0.465004,-11.372606,3.602118,5.288448,-0.074463,-2.419174,7.188328,-1.976072,3.365244,-6.817824,5.460506,-5.279926,-0.990543,2.816650,-2.241478,6.363548,6.047796,-2.374741,-3.480991,0.104765,-4.729790,8.285486,1.403561,2.847857,4.464714,1
1.322844,-6.403753,-0.900589,1.349682,7.331953,-5.413973,8.411322,-5.952812,-1.608326,5.077370,0.884893,-6.809273,5.511454,5.973980,-4.529139,-0.479431,2.359348,-4.315336,-10.072848,8.772001,-0.136555,-5.305983,0.035158,2.101034,-4.189573,-8.490779,3.098555,-0.483358,-4.218931,6.736080,-2.194712,-0.558739,0
-7.420921,2.127050,-3.599077,-8.548553,1.513798,1.936537,-2.295954,0.748356,4.972515,1.046965,1.336926,0.827732,-0.665655,-3.115831,3.632586,-3.595634,3.227512,-8.521461,5.429197,-3.897331,-2.700562,-0.739033,4.022413,2.709211,-1.522543,-0.595148,-2.084568,-7.617206,-5.547687,-1.800116,11.087610,-0.205521,1
-3.874296,-2.489195,-2.768343,-7.280027,-1.535297,2.156292,-2.997427,4.042469,5.511644,-3.324280,-0.460016,-5.238834,4.892611,-5.962206,-1.484138,6.376774,3.957794,-1.187054,-0.371454,-0.107212,-5.159258,-4.861546,0.685902,-1.669497,-7.002670,-1.742790,-1.276600,0.141500,-8.733929,1.367708,-3.382721,-2.001625,0
-0.480675,0.270023,2.510538,5.744011,9.359394,6.280376,-4.928886,-6.462879,3.666849,2.849758,4.415100,-7.317926,-5.029419,0.202145,4.642336,1.815195,-3.851934,-5.374076,-5.522681,-4.557560,0.371845,2.147818,1.070290,-4.209396,-1.311470,2.551373,1.602291,-1.777235,-2.587740,-3.416582,1.729162,-0.491072,1
0.324070,-2.775795,-5.232958,0.361778,-4.101822,-4.607164,-7.708459,-8.652128,3.088568,1.406225,-2.960258,-1.525166,-0.234745,0.561584,0.485340,3.075821,-9.612340,1.058210,-5.172817,-2.617275,-7.019974,-6.328049,-2.124743,0.081675,5.107323,2.696371,2.011164,-2.248140,-4.500048,1.301495,-2.375685,-3.275761,0
2.066057,-1.102064,0.613758,-0.444202,-10.629222,3.308523,6.313875,-1.513683,1.830608,2.845797,-0.794706,0.464968,6.074854,-4.557663,4.126690,0.918751,3.011135,-1.295107,1.542751,0.170902,7.642435,-1.945126,-4.000633,-0.452278,0.117661,3.119944,-7.709661,0.752653,-16.028580,7.144245,0.312031,-0.103348,1
2.125341,2.741013,-1.075209,-5.293545,1.114243,-2.252943,-2.343073,-5.897013,-12.418646,-0.490746,6.033850,0.628351,1.681334,-0.484991,-1.400154,0.786816,-1.843592,2.458708,8.958590,-1.919424,-1.258530,3.179810,2.823664,-7.099049,-2.017204,2.607723,-0.392656,-4.813501,-0.357912,-7.200018,4.931671,6.344643,0
2.687386,-1.819296,3.478525,4.367931,4.139444,2.676895,1.943605,0.001158,-4.494074,-2.342716,-3.853613,0.347961,4.362232,2.689289,0.022673,-2.086905,2.682453,2.658981,-5.931726,-0.831446,3.190210,-3.359650,-0.934038,-0.910385,-2.598145,-4.083971,-2.568428,4.779655,5.047947,-9.157587,-3.883402,1.773560,1
0.164465,-1.608536,-2.216234,-1.055910,-2.496693,-0.855867,-0.896906,1.562920,6.171684,0.841917,3.570192,0.711176,6.581047,-0.307825,-0.258810,5.407015,-2.737123,-5.062979,9.219252,0.036877,-1.335108,-3.508244,6.242571,-2.919180,2.260031,0.143377,4.109591,-2.637659,-6.025991,-1.837137,1.045414,1.611748,0
8.641239,1.642513,-2.179733,7.638783,0.253309,0.943815,0.572023,2.024191,3.801622,5.520849,1.808981,2.546814,-3.965719,4.173628,3.111322,2.635607,5.357273,-3.337011,1.203043,5.222786,-7.969937,2.878010,2.339338,-0.238535,8.906384,-0.078993,8.400137,-0.246737,-1.508484,2.559843,2.075855,2.013895,1
3.714952,3.748745,-8.477410,2.299564,-3.462759,4.186293,-3.442501,3.203363,6.228886,-3.229334,2.344944,-7.165645,7.667652,-3.657412,2.437248,-4.958065,-2.984753,-0.232574,1.106857,0.319937,-9.060906,-3.764200,-7.157831,3.641762,2.605934,5.819191,-8.408006,5.619257,-6.512156,-0.919577,-3.634674,6.685997,0
6.303331,3.548607,3.713184,0.663532,5.525219,2.145622,-0.183775,4.719612,5.049177,-5.752729,-4.961229,4.135025,7.056940,0.843662,-2.383883,2.390244,4.869310,-0.849287,0.821779,9.036512,3.853666,-0.665396,10.945032,-0.461384,0.887281,-0.278833,3.683834,6.123257,-4.155237,-0.545429,-1.192495,-0.576399,1
2.992769,-3.954151,-1.748606,2.655462,-3.712969,-4.271801,2.664928,-3.086195,-1.102232,0.797266,-4.764780,-1.990509,7.432758,7.685019,-9.012988,1.511784,-4.176025,2.071331,-0.782408,-0.186045,0.612810,7.514286,-6.250290,1.083570,-0.306366,-2.170361,5.532795,-2.443338,-0.660439,4.630630,-3.957401,-3.860855,0
-1.237659,2.684210,5.417709,-0.536963,4.329363,-5.666450,1.896873,4.661318,3.228355,-7.104842,-0.230167,-4.814104,4.963083,6.703762,-5.695807,-3.790520,8.123545,-0.406563,0.719988,5.661083,-1.651602,-5.503159,8.070690,-2.089592,0.365198,-6.582467,7.140018,0.067345,3.381607,-4.988983,4.898153,6.686066,1
0.151525,2.993389,-5.319208,-1.688364,-10.602358,3.316587,0.706738,0.718821,1.585346,-6.361145,-9.685104,3.036051,0.255547,2.942629,-9.999761,3.065659,-0.304846,-1.629499,7.283203,-0.532936,1.923288,0.846285,-2.660116,0.070021,7.325260,-0.015848,-0.203753,-4.277378,-2.155529,2.799826,-7.728618,-6.352238,0
4.657099,-6.225142,-1.893715,4.732168,2.243826,3.103491,7.682535,11.783606,-1.498150,-0.159931,3.504597,-0.055407,-5.465366,-0.156012,0.443794,0.013676,-1.059370,1.078539,-5.238156,-4.810673,-0.835972,-1.698397,1.180079,10.325521,6.598162,4.784613,-0.392998,3.548412,-2.899517,1.421247,-3.250021,1.504551,1
