0.206839,-0.539831,0
2.044837,1.843228,1
1.137693,-2.820690,0
1.693249,2.019214,1
-1.016748,-1.972722,0
2.659223,1.786421,1
-1.333073,-1.330788,0
2.034259,0.368941,1
-1.093430,-0.487294,0
-0.127975,-0.241420,1
-0.988964,-0.524432,0
1.606338,1.100091,1
-0.281492,-0.950241,0
1.614228,-0.380861,1
-2.012502,-0.141088,0
1.204235,0.405115,1
-1.879405,0.759696,0
1.187991,1.915549,1
-1.261895,-1.005932,0
1.159547,0.363760,1
-0.573778,0.430342,0
2.142321,0.457186,1
-1.903428,-2.326478,0
1.748727,2.429662,1
-1.825220,-0.199019,0
-0.711423,0.766017,1
-0.579506,-1.496802,0
0.063759,1.521291,1
-2.411237,-0.563560,0
2.134224,0.122257,1
-1.858801,-2.378032,0
0.231726,0.027298,1
-3.412350,-1.632539,0
-1.048894,0.417281,1
-1.211198,-2.029877,0
-0.156918,-0.716149,1
-2.778037,-1.784295,0
0.799906,-0.800354,1
-1.194091,-1.340228,0
1.759653,-0.426044,1
-2.198552,-0.204209,0
2.842506,0.682219,1
-1.138206,-0.835704,0
0.246712,1.169071,1
0.089489,-1.231407,0
0.951127,3.473159,1
-2.552825,-0.423263,0
0.699496,0.747673,1
-1.950666,-0.731955,0
1.465992,2.262653,1
-0.807855,0.515660,0
-0.223356,1.097772,1
-1.704408,1.322309,0
1.811009,-1.207122,1
-0.728287,-0.657292,0
-0.555501,1.241715,1
-1.623437,-2.303794,0
-1.101764,1.258046,1
1.134893,-0.856776,0
2.384156,-0.165284,1
-2.655199,-0.955351,0
0.975792,-0.011127,1
-1.285998,-0.203955,0
0.141556,0.949701,1
-1.051498,-1.529869,0
0.943591,0.171429,1
-2.636021,-1.465141,0
2.044871,1.762836,1
-3.417528,-1.203594,0
1.468582,-0.492302,1
-0.662954,-1.505245,0
2.669796,2.416729,1
-1.624884,0.104822,0
2.793661,2.648965,1
-1.876001,-0.796687,0
1.223554,2.435661,1
0.363829,-2.271631,0
-0.374812,1.845098,1
-0.455239,-0.104774,0
3.099849,0.634870,1
0.058197,-1.489422,0
1.785574,1.202972,1
-1.368530,0.561709,0
1.692629,1.766897,1
-0.152343,2.360313,0
2.201857,0.504955,1
0.012650,-2.446498,0
2.078698,0.925776,1
-1.069485,-2.806971,0
-0.187658,1.955553,1
-1.455617,-1.814855,0
1.046452,0.281882,1
-1.282463,0.584750,0
1.214663,0.879930,1
-0.591001,0.349150,0
1.044828,2.765904,1
1.980056,-0.723783,0
2.570619,1.251872,1
0.540472,-2.383377,0
1.162561,0.793191,1
0.983026,0.440749,0
-0.302782,2.674627,1
-0.266169,-0.336642,0
0.251120,-1.271142,1
-0.431084,-0.462657,0
-0.265110,1.064401,1
0.732031,-1.361057,0
0.878195,1.076964,1
-0.856602,-3.038531,0
1.525944,2.721708,1
-0.426637,1.361780,0
0.637166,1.770203,1
-0.205698,-0.720641,0
1.420416,-0.574637,1
-1.502100,-0.522606,0
2.785793,-0.303956,1
-0.841959,0.718280,0
1.432874,0.119481,1
-1.528890,-0.402037,0
0.734584,2.567457,1
0.458508,-0.488403,0
-0.116971,1.501870,1
0.249835,-0.855687,0
-0.471524,0.577388,1
0.530128,-0.551428,0
-0.470243,-0.525277,1
0.610217,-0.558210,0
2.646773,2.217333,1
-0.321738,-2.151916,0
0.303964,0.101170,1
-1.221039,-1.626358,0
1.522676,1.104852,1
-2.472355,0.414351,0
0.029852,0.575911,1
-0.057481,-0.733222,0
0.140892,-0.275817,1
-2.960464,-2.541102,0
0.273285,1.788058,1
-1.102622,-2.000156,0
0.751742,0.716890,1
0.228948,-2.639630,0
1.545208,0.968349,1
-0.497094,-1.453163,0
-0.052089,1.143408,1
-2.126073,-1.874875,0
2.008428,-0.690546,1
0.967386,1.500068,0
-0.322873,-1.939064,1
-0.242782,-2.150563,0
1.420490,-0.317349,1
-1.316819,-0.633081,0
1.728331,1.362038,1
0.125473,-0.103062,0
1.745417,0.677484,1
-1.412319,-0.424182,0
1.978575,-0.827785,1
-0.180433,0.155442,0
2.063944,2.644577,1
-1.076175,-0.092588,0
1.919111,0.750960,1
-0.674540,-0.724779,0
1.284067,1.376616,1
-1.515306,-0.865409,0
-1.586653,0.873547,1
-0.549475,-1.296388,0
-0.404720,1.071914,1
0.843585,-1.872692,0
-1.341698,0.452707,1
-1.128317,-0.177744,0
0.210443,1.224144,1
-0.088672,-1.761153,0
1.018531,0.776612,1
0.869365,-0.850665,0
2.742805,-0.155679,1
-2.275774,0.011640,0
0.456980,0.801150,1
-1.331892,-4.147119,0
-0.525388,0.423505,1
-1.033765,-1.147284,0
2.006425,1.555220,1
-0.562406,-1.406886,0
0.668047,2.666121,1
2.019215,1.396989,0
0.580842,-0.272009,1
-0.685853,-2.186097,0
0.973743,1.562033,1
-0.797134,0.648923,0
0.397693,-0.312853,1
0.824552,0.679353,0
-0.008793,-0.295338,1
-1.898561,0.270261,0
-0.776087,1.139157,1
-2.192996,-2.353279,0
0.796607,1.195954,1
-0.872313,0.558388,0
1.810072,0.467187,1
-0.054104,-1.840703,0
-0.721585,0.098861,1
-1.503148,-1.995767,0
0.886456,-0.575919,1
-0.314089,-2.191840,0
-0.038963,0.918584,1
-0.045117,-1.046515,0
-0.544688,1.796049,1
-2.502641,-1.521735,0
-0.595255,1.122694,1
-1.627638,-1.650912,0
-2.193866,1.296450,1
-0.131233,-0.352651,0
1.472723,1.152735,1
-1.172175,-1.504591,0
-0.224419,1.312523,1
-2.349907,-0.989213,0
0.579333,-0.535109,1
-0.206714,-1.815124,0
1.030675,2.447805,1
-1.778907,-1.455070,0
-0.066657,0.863355,1
-2.007481,-1.875264,0
0.713176,1.360408,1
-2.093241,-0.305485,0
1.126460,2.824579,1
-0.687440,-1.104254,0
1.409714,1.892782,1
-2.773316,-0.439141,0
0.232245,0.622309,1
0.858169,-1.445204,0
1.298542,-1.050502,1
-0.892726,0.071553,0
0.445289,1.681382,1
-3.294217,-1.665020,0
1.209190,-0.086276,1
-1.558892,-0.867989,0
0.172266,0.423346,1
0.247784,-1.981741,0
2.649847,0.901721,1
-0.763618,-0.797267,0
1.875644,2.180909,1
-1.117094,-2.025289,0
2.598237,-0.690825,1
0.380526,-0.711935,0
0.720480,0.776252,1
-1.978085,-0.571521,0
0.114666,-2.209647,1
-1.398906,-1.226725,0
-0.524467,-0.087647,1
0.248359,-2.050507,0
1.124529,0.856872,1
-1.608758,-0.470327,0
0.885957,-0.442175,1
-0.520772,-2.395819,0
0.260023,-0.724093,1
-2.738982,0.337372,0
0.730117,2.113690,1
-0.644812,-0.154457,0
1.093910,2.383184,1
0.183031,-0.821527,0
-0.408286,-0.359061,1
-1.045830,-0.089145,0
1.949135,2.280701,1
-0.542911,-1.949525,0
1.559877,-1.267229,1
-1.683374,-0.653376,0
0.091101,-0.957212,1
0.021211,-1.056468,0
2.106459,-0.218948,1
-0.801306,-0.883427,0
0.962395,0.437255,1
0.462804,-1.030859,0
2.115773,1.161154,1
-1.098528,-0.474883,0
-0.447256,1.941579,1
-0.454056,0.878423,0
-1.785862,-0.387065,1
-0.514161,0.078573,0
-1.003239,0.485955,1
-1.411915,-2.053543,0
1.031141,-1.261836,1
0.627501,-0.367365,0
1.469376,1.892640,1
-1.817214,-0.191662,0
1.794572,0.582646,1
-1.607389,-1.569638,0
-1.907700,0.871891,1
-1.188434,-2.630153,0
2.942646,1.692194,1
-2.258265,-0.887743,0
1.805006,-0.023128,1
-0.580054,-0.328710,0
0.957160,3.383296,1
-1.561980,-2.273611,0
1.535182,-0.323093,1
-0.763871,-2.320885,0
1.316211,-0.513173,1
-1.321441,-0.742330,0
0.771553,0.576463,1
0.225405,-0.765622,0
-0.345665,2.585773,1
0.992856,-0.050216,0
2.556603,0.854115,1
-0.209682,-2.469846,0
-0.733359,2.827141,1
-1.015068,-0.629590,0
0.726254,1.749640,1
-0.279522,-0.084952,0
0.265422,0.158387,1
-0.553977,-0.433482,0
-0.533133,1.867619,1
0.560444,-0.989580,0
0.093990,0.394199,1
-2.732976,-1.150750,0
-0.064869,1.704298,1
-1.117306,-2.371150,0
1.103694,0.937322,1
1.234901,-1.680870,0
2.836148,1.442985,1
1.354380,-1.639007,0
3.035093,2.624720,1
-0.365902,-0.614942,0
0.251718,1.837646,1
-2.106672,-0.879934,0
1.705421,0.699729,1
-0.982958,-4.266473,0
1.674510,0.954073,1
-1.705805,-1.297847,0
0.147324,1.508140,1
-0.786068,0.658597,0
1.328274,3.156226,1
-0.557118,-2.391182,0
2.062158,0.972901,1
-0.848983,-1.244550,0
0.823009,0.812011,1
-2.023412,-1.449024,0
0.412591,0.407246,1
-3.181954,0.329455,0
2.287672,-0.580186,1
-0.040757,-1.465629,0
1.696808,1.713324,1
0.366011,-0.432196,0
0.458865,-0.656081,1
0.209252,0.007887,0
1.190951,2.919312,1
-2.311628,-2.753716,0
1.273198,1.536991,1
0.465741,-2.236920,0
0.657712,0.096491,1
-0.155439,-1.004125,0
1.749653,2.397540,1
-2.003445,1.279183,0
-0.291291,-0.238655,1
-3.896008,-2.043327,0
1.702106,0.076952,1
-1.953743,-4.056770,0
-0.089745,2.301819,1
-3.461518,-2.963789,0
1.581711,-0.201256,1
-1.859151,0.274880,0
2.934484,0.434628,1
0.292391,-0.773077,0
0.765980,1.132071,1
-0.637412,-1.175796,0
0.547661,-0.047032,1
-1.509877,-1.200628,0
-0.336387,1.267623,1
-0.227922,-0.359294,0
0.585224,0.529311,1
-1.385644,-1.906918,0
0.654487,1.953837,1
-0.250534,-0.489334,0
0.725999,1.742040,1
-0.922286,1.108655,0
0.658456,0.738529,1
-1.323845,-1.197416,0
1.145995,1.880989,1
-0.357702,-2.042016,0
1.414506,0.622582,1
-0.383994,-1.243504,0
2.207446,0.883328,1
-2.357541,-1.719753,0
0.274633,2.041699,1
-0.540353,-3.894059,0
-0.133647,-0.026299,1
-2.175611,-0.007008,0
0.931749,1.525513,1
-0.475488,-1.170234,0
-0.294715,4.210665,1
-2.472309,-0.613251,0
1.818618,1.365939,1
1.564478,-0.899023,0
0.390064,0.461253,1
-1.001870,-1.153555,0
0.833717,0.801858,1
1.279858,0.013717,0
-0.151942,-0.184852,1
-0.217351,-0.463696,0
0.881352,2.409042,1
-3.238569,-1.374163,0
0.162765,-0.766497,1
-0.250903,1.136665,0
0.400198,0.242362,1
0.287010,-1.090174,0
2.978903,2.513019,1
-0.105734,0.258960,0
2.482953,0.677271,1
-0.721324,-1.860493,0
1.087247,0.928024,1
-0.285074,-1.586746,0
1.682199,3.068473,1
-3.700928,-1.306958,0
1.146942,1.925184,1
-0.144073,-1.284057,0
2.913724,1.793734,1
-0.997451,0.372260,0
-0.693854,2.303351,1
-0.488215,-1.516738,0
0.116970,1.041224,1
0.062482,-0.974735,0
0.113129,-0.896729,1
-1.895065,-1.037411,0
1.026662,-0.668395,1
-0.121768,-0.659422,0
3.693648,1.945176,1
-0.336575,0.667699,0
0.814363,3.312814,1
-1.173042,-0.592173,0
1.897878,2.124835,1
-1.438354,1.195923,0
1.880910,1.015153,1
-2.366029,-1.545790,0
1.088538,-1.001552,1
-0.964744,-1.144374,0
1.502426,1.222231,1
-0.855519,-0.826354,0
2.341312,1.147581,1
-3.313796,-1.587674,0
0.735765,2.700351,1
-0.633020,-1.316621,0
0.185172,1.049633,1
-0.049171,-2.767222,0
-0.042990,2.980224,1
1.004708,-2.642578,0
1.241402,1.394082,1
-0.349544,-1.665362,0
1.168408,0.365220,1
-0.569114,-0.408633,0
0.878683,0.917591,1
0.181486,-1.838253,0
1.887970,2.134180,1
-1.628047,-2.064101,0
1.623734,0.958481,1
0.225980,-2.473925,0
0.218927,1.959587,1
-1.205102,-2.138027,0
2.937267,-0.873393,1
-1.998729,-0.927602,0
0.015286,2.392165,1
-1.405941,-2.106061,0
-0.002702,-0.312572,1
-1.383031,-0.828552,0
0.315711,-0.423091,1
0.233755,-1.594266,0
0.058468,0.739344,1
-1.531620,-0.107273,0
0.178813,-0.322461,1
-1.386206,-1.571965,0
0.626945,1.264178,1
-0.529195,-2.048880,0
1.522563,1.038584,1
-2.449791,-1.019103,0
0.917518,-0.022854,1
-0.390862,-0.628065,0
0.496134,2.494106,1
0.130090,0.568293,0
-0.101902,1.202481,1
-2.913998,-2.065402,0
0.535572,3.375135,1
-2.436971,-0.803115,0
1.188158,1.580003,1
-1.696755,-3.583652,0
0.067532,4.100343,1
-1.878248,-0.903730,0
0.349777,1.921220,1
-0.030321,-0.787410,0
0.934849,0.642456,1
-2.122141,-1.244563,0
3.029591,1.351018,1
1.298167,-1.275449,0
0.914047,2.536729,1
-1.407218,0.783412,0
1.755267,2.552680,1
-3.149593,-0.179436,0
1.738710,1.222669,1
-2.506386,0.620640,0
2.655741,2.717933,1
-0.130017,-1.628422,0
2.805013,2.278750,1
-1.105289,-0.121072,0
1.483882,1.147042,1
-0.297792,-1.867924,0
2.915458,1.780583,1
-1.106418,-1.979118,0
3.479409,0.778441,1
-0.934404,-1.102990,0
1.140261,2.413683,1
-0.408109,-0.755108,0
1.155955,1.364839,1
0.494929,-1.716487,0
2.085863,-0.918749,1
0.532666,1.970488,0
0.262239,0.118905,1
-0.412706,0.217468,0
2.320747,1.943950,1
-1.215763,-1.530240,0
1.352408,3.619534,1
1.010346,-0.934036,0
0.769101,2.891427,1
-2.171357,-0.861730,0
2.821012,0.126418,1
-2.301961,-1.266803,0
2.200849,1.925406,1
-0.961447,-1.295786,0
0.974508,1.466453,1
-1.363883,-0.997143,0
0.737862,-0.493845,1
-1.827916,-2.440035,0
2.554161,-2.101206,1
-0.681310,-0.763353,0
2.152165,2.378164,1
0.012994,-3.440993,0
0.498099,1.113006,1
-2.362919,-0.972730,0
1.014328,2.206034,1
-1.466808,0.102847,0
1.520817,-0.022305,1
-0.531816,-1.026139,0
2.053932,0.868091,1
-3.544704,-0.725094,0
-0.945954,0.144565,1
-3.554897,-0.977963,0
-1.061748,2.032479,1
-1.957505,-0.724546,0
1.811409,1.811955,1
-2.340592,-2.785951,0
0.835292,1.514163,1
-1.298948,-1.855365,0
0.153112,1.341060,1
-2.189704,-1.931017,0
1.935847,0.312154,1
-1.512644,0.090110,0
-0.290432,1.056708,1
-0.940084,-1.837382,0
1.628924,1.981550,1
-2.665349,-1.528996,0
0.782901,1.943250,1
-1.982101,-0.628008,0
2.981559,3.204292,1
-0.120141,-1.033304,0
0.613452,-1.483502,1
-1.843851,-2.281931,0
-0.315810,1.596787,1
-2.338064,0.071830,0
0.878705,0.402744,1
0.330858,1.455926,0
1.452693,2.141065,1
-0.755323,-1.410018,0
-0.185814,1.878871,1
-0.028390,-0.767314,0
1.049793,0.779613,1
0.375303,-1.008574,0
1.011240,0.721998,1
-0.267604,-0.911238,0
2.266262,-0.619210,1
-0.612419,-1.730014,0
1.229170,0.794983,1
-1.492214,-0.971246,0
0.839588,2.612370,1
-0.157104,-1.593510,0
0.129966,0.270820,1
-2.100614,-1.717097,0
0.616628,-1.305777,1
-1.919623,-1.286763,0
0.806452,0.403171,1
-0.317932,-1.486316,0
1.826143,-0.592771,1
-0.298373,0.172784,0
2.721366,-0.768764,1
-1.384668,-1.794343,0
1.156028,2.092020,1
-0.818944,-2.311076,0
1.781137,1.386309,1
0.873940,-2.882096,0
0.729376,2.352553,1
-1.851964,-1.961249,0
2.558509,2.474925,1
-2.055531,-1.465016,0
1.352252,1.222837,1
-0.117904,0.101766,0
1.242873,2.152179,1
-0.250045,-2.082304,0
1.892597,2.541980,1
-2.115217,-3.454651,0
2.427498,1.082476,1
-1.861337,-1.796736,0
0.612309,1.755939,1
-1.129616,-3.246861,0
0.706090,1.278842,1
-1.761073,0.170585,0
-0.089807,0.455063,1
0.990929,-0.327457,0
0.956162,1.111266,1
-1.257987,-2.953771,0
2.444197,2.711059,1
-1.025860,-3.147235,0
1.899634,1.250935,1
-0.522383,-2.320232,0
1.092186,0.797808,1
-1.872764,-1.409804,0
1.148467,0.479486,1
-2.523180,-1.791503,0
2.099480,-0.101663,1
-0.582330,-1.335351,0
-0.093601,1.095109,1
0.033699,-1.517784,0
1.530552,1.964134,1
-0.442682,-1.742470,0
0.388171,1.810150,1
-1.221837,-2.617401,0
-0.155395,-0.780362,1
-2.349360,-2.560775,0
0.782105,1.958161,1
-0.511143,-2.477495,0
1.758770,1.353396,1
-0.419965,2.142784,0
1.689358,0.784243,1
-0.417264,0.003562,0
0.250165,-0.379772,1
-2.814953,-0.943100,0
1.211684,-0.334020,1
-0.992862,-1.767056,0
-0.524517,0.760071,1
-3.379274,-1.077394,0
-0.702647,1.214708,1
-2.055755,-1.121830,0
-0.329933,2.611744,1
-0.503478,-0.441204,0
2.194077,1.174532,1
-0.124992,0.225056,0
1.257631,2.007040,1
-1.468375,-0.636382,0
1.009267,1.061231,1
-1.806946,-1.897770,0
-0.366700,0.707479,1
-1.568309,-0.751715,0
0.423798,1.245450,1
-0.084771,-0.993749,0
2.247424,1.842093,1
-0.121029,-1.968796,0
1.492255,-1.360676,1
-0.830968,-1.308417,0
3.540208,3.534035,1
0.151190,-2.606425,0
1.547202,0.632873,1
-0.884302,-1.045365,0
-0.364131,1.078514,1
-2.345232,-1.216843,0
0.680974,-0.140629,1
-2.534100,-0.257575,0
-2.475121,0.994541,1
-1.002219,-1.767788,0
1.530540,3.095213,1
-0.572121,-0.582588,0
-0.000411,0.043191,1
-0.752010,0.267982,0
-0.929004,1.114038,1
-1.956670,0.201874,0
-0.767470,-0.915064,1
-3.201421,-0.985696,0
2.516714,-0.008716,1
-1.813655,-0.957872,0
1.491694,1.044994,1
-0.389137,-0.750393,0
2.910326,0.831950,1
0.185849,-2.925251,0
1.623936,1.002199,1
-1.125316,-0.951519,0
0.806055,0.143980,1
-1.804582,-4.341136,0
0.754466,0.617545,1
-1.908537,1.541574,0
1.539559,1.136653,1
-0.212510,-2.217415,0
-2.244384,2.414006,1
-1.521589,-0.357142,0
-0.920832,-0.582483,1
-1.053073,-1.839616,0
-0.119158,-0.158509,1
-3.084044,0.411478,0
0.614895,0.539643,1
-0.132055,-0.795132,0
1.693671,0.425867,1
-1.092526,-1.539670,0
1.850014,0.620736,1
-0.542447,-0.272465,0
2.088976,-0.845422,1
-1.640279,-0.037052,0
1.953032,1.387170,1
-0.443464,-0.132964,0
2.296574,1.198351,1
-1.112159,0.054475,0
1.870833,1.434733,1
-0.574587,-0.334814,0
-0.464159,0.552792,1
-1.637565,-2.115296,0
2.398719,0.137032,1
0.137942,-2.545527,0
-0.155673,1.219525,1
-2.123565,0.056613,0
1.129322,2.891551,1
-2.432184,-0.648797,0
-1.415521,1.040445,1
0.494666,-0.677046,0
1.784855,1.167219,1
-0.485531,-1.434295,0
0.279081,-0.728220,1
-2.156334,0.395308,0
2.623321,0.949964,1
-0.093361,0.099716,0
2.440676,1.799132,1
-1.568228,-2.367640,0
2.256033,-0.120722,1
-1.192288,-0.033225,0
1.326958,1.997830,1
-3.617922,-1.282024,0
1.269118,0.406310,1
0.958237,-0.772682,0
-0.826395,1.919973,1
0.156598,-0.474267,0
-1.411203,1.520898,1
-2.196352,-1.701557,0
-1.330473,1.588172,1
-2.348650,-0.477836,0
1.263034,-0.289881,1
-0.792611,-1.477407,0
0.109874,2.486437,1
-3.640596,-0.912044,0
2.819648,2.480365,1
-1.221532,-0.690556,0
0.254004,-0.675450,1
-1.727372,0.867617,0
1.201684,3.344398,1
-2.513652,-2.795376,0
2.224205,2.490361,1
-0.546379,-2.151586,0
0.828452,2.304903,1
-1.253824,0.177736,0
0.791433,-0.538571,1
-2.131744,-0.147395,0
0.854320,1.054829,1
-1.317781,-1.194777,0
-0.039611,-0.293138,1
-2.993569,-1.416388,0
-0.425346,1.681864,1
-1.510903,-0.075839,0
1.904999,1.531399,1
0.145255,-1.825521,0
0.256647,0.109984,1
-0.195107,0.194764,0
1.975140,0.667974,1
0.384699,-1.412787,0
2.928705,-0.453282,1
-1.133535,-2.372302,0
2.609403,1.152698,1
-1.714438,1.033933,0
4.115777,0.092406,1
-2.593217,-0.163003,0
0.541700,0.343701,1
1.302725,0.425376,0
3.446140,1.366226,1
-0.183166,-0.416422,0
-0.685766,2.413732,1
1.540297,-1.616068,0
1.034854,0.481007,1
-1.494808,-0.204654,0
2.286478,-0.415453,1
-1.483701,-1.290667,0
-0.060471,-0.487405,1
-1.841578,-0.442977,0
-0.340573,1.303138,1
-1.075297,-1.332652,0
-0.054636,1.035420,1
-2.379688,-0.159729,0
-0.093305,1.626967,1
-1.039044,-1.084922,0
1.144631,-0.120223,1
-1.109325,-0.065070,0
1.576532,2.090073,1
-1.731721,-2.839729,0
-1.876770,0.672828,1
-1.566746,1.187020,0
2.994360,0.381653,1
-2.093219,0.494143,0
0.609908,0.248697,1
-2.054200,-0.992449,0
0.560772,1.735980,1
-1.933552,-0.941877,0
3.240718,0.734155,1
0.898410,-0.658798,0
-0.827580,-0.010471,1
-0.523148,0.385391,0
2.403574,3.220984,1
-0.564838,0.553244,0
0.596600,1.965976,1
-3.542940,-1.691621,0
0.472564,0.738074,1
-0.967591,-2.552862,0
0.595176,0.244996,1
-3.031775,0.277353,0
-0.444844,0.603513,1
-0.348149,-1.802110,0
1.718840,-0.025716,1
-0.908385,-2.269651,0
1.548629,0.760397,1
-1.924973,-1.775701,0
2.895983,0.820548,1
-1.148183,-2.269078,0
-0.485910,1.658014,1
-2.051382,-1.348670,0
2.354071,0.563569,1
-2.180017,-0.725463,0
1.397500,1.121202,1
1.186102,-0.332413,0
2.189001,1.317452,1
-1.998146,1.082063,0
1.953920,-0.561506,1
-2.206748,-2.415132,0
-0.310673,0.806407,1
-1.563081,0.322197,0
-1.107767,2.039377,1
-0.091320,-1.398910,0
-1.044044,1.666204,1
-2.646179,-0.575886,0
1.502607,1.817282,1
-2.853506,-0.347405,0
0.855298,-0.582838,1
-0.965175,-0.701751,0
0.696666,0.724146,1
-0.548357,-1.966901,0
1.310686,1.965521,1
1.585904,-0.458102,0
0.717044,-0.309444,1
-2.298203,-0.062239,0
1.121311,2.016802,1
-1.902256,0.033885,0
0.072861,0.089364,1
2.654596,-2.367826,0
-0.853985,0.203888,1
-1.259178,0.688811,0
1.793299,1.865564,1
-0.685502,-0.200283,0
1.349975,-0.778523,1
-2.067312,0.144868,0
-0.997234,-0.486819,1
1.500338,-1.571531,0
0.323538,1.277297,1
0.133532,-1.132251,0
0.108922,1.002437,1
-2.512485,1.101885,0
-0.672748,0.478892,1
-0.083308,-0.358483,0
1.985626,2.104379,1
-0.655604,-1.278017,0
2.062828,1.223163,1
-2.687260,0.549133,0
1.224549,0.655240,1
-2.624039,-0.076995,0
2.153813,-0.788081,1
-3.386819,-0.772089,0
1.033139,-0.005420,1
0.992507,-0.021524,0
1.399368,1.091476,1
-0.739919,-0.662195,0
0.158377,1.246243,1
0.896192,-0.039518,0
0.757159,-1.542137,1
-1.109398,0.093405,0
1.106098,-0.222189,1
-1.304807,-0.867799,0
-0.233537,1.976053,1
-2.943017,0.178134,0
-0.080237,0.754578,1
-2.834456,0.108209,0
0.354608,-0.094784,1
0.234784,-0.915531,0
0.000981,1.944272,1
-0.770659,-0.572642,0
0.875503,1.831648,1
-1.170586,-0.849561,0
0.791880,1.607147,1
-1.773663,-0.714571,0
0.016889,2.517250,1
-2.802973,-0.573865,0
1.515982,0.917996,1
-0.744962,-1.239377,0
2.139126,0.479372,1
-1.542292,-0.486126,0
-0.141327,2.141695,1
-0.338521,-1.267141,0
1.179487,1.375038,1
-1.519885,-3.247622,0
-0.039211,-0.103695,1
-1.508614,1.026202,0
1.384202,-0.286427,1
-1.686512,-0.557333,0
-0.610076,-0.121236,1
0.251473,-1.281773,0
0.997354,-0.849954,1
-2.643921,-1.017961,0
2.083457,2.953329,1
-1.767493,0.454938,0
1.753700,1.638849,1
0.496083,1.122264,0
0.196605,1.383815,1
-2.063822,-1.034653,0
2.057269,-0.148939,1
0.015826,0.555942,0
2.275723,2.111171,1
-0.975616,-1.966059,0
1.340755,1.682134,1
-2.499127,-0.707899,0
1.664940,2.894486,1
-0.073367,-0.430697,0
0.391852,0.573943,1
0.147044,0.816261,0
0.534072,1.679465,1
-3.147968,-0.743319,0
1.169386,-0.266523,1
-1.294129,-1.225718,0
1.543305,-0.521380,1
-0.065207,-0.016623,0
0.691272,2.755259,1
-2.366228,-0.620365,0
0.645508,0.179161,1
-0.714888,0.502029,0
1.896878,0.133165,1
2.130074,-1.506205,0
1.693572,1.375013,1
0.531338,-2.785298,0
3.080061,0.612213,1
-1.771280,-0.592821,0
-0.749286,2.482342,1
-0.298928,-0.950931,0
1.544849,1.229469,1
0.325473,-1.428601,0
2.625807,1.774440,1
-1.393152,0.524253,0
1.977911,1.339003,1
-1.853955,-0.998526,0
0.344794,0.446486,1
-0.803146,-0.956061,0
0.538833,0.638566,1
-1.061347,0.698204,0
0.789900,1.520053,1
-2.864461,-2.203826,0
-0.849393,0.708251,1
-1.049854,-1.727012,0
1.694558,1.796866,1
-1.457703,-2.843455,0
0.533401,0.304574,1
-2.742925,-1.055343,0
0.445827,1.047827,1
-1.919132,-1.981642,0
2.616685,2.394321,1
-1.551742,-0.859928,0
0.593845,-0.159966,1
0.352917,-1.129736,0
1.238190,1.699143,1
-0.662235,-1.128705,0
0.922983,-0.740903,1
-1.097376,0.433758,0
0.417614,0.133421,1
-0.156885,-2.204641,0
-0.149618,-1.193057,1
-2.162415,-0.710717,0
2.168193,1.109672,1
1.021409,0.782127,0
1.303931,1.747239,1
-2.001673,-1.626016,0
1.309165,-0.903604,1
0.143624,-3.822201,0
-1.070830,1.285982,1
-0.116814,0.255285,0
0.655832,1.152029,1
-1.584640,-0.520788,0
1.450570,0.848886,1
-0.147082,1.083067,0
0.267186,2.007177,1
-1.366239,-2.066134,0
1.734276,1.605378,1
-0.735952,-2.669058,0
0.821466,2.374343,1
