1.252473,-3.284739,0
1.761388,0.564965,1
0.950202,-2.396131,0
0.373690,1.291030,1
-0.677967,-2.231158,0
0.928619,0.108636,1
-0.670903,-1.829024,0
0.780916,-0.479886,1
-1.690609,-0.853305,0
1.278195,0.039054,1
-1.106532,-0.727221,0
0.295114,-2.127457,1
0.924134,-1.815249,0
0.961843,0.514487,1
-1.112120,-1.621432,0
2.398720,-0.472366,1
-0.539389,-0.573901,0
0.812396,-0.063258,1
-1.926781,-1.973389,0
0.006331,0.765827,1
-1.231820,-2.346078,0
1.929171,2.465473,1
-1.726589,-2.341710,0
2.462897,0.092089,1
-2.830942,-1.007442,0
1.937586,2.888513,1
-0.795652,0.788921,0
1.543421,0.391575,1
1.568982,0.129232,0
1.276067,1.180880,1
-3.428423,0.285801,0
2.276056,1.333528,1
-0.058373,-0.043170,0
0.321484,2.043941,1
-1.575750,-0.685399,0
-0.532280,1.096730,1
-0.294448,1.907867,0
0.434895,1.931027,1
-0.138958,-0.984091,0
1.171803,-0.926589,1
-1.458740,-0.975697,0
0.038264,1.677253,1
-0.538216,-2.341908,0
2.073241,1.536906,1
-0.928415,0.381224,0
1.920122,0.514804,1
-1.902583,-1.446721,0
0.910758,0.382376,1
-0.966025,-0.941976,0
1.836287,-1.615201,1
-0.906497,-0.970359,0
0.233191,1.240483,1
-1.985023,-0.328029,0
1.542846,0.913009,1
-0.888315,1.188797,0
1.534461,2.387964,1
-1.246715,-0.367245,0
0.430746,1.458353,1
1.137251,-1.082648,0
1.802488,1.501282,1
-0.633596,-0.960402,0
0.680078,0.756050,1
-1.645435,-0.854270,0
-0.107850,-0.698838,1
-0.073339,-0.249694,0
2.425215,0.903717,1
-0.181973,0.776599,0
1.030289,0.710033,1
-3.132383,0.314788,0
1.718693,-0.141441,1
-2.748406,-1.232928,0
0.360754,1.494996,1
-1.690749,-1.746894,0
1.108504,0.049674,1
-0.828959,-1.774010,0
1.982133,-0.127816,1
-0.541331,-0.985082,0
2.036282,1.847958,1
-1.623273,-0.728131,0
0.068173,1.076949,1
-0.852848,-2.012414,0
0.526642,0.533434,1
-1.770490,-0.341683,0
1.427653,1.016905,1
-2.110736,-2.635562,0
1.851064,2.589015,1
-0.773459,0.136000,0
1.016272,0.281225,1
-0.949336,-2.586037,0
-0.106424,0.830403,1
-2.099741,-1.371848,0
1.854846,0.829851,1
-0.930869,-0.493661,0
2.408367,-0.227363,1
0.069998,-2.639574,0
0.338310,2.814651,1
-0.158748,-0.345959,0
1.203580,1.801034,1
-2.060499,-1.244953,0
1.195557,-0.702011,1
0.338200,-0.288523,0
-0.238858,1.001244,1
-2.471551,-0.664345,0
1.535821,2.763284,1
0.091637,-0.097197,0
1.264291,1.689669,1
-1.925122,0.525455,0
1.940085,0.745358,1
-3.675322,-1.577587,0
1.248240,0.405453,1
-0.415257,-1.260273,0
-0.534341,0.649170,1
-1.549186,-0.914505,0
-2.612588,-0.185666,1
-0.096775,-1.847108,0
1.253883,0.183087,1
-1.223842,1.139539,0
0.839166,0.534533,1
-1.736891,0.612132,0
0.830386,0.251220,1
-2.813931,-1.480983,0
2.172035,2.911921,1
-1.017758,-1.697696,0
3.316607,1.697951,1
-0.440675,-2.055552,0
2.894634,0.443528,1
-1.603405,-1.038706,0
-0.192108,2.493016,1
0.195014,0.060661,0
1.162627,1.222706,1
1.132474,0.948168,0
-1.835816,1.132207,1
-1.039147,0.519059,0
-0.297137,1.457611,1
-0.966514,-1.699166,0
1.423113,0.056847,1
-1.604946,-0.711080,0
0.501643,1.740479,1
-0.879777,-1.162714,0
1.802414,1.150949,1
-1.496639,1.162248,0
2.783931,0.531811,1
-1.372080,-1.361172,0
0.794689,1.215833,1
-2.815340,-1.947547,0
1.062063,-0.061050,1
-1.707652,-0.876000,0
2.058440,1.182086,1
-1.557038,0.938855,0
2.369311,1.416079,1
-0.032705,-0.676056,0
1.518136,3.373652,1
-0.937194,-1.487114,0
2.430945,0.642875,1
-2.293428,-1.582551,0
0.919554,0.836450,1
-0.137568,-0.246248,0
1.278080,-0.222108,1
-0.972902,-0.655590,0
2.223349,-0.313953,1
-4.127871,-0.021946,0
0.641908,0.323542,1
-1.478292,0.026876,0
1.927283,0.375162,1
-0.924135,-2.593130,0
-1.299442,1.330709,1
-0.268442,-1.529549,0
1.371461,1.060655,1
0.084776,-0.335088,0
0.258094,2.785693,1
-0.946101,-2.006361,0
0.455070,1.472616,1
0.835050,0.376070,0
0.775638,1.452348,1
-0.655285,-0.328459,0
0.287433,-1.064278,1
0.191473,0.549378,0
2.261142,1.033918,1
-2.240776,-2.722198,0
3.008612,1.191594,1
-0.919964,-3.223633,0
2.202709,1.605229,1
-0.274073,-2.200772,0
1.887417,2.809257,1
-2.060579,0.171932,0
1.649686,2.331275,1
-0.152325,-0.342345,0
0.879622,0.475993,1
-0.932979,0.246902,0
0.150411,-0.976244,1
-2.117570,-1.579795,0
-0.026194,0.755853,1
-1.995301,-1.700389,0
1.027011,0.274126,1
-1.278960,-0.465786,0
-0.089395,0.619037,1
-0.594639,-1.758677,0
0.972705,1.113926,1
-1.192395,1.061158,0
-0.203814,2.532098,1
0.234787,-0.627857,0
1.499673,0.854428,1
-0.121280,0.503497,0
1.466143,2.346870,1
-1.121849,-3.436054,0
0.500694,3.002965,1
-0.234315,-0.918132,0
0.525354,-0.693790,1
-2.013738,-0.361640,0
0.169572,2.844102,1
-0.230998,-0.837650,0
0.263700,0.287909,1
0.294989,-0.628585,0
-0.636216,0.585960,1
0.018421,0.031629,0
0.611764,1.847065,1
-0.688313,0.098417,0
0.019453,-0.403145,1
-0.750957,-2.133687,0
-0.392802,1.327188,1
-2.436754,-0.015030,0
-0.265264,2.203068,1
-0.281707,-1.266090,0
-1.418762,3.308549,1
-2.039795,-1.854455,0
2.325388,1.446500,1
-0.667599,1.282273,0
1.248705,2.056666,1
-0.771116,-2.133193,0
-0.172109,1.769507,1
-1.086131,-0.033469,0
1.109069,0.199106,1
1.699628,0.703418,0
2.465994,1.618494,1
0.211866,0.121905,0
2.099885,0.854369,1
0.436213,-0.336035,0
2.129462,1.365942,1
-0.994931,-0.717943,0
1.304084,1.355219,1
-0.000652,-1.664808,0
1.578901,1.954564,1
-1.232687,0.158916,0
2.080862,0.793118,1
-2.677517,-1.154104,0
0.057716,-0.797880,1
-1.162459,1.124916,0
0.568973,1.344031,1
0.642294,-0.295672,0
1.400566,0.180531,1
-2.236146,-2.694517,0
1.192960,2.781650,1
-0.880598,-0.985570,0
1.401306,1.261403,1
-0.328643,0.296015,0
0.324189,1.089253,1
-1.483979,-0.420490,0
0.940050,0.635535,1
-1.767642,-1.053934,0
-0.522022,1.521929,1
-1.461037,-2.197994,0
1.153364,1.146297,1
-0.684197,-2.516603,0
1.903576,2.428309,1
-2.158359,-0.498064,0
1.670452,2.185278,1
-1.720252,-1.014410,0
1.718378,1.260499,1
-0.645893,0.254843,0
2.469100,0.747353,1
-1.165356,-1.516083,0
2.121164,0.576408,1
-1.884823,-1.789289,0
-0.003019,0.987862,1
-1.661001,-3.028627,0
1.250875,1.655790,1
-1.664096,0.182249,0
1.981333,1.191922,1
-2.925903,-1.412380,0
1.394911,0.464828,1
-2.307152,0.021621,0
1.414206,0.208929,1
1.223560,-0.955225,0
-0.842155,2.378869,1
0.062051,-0.717279,0
0.549851,1.725633,1
-0.831153,-1.143482,0
-1.375846,1.324427,1
-3.264305,-1.532135,0
1.727663,1.431088,1
-2.585069,-0.426029,0
1.218277,0.176039,1
-0.577428,-0.188457,0
1.028018,1.359485,1
-0.085068,-1.644173,0
-0.390574,1.098887,1
0.010315,0.211282,0
1.378196,2.557909,1
-1.361880,-0.534906,0
-0.619794,0.888926,1
