1.316595,-0.879566,-0.096000,0.365264,0.644188,0
-0.695233,1.389894,-0.551725,0.123674,-0.892630,1
2.798803,0.164899,0.811982,1.350816,0.394292,0
-0.838666,-1.710114,0.079479,-0.302254,0.203351,1
1.814611,0.675306,0.293405,1.035541,1.371542,0
-0.437413,0.343204,-1.613903,1.144664,0.545664,1
1.695557,-0.693303,-0.604663,0.779684,0.139240,0
-1.210442,0.516868,-1.077324,-0.187141,-0.182538,1
0.986748,1.088895,-0.916479,0.635026,-1.238220,0
-1.604883,-1.764405,0.191598,-0.143548,-1.279969,1
-0.839878,0.860344,-0.786491,-0.158400,-1.631284,0
0.173125,1.210683,-0.050020,0.567670,-0.123842,1
0.450891,-1.008978,1.847395,-0.806582,0.634400,0
-0.980128,-0.857198,0.602975,0.507046,0.593156,1
2.406586,0.787966,0.251868,-0.353112,-1.185529,0
-0.947302,0.278726,1.175894,-1.220830,0.439926,1
1.836622,0.715829,-1.241107,-0.718488,1.084917,0
-2.463979,0.320160,-1.012678,0.888761,-1.833707,1
-0.115345,1.537969,-0.045589,-1.034141,-0.434431,0
-1.161543,1.582466,1.752644,1.266328,-0.912840,1
-1.233376,1.287595,-0.584558,-0.619138,0.285954,0
-0.915480,0.677158,1.255540,0.050415,0.277309,1
2.064756,2.240786,0.444189,-1.793257,0.443933,0
-1.044799,-0.395799,1.543634,0.047929,0.489841,1
1.979030,0.617653,0.741537,-1.357494,0.512944,0
-1.763659,0.839420,0.857012,-0.118886,-1.549814,1
-0.084683,0.590922,1.384029,0.405221,-1.302454,0
-2.350274,1.590036,-0.574793,0.154018,0.910817,1
0.048800,0.810881,-0.112494,0.453147,-1.095133,0
-2.504325,-0.612523,-0.092038,-0.198829,-0.196704,1
2.603155,-0.651627,-0.002141,-0.272539,1.316565,0
-0.087004,-1.316645,-0.181659,0.182349,0.544218,1
0.673693,-0.496786,0.512113,2.617430,-0.463725,0
-1.734700,-0.850532,-0.062794,1.020670,1.527037,1
1.273051,0.386687,1.087885,-0.628582,-1.534741,0
-1.851666,-0.660052,1.216588,0.375691,0.809341,1
2.003362,-0.229116,-1.456293,-0.095004,-0.600449,0
-2.046419,-0.119753,-0.558591,0.617354,0.789853,1
1.170164,-1.050124,0.193581,0.294492,-0.748512,0
-0.143493,0.422935,-1.339192,0.248160,-0.450871,1
0.623874,2.079160,-0.952651,0.259197,0.564337,0
1.229102,2.116602,-1.174546,-0.804181,-1.104261,1
1.080947,0.476937,-1.147619,0.926496,1.876369,0
0.342361,-0.168715,-1.374876,0.488600,0.782897,1
1.020551,0.582853,-1.233651,-0.707185,-0.727534,0
-1.720479,-0.457606,-0.671597,1.383465,-1.103358,1
1.915724,-2.401345,-0.649371,0.600831,-1.020715,0
-1.177959,0.437058,-0.247407,-2.018034,-0.245817,1
2.648388,0.904792,-1.184468,0.615823,-0.109425,0
-2.349647,0.852525,1.135744,0.968509,-1.377728,1
2.889255,0.322010,1.344368,-0.483147,0.191597,0
-1.716137,1.068744,2.360586,-0.567903,-0.772515,1
1.092309,0.327909,-0.711258,-1.527877,-0.687176,0
-1.119377,0.010056,-0.775166,-0.335856,-0.587645,1
0.795645,0.424483,-0.125333,-0.337765,-0.139292,0
0.164460,1.005077,-0.190228,0.213223,-1.433064,1
2.978080,-0.105478,-0.397481,0.642720,0.073340,0
-0.947053,2.825994,0.023746,-1.808954,-0.866467,1
-0.252242,0.944274,0.132726,0.036056,0.348603,0
0.079111,-0.569275,1.230239,-1.242436,0.685745,1
1.141952,-1.736105,0.471223,0.810581,2.008490,0
1.552934,-0.080405,-0.193397,-0.689775,-0.902213,1
3.022757,-0.763279,-0.082453,-1.142560,-0.660016,0
-0.614886,0.014386,-0.266750,-0.983968,-0.249857,1
-0.243606,-0.537742,-0.999572,2.082109,0.398910,0
-1.019772,0.081495,0.271154,1.134158,-0.081801,1
1.312915,-1.790497,-1.247137,-1.368818,-0.600036,0
-1.686000,-0.131313,-0.161763,0.178807,2.496326,1
2.683158,0.195676,-0.455566,1.493263,-0.882756,0
-1.369776,0.464447,0.081992,0.088856,0.599925,1
2.946880,0.173504,1.395706,0.310410,-1.285194,0
-1.100779,-0.598645,1.099121,0.773288,1.967958,1
2.445855,0.860109,0.066057,-0.259374,1.449197,0
-0.814464,-1.693817,-0.356594,0.743357,0.884710,1
0.885769,1.319718,-0.605408,1.028176,-0.430460,0
-1.440076,0.135474,0.078012,-0.250546,0.986367,1
-0.068615,0.663900,-1.561959,-0.067662,-1.208093,0
-1.104293,1.667221,1.284412,0.289465,-1.290980,1
0.560758,-1.234690,0.591022,1.314674,-1.467493,0
-1.380760,-2.046981,1.984995,1.262880,-2.452899,1
1.173256,-0.570430,-1.828874,0.370669,-1.130700,0
-1.020701,-1.610426,-1.891974,-0.763311,1.170097,1
1.672047,-0.250754,-0.758487,1.510344,1.914467,0
-0.132925,0.408850,2.253271,-1.009414,1.007123,1
0.683931,-1.342599,0.611692,0.691485,0.098300,0
-1.486030,-1.696310,0.081347,1.527348,0.916143,1
0.043253,-0.245054,-0.711201,0.479724,0.234977,0
-1.556748,-0.940539,-0.097096,-0.752597,-2.375809,1
2.262480,-0.934258,0.444304,-0.410240,-0.233713,0
-1.391304,-0.225854,0.931471,0.420728,0.022695,1
2.253892,0.553157,2.135201,-0.897679,-1.130315,0
-1.548268,-0.589958,0.273715,0.428774,0.809725,1
1.054151,-1.157920,0.396386,1.293666,-0.674693,0
-0.522564,1.126863,-1.041897,-2.486307,2.016262,1
1.561194,0.136930,-0.776397,-0.362871,0.284270,0
0.269897,-0.451423,0.031123,1.466203,0.935945,1
0.835481,0.154685,-1.564250,-0.193864,1.348353,0
0.187381,-1.048044,-0.546652,-0.398774,-2.748830,1
0.925522,0.030571,1.210470,0.956953,-1.185430,0
-0.969771,-1.523688,0.990209,-0.744714,0.803755,1
0.270106,0.262948,-0.195774,1.207508,-1.212987,0
-1.608119,0.681757,1.377192,-0.823684,0.955006,1
-0.379491,0.612971,-1.231793,-0.213657,-0.135031,0
-2.392857,1.041557,0.168361,-2.530962,0.787549,1
1.071116,-1.160405,-0.583045,0.389037,-1.214028,0
-1.023652,-0.927131,-0.426079,2.454125,0.144802,1
1.211120,0.614167,0.177432,-0.989766,-0.200562,0
-1.152703,1.333107,0.944553,0.762467,-0.522004,1
2.723991,1.159041,-0.558544,0.094738,-0.632779,0
0.973451,-0.630714,-1.118680,-0.431905,0.427518,1
1.681355,0.007902,0.864408,-0.696579,-0.593471,0
0.290702,-0.165695,0.211228,-0.092345,-0.387776,1
0.486781,-0.756861,-1.248321,0.192790,0.502079,0
-0.891875,0.496758,0.524918,-0.043608,-1.556919,1
1.848579,0.523449,-1.605705,0.506509,-0.823357,0
-1.264858,0.069045,0.784532,0.743291,0.550003,1
1.605469,-0.959417,-0.641257,1.536277,0.046096,0
-0.536790,0.318653,0.044002,0.397561,0.927975,1
0.765934,-1.471837,-0.962078,-1.808040,-0.310079,0
-0.882640,-1.018815,2.103634,-2.728143,-0.853052,1
2.433482,0.897651,-0.309961,-0.329076,-1.537258,0
0.590961,-1.229868,-0.176583,1.123729,-0.376093,1
0.679142,-0.527600,-1.194499,0.370862,1.953874,0
-0.451165,0.311055,-0.176651,-1.430017,0.648226,1
1.604898,-0.006813,-1.379162,0.844274,0.144147,0
-1.459973,0.688689,-1.263513,0.006276,0.209132,1
0.576613,0.215643,0.423281,1.341563,-1.441115,0
-0.631204,-1.165791,-0.957985,-1.365022,-0.162265,1
1.455606,-0.811086,0.724227,0.593295,0.531495,0
-1.687446,1.471823,-0.368449,-0.504687,1.464965,1
1.438129,1.114145,1.013401,0.471995,0.703472,0
-0.304492,1.690104,0.672714,-0.738781,0.116951,1
0.145609,-0.766538,0.431958,-0.392226,0.221055,0
-1.567986,-1.443755,-0.039869,0.766458,2.153290,1
0.826569,-0.304185,-1.653673,-0.493657,-0.137400,0
0.722810,0.543140,-1.575387,0.062237,0.315249,1
1.148137,0.893918,1.700731,-0.788338,-0.164108,0
-1.855521,0.068408,-1.204726,-0.730786,0.488228,1
-0.010821,0.249037,-0.689655,-0.504864,-1.339909,0
0.972045,-0.268469,0.826085,-1.296631,-0.214892,1
2.304966,0.339319,-0.580733,-0.101439,-1.368753,0
-1.017509,1.025191,-2.247616,-2.792332,-0.320282,1
1.646962,-0.004374,-0.217097,0.344663,0.002589,0
-0.200415,0.263046,0.391918,0.396070,-0.081923,1
2.450256,0.550366,0.500706,-0.332407,0.752585,0
-0.916117,-0.373237,0.259974,1.341867,-0.588478,1
1.380970,0.574765,1.512549,0.821156,0.657464,0
0.474538,-0.016183,-1.081973,0.139197,-1.153105,1
1.797583,1.336950,0.072813,1.642861,-1.598784,0
0.860127,0.145480,0.075177,-1.200307,-2.646354,1
2.085259,2.044796,-0.522785,-0.167345,-0.092634,0
0.971797,0.584257,-0.847639,-0.687883,0.603462,1
1.171577,0.199574,0.024683,0.747985,0.172042,0
-0.932727,-0.724995,-0.156244,-0.728551,0.592808,1
0.424109,-0.546734,-1.509791,-0.815125,-0.823033,0
-1.585377,0.562162,0.140552,-0.849021,-0.272246,1
2.334366,-0.786729,0.092367,-1.235942,0.269505,0
-0.793581,-0.131186,0.560218,-0.910213,-1.798365,1
1.262439,1.232820,0.257121,1.353202,0.259442,0
-1.039257,-0.066747,-0.806850,1.765430,-2.188764,1
0.511364,0.046598,1.962924,0.853485,-0.236596,0
0.651737,0.211602,-0.029776,-0.369701,-1.370605,1
0.273223,0.110881,-0.610293,0.537721,-0.479967,0
-0.915553,0.344196,1.050058,-0.650429,0.352064,1
-1.507376,-2.232240,0.767009,0.392877,0.448429,0
-2.575359,-0.121739,-1.291544,-0.590622,1.451077,1
1.902857,0.766329,-1.835840,-0.035643,-0.628284,0
-0.537786,0.221729,-1.145798,-0.030075,0.560633,1
0.189855,0.192493,-1.646914,-0.416334,-0.621601,0
-1.504663,0.549017,-0.101277,-1.375039,-0.509221,1
2.060568,-0.712620,-0.615670,-0.253049,-3.219127,0
-3.078298,-0.445772,-2.704020,-0.346314,-1.210125,1
2.150467,-0.756160,0.137764,0.665586,0.365450,0
-3.522349,-0.533342,-0.426268,-0.786484,-0.717897,1
0.464542,1.332353,-0.878750,0.965924,-0.724393,0
-0.542738,-1.153215,-1.029024,-0.231309,1.361442,1
1.469256,-0.870934,-0.379025,0.124641,0.147808,0
-1.023908,-0.550278,-0.804013,0.326362,-0.518589,1
1.960129,0.011654,-0.029751,0.991878,-0.709719,0
-0.227271,-0.257227,0.465223,1.212852,0.701023,1
1.598293,0.076422,0.111036,-2.065778,-1.182230,0
-0.619911,-1.087723,1.278948,3.090223,-0.097109,1
0.581406,-0.486535,-2.147420,0.007956,0.214682,0
0.351575,3.290583,-0.725949,1.543337,1.117888,1
1.243621,-0.102686,1.884102,0.900729,-2.120425,0
0.410655,0.530016,1.214597,0.705664,-0.311346,1
0.809687,1.001954,0.176817,0.395332,0.436730,0
-1.507629,-0.078372,-0.320188,-0.947053,0.292699,1
-0.520508,1.701713,-1.202350,-1.305904,-0.466410,0
0.567030,0.785164,-2.757182,-2.039373,-0.485106,1
0.890631,-0.709494,1.253290,-1.718213,-0.259167,0
0.611979,1.131725,-0.468894,1.622253,-0.907623,1
0.447298,-2.693238,-0.442285,-0.732804,-0.195758,0
-0.285792,-1.433538,-0.974136,-0.307337,-1.094146,1
2.354494,2.031960,-0.777501,-0.154543,2.641148,0
-0.372807,-0.572723,1.365406,0.468002,0.186866,1
2.207606,-0.489115,-1.216125,-0.395585,-0.294555,0
-1.560617,1.350513,-0.093289,0.763447,0.280643,1
1.018154,-0.247280,-0.788887,-0.453855,0.853263,0
-0.385731,1.581888,1.598048,-0.482493,-1.634230,1
2.929400,-0.877753,-1.173963,1.040936,0.432697,0
-1.162879,0.213856,0.421169,-0.340148,0.903971,1
1.627015,0.524416,0.503997,-0.220834,-0.000110,0
-0.735108,1.026887,0.411794,-0.102902,-1.815113,1
1.347784,0.641517,-1.123418,0.824805,0.219825,0
-1.621493,1.436462,0.148755,-0.099433,-0.569940,1
-0.619260,2.130945,-2.152016,0.403316,0.685527,0
-0.954928,-2.195301,-2.175777,1.434970,-1.754787,1
1.102732,1.874552,-0.568948,0.987639,0.208709,0
-1.246271,-0.159533,0.351357,-0.639876,-0.044280,1
1.324002,-0.094944,0.582418,-0.048974,1.467551,0
-0.041049,0.560244,2.057183,0.458489,-2.344040,1
2.890855,0.952033,1.000748,0.778782,-0.331584,0
-2.401746,1.304564,0.669609,-1.390751,1.822616,1
0.548945,-0.045569,-1.082628,0.011611,0.364319,0
-1.768151,1.745400,-1.697360,-0.862009,0.696936,1
0.769869,0.078815,0.890442,-0.299503,0.128824,0
0.655508,-1.385042,0.932643,0.108092,-0.922105,1
2.387756,-0.034012,1.590471,1.472735,1.539207,0
-1.695180,1.046758,-0.285395,-0.765573,0.308483,1
0.842558,0.163236,-0.141805,-0.642323,0.002608,0
-0.887769,0.863404,-1.603480,0.760411,-0.407211,1
0.898530,0.078558,-0.992515,-0.203253,-0.647991,0
-2.825134,-1.501788,-0.294536,-0.922933,0.148013,1
-0.155705,0.346978,-0.243481,-0.828368,-1.328335,0
-0.707716,-0.142123,-0.662261,-1.063952,-0.196095,1
1.187834,-0.143898,1.004141,0.792057,-0.460266,0
-1.622012,0.301970,1.217579,-0.533459,1.350370,1
1.263730,-0.996695,0.697988,-1.418994,-1.299301,0
-1.797433,-0.069423,2.207372,0.650744,2.109967,1
0.589453,0.252080,-1.260703,-0.264147,1.264635,0
-0.952522,-0.213851,-0.247196,-0.545657,-0.540326,1
0.077896,-1.351560,0.485425,-0.901364,-0.176833,0
0.030176,0.440023,0.905669,-0.343306,1.201185,1
2.491055,-1.489265,-0.326491,-1.118849,-0.084486,0
-0.975344,0.401413,-1.213877,0.301672,-0.084160,1
0.137502,0.952858,0.590630,0.655075,-0.014958,0
-1.994850,-0.297227,0.477970,-0.649617,-1.318848,1
2.162751,-2.375652,0.078536,-0.891987,1.733350,0
0.502382,0.094104,-2.047320,-0.841028,0.684350,1
-0.125503,0.273068,-0.323629,0.133724,-0.905549,0
-1.703374,0.045319,-0.305876,0.562230,0.609877,1
0.748401,-1.592293,0.028258,-0.475397,-1.066572,0
-1.534368,-1.355720,-1.090510,0.228667,-0.430494,1
1.595893,1.556038,0.967737,-1.324880,1.762755,0
-0.606470,-1.923604,-0.808820,-0.431800,0.047226,1
0.040342,-0.413949,0.230461,1.567118,-1.945329,0
-3.106659,0.005533,-2.528901,-0.150713,-0.177090,1
0.862628,-0.042215,-0.344452,-1.097703,-0.744258,0
-0.620151,0.537260,-0.482959,0.592398,-0.503856,1
