Penalizacion
0.002869
0.001929
0.002742
0.002762
0.001877
0.003148
0.002819
0.002901
0.003112
0.002801
0.003318
0.003181
0.002357
0.002832
0.003265
0.002954
0.002463
0.003098
0.002308
0.002308
0.001795
0.002734
0.001949
0.003068
0.002767
0.001961
0.002587
0.002309
0.002847
0.002679
0.002460
0.004029
0.002936
0.002344
0.002245
0.003252
0.003328
0.002319
0.002203
0.002715
0.003776
0.002712
0.002129
0.002469
0.003413
0.002913
0.002935
0.002423
0.002832
0.002580
0.002760
0.002697
0.002705
0.003799
0.002632
0.003265
0.002567
0.002841
0.002749
0.002356
0.001788
0.003237
0.002920
0.002657
0.002815
0.001941
0.002198
0.002918
0.002608
0.002916
0.003647
0.003093
0.003375
0.002627
0.002024
0.002427
0.002577
0.003194
0.002859
0.002763
0.003086
0.003367
0.002874
0.002833
0.002233
0.003046
0.002941
0.002437
0.002096
0.001886
0.002530
0.003441
0.002906
0.002761
0.002378
0.002558
0.003021
0.002983
0.002373
0.003018
0.003083
0.002839
0.002633
0.003571
0.002050
0.002680
0.002010
0.001979
0.003497
0.002057
0.003652
0.002576
0.002394
0.002468
0.002205
0.002234
0.002696
0.002957
0.003776
0.002751
0.003287
0.002871
0.002263
0.002550
0.001741
0.003317
0.003569
0.002986
0.002648
0.003351
0.002321
0.003400
0.002197
0.002937
0.002255
0.002710
0.003297
0.003511
0.002319
0.003872
0.003983
0.003334
0.002133
0.002736
0.003171
0.003180
0.002577
0.002149
0.002025
0.002044
0.002354
0.002871
0.002083
0.003332
0.002357
0.002023
0.002312
0.002749
0.002898
0.002918
0.002412
0.002147
0.002403
0.002397
0.002354
0.002204
0.002806
0.003734
0.002563
0.003059
0.002982
0.002399
0.001897
0.003935
0.003288
0.003575
0.003180
0.003205
0.003345
0.002220
0.002922
0.003257
0.002189
0.002555
0.002680
0.003057
0.002674
0.003163
0.002374
0.002897
0.003114
0.002832
0.002439
0.002320
0.001453
0.002751
0.002997
0.002513
0.002904
0.002226
0.002674
0.001696
0.003218
0.002649
0.002505
0.002326
0.001992
0.003026
0.003393
0.001994
0.003115
0.003355
0.002959
0.002567
0.002149
0.003172
0.002572
0.002792
0.003407
0.002447
0.003017
0.003145
0.002620
0.003233
0.002814
0.002781
0.002534
0.002752
0.003719
0.003040
0.002566
0.003009
0.002086
0.002877
0.003069
0.002690
0.003165
0.002430
0.001993
0.002664
0.002942
0.002887
0.003385
0.003470
0.003248
0.003301
0.002324
0.002436
0.003637
0.002879
0.002579
0.002114
0.002619
0.002920
0.002791
0.002047
0.002598
0.002593
0.002274
0.002298
0.003290
0.003370
0.002701
0.002877
0.003888
0.002955
0.001992
0.003170
0.003204
0.003757
0.002803
0.002893
0.002934
0.002403
0.003408
0.002807
0.002855
0.002419
0.003103
0.002353
0.002597
0.001961
0.002550
0.002880
0.003010
0.001910
0.002681
0.002343
0.002463
0.003087
0.003169
0.002372
0.003296
0.003426
0.002511
0.002682
0.003364
0.003493
0.002842
0.002431
0.003659
0.003097
0.003060
0.004033
0.002522
0.004153
0.002313
0.003127
0.002436
0.002402
0.003370
0.002892
0.003255
0.003411
0.002762
0.002454
0.003202
0.003378
0.002947
0.003402
0.002751
0.003190
0.002654
0.002630
0.003552
0.002744
0.003594
0.002957
0.002878
0.002865
0.003873
0.003954
0.002953
0.002734
0.002970
0.002502
0.002503
0.003049
0.002296
0.002827
0.003101
0.003510
0.003140
0.003701
0.002390
0.003226
0.001996
0.002083
0.003027
0.003367
0.002729
0.002930
0.003642
0.003115
0.002441
0.002906
0.003453
0.001984
0.003076
0.002525
0.002034
0.002326
0.002436
0.003400
0.002392
0.003032
0.002405
0.002276
0.001728
0.002900
0.002875
0.002537
0.002976
0.003013
0.002239
0.003184
0.003098
0.003428
0.002352
0.003666
0.002431
0.002574
0.003119
0.003220
0.002385
0.003850
0.003048
0.002999
0.003301
0.002594
0.003417
0.001994
0.002936
0.002708
0.003727
0.003416
0.002472
0.003174
0.002447
0.002032
0.003336
0.002430
0.002408
0.002558
0.002470
0.003138
0.003150
0.002302
0.002729
0.003358
0.003588
0.002459
0.002839
0.002556
0.003036
0.002619
0.002671
0.002842
0.002059
0.002763
0.002898
0.002586
0.002495
0.002801
0.003384
0.002826
0.001736
0.002123
0.003287
0.002172
0.003596
0.002542
0.003047
0.003270
0.003096
0.002674
0.003443
0.003290
0.002041
0.003498
0.002759
0.002373
0.002489
0.002575
0.003767
0.002917
0.002172
0.002256
0.004315
0.002076
0.001877
0.002904
0.003434
0.002341
0.002794
0.002475
0.002442
0.003120
0.002965
0.002579
0.002255
0.002416
0.002846
0.003723
0.002318
0.002829
0.003150
0.002679
0.002877
0.002816
0.003788
0.002624
0.002534
0.001795
0.002411
0.002825
0.002645
0.002720
0.002502
0.002242
0.004535
0.003142
0.002687
0.002936
0.002978
0.002711
0.003009
0.003550
0.002357
0.003692
0.002746
0.004226
0.002497
0.002542
0.002329
0.002712
0.002500
0.001620
0.003039
0.002819
