-0.338715,-0.197575,-0.629107,-3.787202,1.468052,3.318314,-2.156092,-1.565105,-0.625604,1.328032,0.551401,-3.111305,-5.584409,-0.812577,0.615278,-0.786953,0
6.840270,-1.496829,1.193958,-1.383233,1.598292,2.785186,2.257018,0.752154,4.321612,-1.154958,5.872027,1.055668,0.169286,4.093268,1.069495,-8.633753,1
-6.018391,-5.451365,0.648415,-1.287006,-2.320251,-5.889917,-1.897847,-0.767952,0.504351,-3.397592,2.073763,-2.581617,-4.099345,-0.383484,-4.652697,-3.452517,0
4.021279,2.770907,9.453170,4.935645,-1.493628,-0.288929,-1.604559,1.234698,-4.072779,-1.304895,7.327756,0.549935,2.041562,1.954127,2.514197,4.378179,1
-0.717428,-5.410178,0.245899,-6.332175,-2.080615,8.267097,-0.089638,-5.979669,1.356314,2.740753,1.041687,-1.119844,-2.502289,-5.167161,-3.683990,4.777044,0
0.731119,5.706798,4.934875,1.944394,0.460811,-1.446302,4.988702,0.357850,-1.425344,-3.975381,-2.004146,1.380301,-0.144878,0.198843,-3.519651,0.003455,1
0.788382,-2.826577,-3.447985,1.138821,-4.366886,-0.711814,-3.675307,2.440617,-0.231926,-6.798223,-1.840356,-1.092121,-0.623443,-1.901466,-6.117907,-3.036290,0
-0.616958,-1.504151,-1.830150,0.113523,0.365251,0.999848,-5.397721,2.320037,-0.420021,5.149121,0.610769,0.567864,6.554851,3.150813,4.378009,-7.569096,1
2.533907,1.231672,1.058474,-8.132230,0.786392,-1.018083,-5.399303,-2.777105,-1.643296,-5.424973,-5.181779,5.354906,0.424322,-1.795776,-2.294100,-3.122902,0
-3.408759,-0.314606,3.799378,2.256257,-2.698528,-2.388522,1.663579,-0.302474,-3.973226,-1.398481,6.159415,1.643912,-1.100875,5.235923,1.960616,-1.510221,1
1.974764,0.823254,2.030043,-3.652057,-1.312526,-0.915280,-4.757574,-4.542802,-0.648149,-2.592292,0.518379,1.285973,-2.684505,0.927441,3.130249,-2.303587,0
-1.592435,1.508477,1.323475,0.952537,2.721826,-2.796689,1.062641,1.697976,0.907394,-2.689819,2.110322,-0.498520,-3.841601,1.987659,-2.212057,0.917442,1
-0.317556,3.518087,3.000174,3.892021,-0.464460,-3.996905,-0.007790,2.273405,-1.923804,-2.017178,-0.704863,-5.156676,-0.358952,0.260572,2.787323,4.064205,0
4.297605,-0.775656,-1.589673,-4.567122,0.714605,9.149289,-0.416400,-0.524272,-1.188574,0.315337,-0.358916,-1.607710,-5.295278,1.156816,0.950515,3.412765,1
-4.969651,-4.174556,-0.807790,3.275692,-1.220140,-1.037921,2.478149,-6.247293,-1.407798,-0.680674,1.992933,-2.405268,-1.204833,-1.858760,0.595860,2.240753,0
-0.961981,0.653029,-1.095556,-1.040179,1.008132,-4.329910,-3.282358,4.082885,0.541978,2.097894,-1.370209,1.708978,-2.548553,1.333510,-0.370998,2.324311,1
-5.101390,-3.231738,-2.549392,-1.849104,-1.204794,0.280209,0.393204,-3.257032,0.273104,-5.945803,-6.307456,-1.679818,-8.418113,1.525061,2.178053,-2.826684,0
-0.905322,-1.260948,5.318458,4.228152,-0.787712,3.749177,3.179954,5.725423,3.154103,-1.835540,1.405305,5.785048,7.075418,1.891038,3.807912,2.955400,1
-0.216114,-3.526165,2.486959,-6.476764,-3.093699,4.153725,3.430647,0.057201,1.252413,-2.050534,-1.150452,1.854053,-2.790158,-1.940078,0.927910,-4.288884,0
1.518718,-1.987799,-0.342115,-2.052868,1.164504,-1.600165,-2.844207,5.948987,2.562890,2.713174,-1.394435,-0.818130,-3.390365,1.274996,-0.089859,-1.961740,1
1.168789,0.630716,1.813282,6.218864,-3.658481,-2.827148,-0.578547,-0.597683,-3.414064,-1.912361,0.429585,-2.974358,-2.871023,6.977396,-0.003042,-3.867807,0
-1.749749,2.447885,-1.028871,-2.249156,5.345906,-4.543929,1.281978,6.086350,0.087571,0.759767,2.147130,2.080255,2.788238,2.517264,0.131231,4.070924,1
1.963926,5.415401,-0.307833,-5.393950,-4.134494,-4.839664,-3.116813,4.194046,3.178133,0.307018,0.417677,2.080677,-2.919596,1.511473,-1.843318,4.468449,0
2.858285,-2.002856,3.231755,4.340972,2.073756,0.320531,2.470311,2.787375,1.071026,5.170856,2.593698,1.566941,3.845885,0.886681,5.492377,1.344054,1
-5.719202,-1.064426,-2.361313,0.839432,-5.206141,2.966427,7.443653,0.608961,-3.516857,0.743250,-5.547831,1.166403,-4.519117,-1.818653,-3.160952,2.209181,0
-7.771720,-0.747849,-1.333585,5.227004,3.797353,1.035257,-4.315948,1.913205,1.281928,1.267643,2.968516,5.222278,-5.482022,-0.004609,0.742546,-1.243474,1
-5.628128,-3.055391,-5.894197,0.623432,-3.084147,-2.398311,-1.097775,0.239773,-1.007754,1.694668,3.987667,1.729988,-2.734094,-3.922853,-2.568794,-1.546486,0
-0.250516,1.151087,6.585097,2.496421,-1.722922,3.179683,-1.031387,3.908954,1.061488,-4.481191,2.625880,-0.013273,3.961083,2.001122,0.407231,-2.343316,1
1.404503,-6.459729,-3.663838,-1.770989,1.139303,-0.197620,5.555231,1.602020,-2.967343,3.934614,-6.720629,2.015646,-2.473199,-1.554706,5.304325,3.867109,0
2.124070,-3.568857,-0.386770,2.335704,0.448370,0.037283,1.446565,-0.404414,-1.070012,1.205459,4.383716,-1.091433,3.078898,-4.212320,-0.300773,1.807324,1
-3.833316,-0.099516,1.583813,-5.646241,0.692261,-1.029801,-3.192204,2.371006,1.557627,-5.797174,0.409193,0.004837,0.561899,-3.951760,4.735254,-1.809843,0
-2.025284,2.931201,-1.569908,-3.765856,0.173535,-2.160907,-1.518245,0.630817,2.885432,3.936446,-5.317840,1.363020,-0.412306,-4.373629,0.587555,-1.003306,1
-4.485413,-6.905110,-1.866752,-6.436419,-0.225992,3.087984,-3.713918,-4.279971,0.135027,2.911545,5.639555,6.105839,4.281359,-3.082407,-4.240324,-0.048553,0
1.256669,3.309686,1.654469,6.782256,5.415927,-1.083300,-3.883763,-2.052317,8.671874,-0.658739,-1.377898,-0.609761,0.642424,2.630940,1.603471,0.493994,1
-2.736084,-1.458714,-3.723493,-0.378811,-0.694749,-5.674227,-2.856298,-4.363429,-5.030537,2.260490,-3.304047,-3.046226,2.845322,-0.651601,-5.794882,1.787685,0
-0.850706,2.815806,1.476171,8.308278,1.963660,0.467713,-0.505502,-0.804863,1.770833,2.176663,0.595693,-0.452829,4.129035,-1.401052,6.027453,6.373433,1
-0.652697,0.560097,-5.414969,2.553392,0.836838,3.962448,-1.014361,-3.578263,-3.498193,2.656713,-1.568854,-4.777870,-7.227615,0.143091,-4.226942,-4.987416,0
-0.063588,3.494115,-5.744316,-0.581265,-0.398321,-1.248457,0.961747,-5.187688,4.666093,-2.782260,-0.364833,0.277140,4.424840,-1.671836,1.843062,0.129427,1
-5.695144,-0.996043,-0.705710,1.453903,3.386337,-4.284029,0.895950,-7.777321,-2.734056,-2.909302,-9.003223,-2.953940,1.608021,-2.601078,-2.582114,-3.597466,0
-0.476170,-1.075129,-4.668106,1.850364,-4.596272,2.232837,0.926335,4.629388,7.333165,1.295440,-0.208830,0.782730,-0.657570,3.402968,-0.968540,0.608479,1
-5.306312,-1.546550,0.649557,1.589432,0.830864,-3.727748,0.021620,-4.443668,-1.202912,4.206453,1.732409,-5.818801,-3.955549,3.671911,-4.952684,-3.528448,0
-2.595832,-2.692418,1.687819,6.824546,2.159739,-1.863868,0.436841,-1.233322,-6.046314,-2.004963,5.311414,-5.674537,1.546443,3.108958,-0.153245,2.925382,1
2.992649,-3.376861,4.136175,-3.980306,3.608624,-2.035978,-3.260667,-5.897050,1.711424,4.011425,0.539188,-2.935491,-0.671133,-0.642216,-0.852443,0.583286,0
3.147677,3.224145,-1.690887,1.721490,7.761281,2.336318,0.331740,1.593053,1.663293,1.334143,3.006139,0.106856,2.257310,0.262709,6.886849,2.078118,1
-2.498305,0.946001,-1.207793,-2.620646,-4.458818,5.176275,2.356905,-5.263483,-3.791032,-4.434144,-7.822984,-4.509759,1.843609,-0.676683,3.478033,-0.446810,0
5.035222,2.097367,6.298833,5.296428,6.838759,3.104152,4.166415,3.676040,3.168504,-1.712418,0.700900,0.312203,-3.935490,-4.258610,5.400630,0.419448,1
2.730482,-1.642936,3.978188,-1.496832,0.482622,-2.570477,-1.497448,3.213049,-3.920279,1.313572,0.268646,-2.366520,-0.094433,-1.887001,3.708054,-3.360009,0
0.971324,3.486497,-2.265975,1.825898,1.416207,-0.950006,-1.403581,3.319116,-3.833015,-4.798199,3.961417,1.724059,5.912379,0.672794,0.012956,-2.190693,1
3.494055,-4.478795,-2.555614,4.668594,2.714594,1.875219,0.490000,3.081112,-1.962251,-2.168745,-1.924752,-1.843729,0.052429,-0.029387,-2.317447,-1.487196,0
2.703366,1.285355,-0.290098,-0.422046,2.515693,4.338017,6.481927,-1.490822,-2.215711,-2.857400,5.969901,3.740619,-4.735147,0.620166,4.986714,-3.708641,1
-6.214404,-0.076815,-1.088925,-0.792633,-4.556584,3.612658,-2.675780,1.438122,-6.210226,-0.860434,-2.661395,1.597519,0.091623,-2.438642,-8.838513,-1.226012,0
6.764670,4.341134,-0.402799,-1.359734,-3.604923,-1.130352,-1.837387,-0.090778,-3.658328,1.427939,-0.456052,-0.596058,-1.795815,-4.776418,2.121251,1.436696,1
2.608702,-2.396132,-0.993426,-3.423520,-3.016412,-5.259082,0.555141,-3.323638,-3.914926,-7.183722,-2.969549,4.486235,-1.743759,0.542866,-0.364305,-1.570509,0
4.162459,0.798600,1.792434,-3.479389,-0.206738,1.314732,0.915171,1.752448,-2.477030,2.963561,4.297515,1.743068,1.358859,1.135967,0.658082,5.048343,1
4.107742,0.304522,-7.286538,1.873846,-0.944432,-4.475727,3.103653,-3.835991,-4.626781,-2.630187,3.058418,-4.373575,2.261911,2.952711,0.004362,-4.718347,0
3.257133,6.402835,3.817582,-0.092024,1.029320,-0.809031,3.678330,1.836226,5.000161,3.078868,-0.747530,5.166402,2.731997,-0.959620,-5.430857,-0.104043,1
1.097750,1.820709,-0.125002,4.870211,2.112322,-1.266827,-3.201258,-5.480206,-0.282526,-6.993423,1.262564,3.753601,-4.196702,-1.664739,-10.954744,3.165882,0
0.075332,0.225481,1.139627,6.337554,7.529107,-2.224617,-2.038706,0.043553,1.463178,1.794791,0.942422,4.718375,3.631572,5.975373,1.067780,6.818593,1
3.625120,-0.019787,-3.976295,-1.560953,-1.812640,-3.117442,0.794645,3.846684,-0.282244,1.033833,-3.469520,-1.613471,-4.307554,3.480200,0.014673,-1.408587,0
0.421577,-0.904085,3.022281,-0.599820,-0.060487,3.331353,4.719470,3.557715,-1.971713,4.713168,1.678096,-0.666987,5.074941,3.480281,-2.346522,2.057317,1
-1.422057,0.835142,-2.136271,0.011240,1.328882,0.298571,-2.365748,-4.656717,-5.256758,-3.289359,0.131147,1.433064,3.423899,1.006617,-3.807090,-3.605309,0
7.728530,-0.046296,-4.247179,-1.365260,-3.807549,1.797654,4.313216,3.679311,4.067969,-0.906563,1.446202,-3.976040,2.195231,-0.056856,5.150430,3.077888,1
-7.270329,-1.658285,0.389515,-7.070856,-3.307343,-2.713840,-1.842635,-2.461660,-4.840571,-0.748586,-1.263607,-3.602818,-3.374494,-3.498460,-0.256126,2.352367,0
-3.390460,0.615616,-1.365422,-1.943526,0.019293,1.117321,1.942018,2.015199,-0.272805,0.865284,2.284440,0.612831,-0.340405,0.893625,-4.130124,-1.709746,1
5.081120,0.868689,-0.545416,-0.312611,-0.390320,-4.047884,-4.327459,-4.472202,2.509712,-2.421976,1.005339,-3.410521,-5.572274,1.923710,-0.156700,1.061092,0
-3.324528,-3.116871,3.350717,-0.154687,7.680490,3.091155,-0.696734,-1.146896,6.250382,-2.550982,1.987458,1.487672,3.234824,1.196125,1.253322,4.203681,1
2.060942,-3.398513,0.396908,1.143969,1.008196,4.186152,-0.091528,-0.551395,-3.024969,0.767014,-7.300994,-0.598919,-3.593307,-5.258456,-2.394254,1.018900,0
3.665971,4.927163,1.579072,-2.092259,3.561015,-1.454487,-2.190811,6.419778,2.353782,3.563704,7.154243,-2.504223,-1.361493,2.126424,0.122997,-1.600151,1
-0.113184,1.693834,-3.795788,4.651375,1.115995,-0.188259,-1.907426,2.223074,1.748131,-5.056211,-7.708041,-1.411057,5.147301,2.838505,0.625648,1.547476,0
3.637237,3.611901,4.440833,1.578998,2.325233,-4.767454,-0.628852,4.463548,-5.013219,3.170012,3.120845,5.090959,3.782456,-3.539130,-3.749551,3.073972,1
-1.062627,2.545462,1.984379,-3.175943,0.179075,-2.902411,-1.104469,0.753998,-0.205854,-3.214790,-3.508217,-5.329090,-2.449166,-8.493344,1.177645,1.609447,0
-2.311479,-1.404856,2.457227,3.045314,4.835826,-3.284867,0.852314,-0.483914,-4.118272,-3.690797,0.676630,1.875159,3.945590,-1.504275,2.436275,-1.087893,1
2.581982,-2.084396,2.402308,2.584284,-2.508780,0.399195,2.319330,-1.524917,5.101109,-7.463159,-2.260849,-2.425789,1.464535,-6.705278,3.208202,3.079508,0
5.650439,-0.603932,3.876945,1.209888,5.921000,2.924499,9.147153,2.853972,-1.745759,-0.701997,-3.458506,4.722627,1.873084,2.830504,0.387336,3.914229,1
-3.130618,-4.297988,-1.116487,0.752048,5.775625,1.348423,-1.841335,-1.524236,-2.227662,-0.482796,1.840540,3.286030,-1.655648,-4.151771,-0.790173,2.655691,0
1.645778,3.432746,4.073922,-1.260659,-0.261686,-5.528416,-0.733462,-3.921076,4.767592,4.369903,0.503982,-2.949627,5.647008,0.939319,0.590172,3.982448,1
2.360943,-2.158002,0.350956,-5.561711,2.044731,-0.024487,3.561895,-2.364298,1.414961,-2.873059,-6.375048,-4.057867,1.656912,-1.966263,-3.497135,1.541878,0
1.669925,-1.106400,4.220210,1.153601,0.128481,-1.786304,-2.323793,-1.613500,-1.484420,0.008001,-2.787861,-5.137723,0.763248,-0.073184,-2.552073,-1.711939,1
-3.328578,2.115393,-0.924763,-0.404497,-2.722147,-3.656219,4.272026,-2.646105,-8.075714,-1.935280,1.104532,-0.402227,0.226456,-2.805245,3.045025,-0.158037,0
-3.714727,4.926742,1.949750,-1.996045,5.177896,1.699294,0.820667,-8.090703,4.956393,5.214282,0.500997,4.330178,-0.464427,-0.652159,5.442960,3.087308,1
0.169758,-4.600968,3.032812,4.169579,-1.261763,-1.034205,-3.047002,-4.230075,-1.959366,-2.338440,-2.708489,-0.011988,-4.713017,-1.954812,1.243525,-0.328806,0
0.407732,0.516793,0.886431,2.040578,3.402213,-0.978259,-4.008052,-4.100594,-0.856276,-3.281274,2.222705,-1.450184,0.513953,-1.899722,-0.997630,3.877702,1
-3.337773,-4.677229,-2.559799,1.276714,-2.535816,-2.072026,-0.165730,-4.260036,4.033386,2.425465,-0.158504,-1.295258,-2.416623,1.134161,3.918394,-0.192741,0
-1.713257,6.965756,0.877301,3.870990,-1.358796,4.156289,6.240092,1.899386,1.815143,5.774007,-0.610845,-0.020340,3.291181,-1.681908,1.885856,0.071895,1
-4.441506,-3.171583,-5.320209,-1.013628,4.190807,-0.829816,-3.104141,-3.842333,-6.434896,-5.616677,-7.625748,-2.947042,-2.061002,2.078279,-0.752565,3.324062,0
-2.502053,-2.516669,5.160748,4.208179,-1.036248,1.942948,2.153556,-1.273753,-2.112526,-0.167546,-3.325752,6.888925,7.077750,-5.915228,1.070872,2.937858,1
-0.809325,-1.158984,2.001860,3.351093,-2.481437,-1.986923,6.302113,-1.479065,3.697765,9.101463,-1.669611,-3.957135,1.081375,0.418955,-0.491098,-6.606074,0
1.772719,4.894206,-3.127287,1.364367,-3.156321,-1.064359,7.649146,1.555446,-1.464999,4.786649,-1.587932,1.163618,-0.854987,4.171336,-0.394231,-1.920489,1
-9.236099,-7.114410,-2.062793,-0.413752,-3.592968,-3.081409,-4.905422,-0.804861,-1.957331,0.487963,-1.145199,-0.720484,3.581017,-2.204522,-9.636328,4.206215,0
4.874061,2.250966,4.536355,-2.564893,2.643022,1.520793,2.059367,1.653457,0.897348,4.382569,-0.819511,-0.248358,6.027431,-0.472036,-3.393938,3.705922,1
0.799925,0.715805,3.319048,-1.745536,2.661131,-2.495249,-0.135092,-1.184787,-1.249625,2.290787,-1.125537,0.206984,-5.108749,0.915745,2.901628,-4.980159,0
0.483788,-1.628001,3.194301,4.454185,1.314257,-0.532775,-2.543116,2.420844,-0.025725,-2.113996,2.231765,5.232120,-3.694491,-0.121015,3.727824,0.207892,1
-2.265446,3.863607,0.381353,3.281935,-1.796252,-4.194059,-4.556884,-8.526575,-2.062843,-3.801795,-5.400105,0.840595,0.516550,-7.556367,-5.008856,-2.539023,0
8.361688,-0.042903,1.059288,-6.723864,-3.749784,-1.413725,-0.913393,4.333123,-2.084169,6.129226,1.141706,2.434480,1.194976,-0.116325,3.350732,4.861341,1
1.246065,6.378378,0.447929,2.093391,6.601431,0.513901,3.433558,2.943659,-4.186936,1.411427,3.333662,2.121107,-1.191671,-1.105714,0.160141,5.075525,0
4.095191,0.591244,5.451985,2.764171,-2.230282,1.460977,0.695336,-0.377379,1.495688,-0.554377,2.641437,-0.866801,4.774941,-5.990075,-2.108568,6.685758,1
0.213100,-5.789133,-1.102539,4.408676,-2.920087,0.561998,-4.521652,3.777672,-4.680378,-1.835111,1.024418,-5.677466,-6.872602,-6.120567,-0.276825,-2.592319,0
3.474484,10.186202,3.762561,3.313609,1.648576,-5.628724,6.681106,2.954986,5.735593,5.092311,3.271581,5.613706,0.271375,-1.256672,2.995999,3.236663,1
6.383255,4.970655,-3.167904,2.573505,-3.787415,-0.419151,1.769936,-3.345210,0.700201,0.180435,2.504860,-0.759305,6.246120,-1.275740,-1.712676,-6.008596,0
-1.045345,5.345773,7.135736,3.001588,3.281510,5.783334,4.458179,1.054585,2.723098,-2.950807,5.214374,2.623679,6.265330,0.490189,-4.650794,3.707568,1
3.903847,0.233658,-3.519271,-6.885136,0.920933,-1.615740,-2.227107,-3.835499,2.905327,-6.572732,8.454165,-2.841325,1.885748,-0.857361,-2.794895,-4.496128,0
4.267936,3.161275,2.981135,0.750443,0.950910,2.040683,-1.367425,-1.899735,-1.999443,4.177466,3.358064,0.904794,-1.892262,5.050391,0.045362,3.606339,1
2.591095,-0.701655,-1.678081,-2.164506,-1.666163,-2.754170,-5.087668,-1.448619,-7.379971,-3.234719,-8.876482,3.897772,2.104622,-5.561110,0.469467,0.749926,0
6.246367,-0.885106,-0.404890,2.756436,2.128268,2.143638,4.972358,5.870524,-4.451901,4.804542,2.454406,4.315278,-2.451243,6.483773,3.025168,-0.620027,1
-1.016162,-2.248325,0.677906,-5.987468,0.538418,-6.717602,-0.040344,-3.106575,0.922516,1.361620,0.847708,2.603977,-3.151775,-1.974355,-0.785040,-3.202293,0
6.468091,1.609254,-0.109410,2.280509,-4.234424,-0.296880,7.882905,7.012830,2.207301,1.644431,-1.253823,1.127543,-4.524815,3.727696,4.466359,0.521338,1
1.023642,-0.069929,-4.437811,-3.149339,2.462658,-2.772847,-5.317416,2.692335,0.775848,1.672981,-4.079774,1.700466,4.107012,-7.217029,-1.496751,-2.697522,0
3.108455,5.369941,-0.252651,-1.207308,1.359457,-1.564085,-1.534593,2.868138,-5.104235,4.173926,3.402795,1.301757,2.158692,-2.802155,-1.519190,1.769130,1
-1.916155,-1.701962,6.044147,-1.362747,-1.372155,-2.819715,-6.972679,0.987980,-1.652112,-2.710235,-4.551085,2.193790,-3.586225,-5.378827,0.926676,2.153042,0
-8.079945,1.667003,2.763839,3.684991,-1.483548,2.181350,2.480823,0.101320,-0.868629,1.319862,-2.643686,-2.276258,-1.067394,0.201033,7.390689,3.332528,1
4.366594,1.261354,-4.681645,0.981348,-2.745998,-2.202314,3.830132,-0.666890,-0.863521,-0.912654,1.800644,-4.447058,0.380272,-1.450376,-1.639755,1.032631,0
2.524259,4.403457,0.096569,7.064494,-0.818001,1.368096,-1.594661,2.396745,2.526528,-0.680887,6.805356,6.577907,-4.843499,-1.004673,2.631713,1.023684,1
-0.662390,-2.992579,-1.220924,2.023937,-0.037573,1.590208,-5.179622,-2.120569,1.791195,-7.379423,2.819914,-4.894394,0.985407,-1.210277,-2.178257,-4.839219,0
1.969850,1.821219,2.034545,1.966727,3.568004,4.022353,4.220031,1.958379,5.045150,4.370030,0.841990,-5.812569,6.853152,1.237464,-1.967202,1.832730,1
-2.876213,-0.925931,6.793602,-1.839856,2.342268,-3.388364,-2.523360,-0.433678,0.455294,0.563208,0.093536,0.345915,0.039598,-0.504467,-0.135559,-2.730288,0
1.243949,2.687123,0.683065,-3.054448,-0.313971,6.521913,0.968722,2.015014,4.203090,-2.770114,-1.377204,3.392913,3.602641,-1.828968,1.522305,-1.263700,1
-3.339771,-0.780148,3.766138,-4.330208,0.927069,-2.305303,-1.883911,5.036516,0.394550,3.018681,-5.419873,-4.886234,-1.231926,-0.923947,7.001055,-0.198862,0
3.359015,4.524253,2.366529,1.050714,-1.278714,3.015924,0.643964,2.571967,1.618800,-2.778572,0.448544,-0.123904,-3.237560,-5.795169,4.114522,-5.144090,1
-1.366119,-4.669213,-1.859959,1.299480,-0.631979,-4.361433,-1.022977,-2.341378,-8.030030,-2.030978,3.357452,-5.133677,-3.051821,-2.665597,-1.661345,-5.914246,0
3.325967,1.172285,1.474898,-0.027978,-0.175094,1.916450,-2.680809,2.497132,-1.769363,-2.202842,-0.317686,2.281350,2.820024,0.138282,4.457273,2.060632,1
-2.529203,3.202234,-3.915079,-1.284730,4.008867,0.800877,0.035887,-4.020711,2.547745,-3.667996,0.023712,0.506271,3.177896,5.956345,-0.121361,-1.509096,0
2.135346,5.255683,-1.340357,-1.378512,-1.697127,-3.999658,1.669297,9.067874,2.305203,-3.536674,-2.803561,-3.439921,-5.641889,-2.460019,-0.340513,1.520318,1
-2.000311,-0.073654,-3.772149,-0.400206,-0.746728,2.066746,-3.534005,-3.824610,1.894300,-3.836778,-5.249162,-3.571754,-1.167089,-4.370645,2.295582,-0.853835,0
6.022799,5.842580,2.970685,2.074395,0.986193,-2.003561,3.131188,-2.654496,2.478158,1.310325,1.237460,-3.435954,2.414819,3.500537,-2.699527,-0.518427,1
5.589737,-2.118460,-0.368025,-1.380402,0.335934,-7.369559,-2.020833,2.082136,-3.997747,2.330902,-1.439838,-8.431504,-1.497080,1.962982,-3.492646,2.919014,0
9.688907,-0.380153,-0.638474,-4.320282,6.696479,0.146137,-1.075499,1.218081,1.216295,1.291313,0.860570,5.223544,-1.974403,1.897418,4.676280,-0.034268,1
-4.677832,0.873934,-2.539092,0.761854,1.026937,-2.448917,3.291454,-0.911755,-3.278455,3.764635,0.614616,0.656391,-3.351641,-0.286537,-2.695684,0.946386,0
0.022964,-0.608461,8.162297,-1.915731,5.466664,-1.773168,-3.807282,1.649974,1.477620,-0.865691,4.126567,2.401933,-0.037266,1.712382,-0.670226,-1.262432,1
6.113127,1.725435,0.794798,-3.218726,1.839643,1.542646,-1.656678,-2.891329,0.495966,-6.354208,-1.375078,-0.003284,0.354773,3.302616,1.044191,0.233656,0
-1.656685,1.418015,-0.553366,3.346339,-4.389965,2.909686,-6.614535,2.594855,3.264289,3.255780,4.429147,-0.156260,-1.455378,1.611352,3.745149,5.547357,1
-0.347790,-0.993618,0.880665,-4.644149,-0.135544,-3.545331,-4.189576,-3.485101,-1.354490,-2.822795,-3.211380,4.186430,0.611912,-0.232931,-1.024435,3.494682,0
6.108817,2.724328,1.023106,4.886003,-1.768003,-1.663126,4.284648,-2.211195,0.498175,3.794808,2.707618,1.578916,1.928784,1.685790,0.706736,3.202708,1
-3.574809,2.726713,2.987785,0.252218,-7.544753,-3.242678,-1.400820,-0.482445,1.971054,1.810429,3.734850,-0.307266,-0.595722,-5.588311,0.477623,-1.262868,0
3.769053,3.054240,-3.565093,-0.291673,1.804618,-2.305004,-5.533318,-2.951079,2.178115,2.092532,-1.112138,1.366718,1.682673,3.003564,1.644589,1.060622,1
-1.501955,-3.388627,-7.581181,2.419950,-1.576120,-3.676342,1.323757,-0.342688,0.484451,-1.331360,3.703463,2.266500,-2.789568,1.028656,-4.627149,2.778648,0
3.476792,-4.288027,-1.171924,4.025990,2.172627,6.405421,2.165586,-1.012809,0.293827,-1.895757,3.697906,-0.619017,-0.236402,4.855876,1.336780,-1.839250,1
-6.100683,-0.315702,-1.192198,0.632980,-3.111409,-2.548056,-2.044724,-0.222918,-1.343153,-1.581667,4.392096,-1.697629,1.210058,-1.054245,-3.934017,-1.450835,0
1.534503,1.724837,-0.953700,1.930058,0.485532,3.856952,1.605460,0.686227,4.692266,1.807246,-4.495116,1.429528,3.385591,-1.632704,3.297603,0.636468,1
1.236515,-0.729672,-3.618958,3.157076,-2.530253,-0.653031,3.969301,0.431490,-5.949320,-0.827260,-1.936172,-4.277330,-3.560864,-6.328723,-7.369024,-2.242629,0
4.699708,-6.216421,-1.853151,1.396255,7.931939,5.911681,1.128836,2.299769,1.854716,4.255569,6.897342,1.902366,-0.830088,1.364009,-0.517757,-0.395647,1
-5.019341,-1.335913,0.801037,1.330183,3.305674,-1.013304,-4.129910,-1.559286,-0.803815,1.641245,-4.409029,-1.230292,-2.502893,-0.542955,0.133018,-2.368330,0
0.665988,4.348968,0.552628,-1.316431,0.437166,2.702439,-2.373396,-0.421171,-1.184712,-3.748706,1.893695,4.810491,3.775500,-0.693608,10.768674,1.824399,1
1.028509,-1.285952,5.428141,-1.904695,-4.283812,-4.205920,-5.373157,-4.639380,-2.382397,1.569326,3.450127,-4.344959,1.335796,-1.834694,-2.104023,-3.200795,0
-3.934788,2.891963,3.964894,1.464725,1.093299,2.126822,1.885222,5.151473,0.608495,2.732388,5.832023,2.434543,-4.495473,3.175324,8.868934,-0.975888,1
1.167578,-2.357985,-2.555348,-8.288762,-5.575998,-1.847027,-4.823486,-1.527968,-2.608255,-2.431584,-4.243887,-4.043741,-0.719883,-6.803306,4.733152,-4.174388,0
-1.761621,3.271144,-1.569008,2.296739,3.925023,-4.045992,-1.294914,1.794116,2.751611,0.011973,0.475460,-0.110162,3.440976,0.138032,0.028691,-1.032540,1
-0.185810,-2.184664,-5.342875,-1.319293,-2.253862,-5.439882,0.604246,4.396963,-6.529652,0.319910,8.111671,4.697905,-2.965678,-6.268342,-2.033295,-1.458743,0
-1.966655,1.332952,-0.973128,0.989632,0.594284,2.643149,2.134171,3.756055,0.962847,-3.250018,0.343878,-1.235167,-0.266368,-2.837730,2.898765,0.366952,1
2.361866,-4.677173,1.374958,-4.864543,1.933659,-2.392907,-1.895919,-0.350204,0.578308,0.823879,2.131351,-1.253655,-1.425371,-0.360565,-4.949512,0.065828,0
1.211390,3.423249,7.157599,-0.331698,5.141049,1.546828,-2.218476,-2.415371,-0.386584,3.787475,7.080401,3.943227,-0.141397,-0.807048,3.838670,2.319602,1
2.027088,1.025131,-0.712050,-2.169648,-2.232563,-0.118599,-8.554478,-1.006442,-0.102079,-2.839992,-3.545155,0.948719,1.649630,-0.841407,-5.586002,3.112558,0
3.555633,-1.761725,-0.426611,2.415547,4.197112,0.111275,-0.243656,-1.667655,3.198106,-5.634058,-3.351151,-0.564419,-0.403630,2.275710,2.339850,5.159102,1
2.257771,-1.283629,-2.394958,4.068205,0.538025,6.165485,-1.460208,-0.059086,-2.819913,-3.584764,2.150011,-5.391650,-2.378250,-2.253266,-3.271689,-2.186437,0
-1.551667,-6.166203,-3.366146,-6.166623,-1.358770,-3.187280,1.462773,2.246606,4.637288,-0.528767,-3.373668,-1.017936,4.926455,-4.549872,0.031973,3.140800,1
3.161774,0.289581,-6.556432,-4.442941,0.903435,-1.396950,4.240015,-3.120390,8.057938,-0.573288,-3.938362,2.267601,-2.338540,-0.846670,3.558870,-5.344548,0
-2.673405,4.209817,0.190641,3.075372,4.027623,1.853244,1.564891,-1.505070,2.108375,-5.008677,-0.833356,6.468591,1.784762,0.089288,2.545686,1.411918,1
2.653967,0.334776,0.249147,-2.341975,-2.057903,-1.406925,0.642698,6.062502,-2.852797,-5.206538,-1.357007,0.055681,4.498590,4.892662,0.855087,-2.781585,0
2.553224,3.115054,4.890311,5.292619,1.970248,3.378407,-6.932690,-0.619410,-0.872276,3.547891,-0.947800,3.711251,-1.537785,0.044793,7.387515,4.320880,1
-4.804067,0.678862,-4.955298,2.699455,0.633514,1.734289,4.242863,0.204599,0.745266,2.892559,0.164429,-2.851938,5.528608,1.116152,1.630621,-6.399967,0
-2.491131,-0.923244,4.553136,-0.958775,1.770171,2.065423,6.284602,-1.572597,-3.236035,-3.087887,2.986045,-0.295520,-1.839865,3.599034,3.895352,1.734853,1
-0.415646,-6.704306,-4.776949,-3.813297,-3.838251,3.721054,-2.025088,-5.758025,-4.082829,-2.596094,-1.995614,-2.766562,2.820723,4.217312,2.234690,-0.737061,0
4.808810,-4.869879,-0.390960,1.472207,3.959334,1.825154,-1.643816,-0.170526,4.188947,-1.321340,-0.019006,-0.207252,-3.613286,2.966023,0.734647,3.108743,1
0.106455,1.653414,0.670954,-2.264872,-5.098929,0.313919,0.595570,0.840063,-6.982910,-9.109890,-10.854355,1.960833,-0.558054,-0.375954,-0.378443,1.881716,0
-1.650836,1.458352,2.170060,-1.549242,-0.750426,4.223649,0.946407,0.529529,2.156442,0.719594,0.188786,2.492524,-5.723638,7.960841,3.964282,3.518842,1
0.347372,-4.966002,-0.278782,1.056316,-3.037066,-1.801839,-0.917772,-0.070719,-1.009297,-1.999523,-7.446169,-3.277684,-0.140373,-5.292313,-6.799082,-1.046374,0
-1.854690,-2.282612,5.768487,4.914508,2.250196,-3.605130,-1.985517,2.451076,6.708650,3.171887,-2.509686,-0.819425,-1.298528,1.696673,4.626412,7.650874,1
-1.478712,3.203384,-0.920629,-1.550040,2.377651,3.074402,3.457573,0.626814,3.617855,3.811907,-1.043738,-3.969124,2.842087,0.986116,-0.406237,1.357447,0
-0.884391,-2.247663,2.762607,5.807607,7.699391,-3.487758,-0.146969,3.131095,-1.552133,3.429404,-3.249007,-3.598134,0.944896,0.740311,4.897117,-0.067003,1
-0.266800,-3.434535,-2.005836,-4.016116,-6.037128,-0.038025,0.217382,-3.920680,4.668188,0.531502,0.216801,-6.615867,-2.047086,2.225044,-2.098219,-2.467039,0
-0.028560,1.596736,2.343043,3.985383,2.859462,-2.893498,2.531127,-2.443424,-0.448607,6.613418,4.646924,1.460828,3.861423,4.074210,4.258801,-5.480493,1
1.531555,1.930176,0.155401,1.241922,-6.013093,7.463476,-4.236355,-2.033173,-0.646267,-7.286817,0.185738,-3.875679,4.084635,-2.596942,1.408415,-1.669080,0
1.996110,-0.259790,2.099902,4.039050,2.577815,-4.618208,3.181384,1.006430,0.496124,-0.628757,6.395150,3.933242,-1.079897,-1.540914,1.110993,-5.165459,1
-1.321543,-1.238866,2.205177,3.401339,-8.023746,-2.027637,-2.225204,-2.433171,-3.842375,-3.796287,-4.923244,-1.599154,-0.695194,-4.195715,4.278242,0.034182,0
-6.150588,-0.660813,0.418076,-0.939078,0.167437,-1.382897,-4.238920,4.444276,1.204592,2.196136,-0.036556,2.639966,-5.385301,-7.182557,1.305200,3.281175,1
1.995611,1.360281,-5.871784,-2.523803,-2.413008,-0.583487,2.043633,-1.709168,-2.634393,-3.535156,-0.968129,-2.339837,0.523298,-5.543444,3.618477,-1.251436,0
-3.813643,4.925591,-2.499806,-4.414853,4.419560,3.249152,0.425648,3.441405,0.241285,-1.570724,-0.178748,6.170558,4.631383,-4.353632,-2.149019,4.848998,1
-5.910428,1.381657,-5.892432,-0.747858,1.029221,-2.797326,1.094954,3.001522,-3.622995,-0.032000,1.948420,-0.320446,-2.311887,0.266209,2.577150,2.574972,0
4.850169,0.874437,-0.093792,3.516349,-2.016932,5.602664,0.143826,3.642625,-3.257349,-2.187271,1.959027,-0.379595,0.147322,1.498702,0.974735,-1.229084,1
-1.815438,5.411829,-2.992867,0.542606,-8.427264,-2.613660,-1.351667,3.156710,-5.782781,-0.837369,0.044670,1.899931,-1.877352,-1.139800,0.738428,-5.617197,0
-5.372451,3.372691,4.947871,5.901509,-0.343544,-0.497509,-2.441292,-1.876869,0.442281,1.699281,5.682874,-3.126000,5.376719,-1.933524,8.153703,4.243985,1
-3.658850,0.794348,3.899542,2.293709,-3.388949,-5.317592,-5.536554,-4.009917,-3.817638,-1.020939,2.291918,7.741173,4.242908,4.622169,1.820259,-0.206226,0
1.617051,1.563880,3.425286,6.311076,-1.998232,-6.124547,1.764901,-4.573608,7.969853,1.497640,5.052695,2.603890,0.390414,-1.838827,6.055669,-1.032019,1
-7.239726,-3.652226,-2.995287,-3.346841,2.859123,-4.915114,3.434572,7.595640,-0.085041,0.475296,-3.506900,-0.434742,-1.667174,-2.033224,-0.336182,0.945246,0
6.082843,-0.328610,2.379819,-3.274171,4.963832,-0.844254,1.438066,2.242366,-0.384973,2.641820,5.483069,4.249236,-0.649161,-0.623935,-0.184088,-5.571053,1
-0.340311,-0.168768,-2.753185,-0.610816,-3.028667,-1.321513,-0.096359,2.429716,-2.193526,-5.465246,4.721195,4.342066,0.682737,1.948708,-1.592463,1.090693,0
1.961438,-3.198423,1.619328,-0.450927,-1.394359,0.648535,10.641273,3.384713,4.723495,1.829688,-1.107210,-3.145529,-3.287553,-5.888140,4.371221,0.619935,1
-2.688365,1.026495,-5.090742,-1.713980,1.372723,-1.400478,-1.573082,-6.298250,-1.512328,2.542112,-3.713137,-4.132688,0.501637,1.530769,2.431192,-1.754548,0
1.881627,-0.040396,-4.631638,0.984819,5.006492,2.363463,7.292317,10.934897,-2.033676,-4.846765,3.151843,0.340938,-1.833715,-1.042418,-0.145213,-2.595572,1
4.865122,-5.782537,-3.901488,-1.981193,1.952791,0.456951,2.221430,-3.873006,-3.932442,-0.004498,-6.712035,-4.499769,0.137022,-4.939004,-2.178309,0.154400,0
1.696475,-1.967164,0.604308,1.059255,-0.561285,4.005450,-0.283092,-0.123075,2.268003,0.351027,1.584367,-2.377329,-4.160398,1.372159,-2.618636,2.048804,1
-4.864368,1.432316,-2.706818,-2.491543,-1.073517,0.782719,2.239668,-1.361497,5.951887,-4.534462,-2.239162,-0.476662,-2.059073,0.451876,3.031437,1.200045,0
4.549359,4.259469,-3.200239,-1.396340,1.099341,-4.949496,3.185790,-0.085875,-4.202753,2.567651,5.845281,-0.674204,3.191888,7.349387,-5.282378,2.352063,1
-0.235781,-0.575487,3.437229,0.291840,-3.451301,-2.015605,-2.540689,-2.547413,-1.707764,-2.081610,-0.502853,-0.184074,-1.339282,-2.300305,-4.213203,0.669205,0
0.166254,-2.949645,-1.365476,-2.456267,2.956857,-1.362519,-2.310645,0.495791,2.433253,-0.267497,-4.158800,-2.775572,-3.064194,1.862121,0.049597,-3.138341,1
-2.610594,-1.516434,-1.965542,0.782486,6.939325,-6.016018,-6.860728,-0.972476,-2.377288,-2.400422,1.446663,0.314812,-7.664265,-1.585382,1.654249,-7.286246,0
1.735801,2.073897,2.816365,-2.835391,0.787430,-2.144767,5.440827,-3.348738,0.842295,5.207103,0.643362,3.217656,2.915883,-0.891370,4.074327,0.146737,1
1.679539,-0.754938,-3.743711,-4.797835,-1.986227,-0.946313,1.092875,-3.939263,-1.365795,-0.079855,-7.915248,3.390877,-1.555508,-4.844341,-3.359829,-1.815602,0
-1.947354,1.320219,-0.315694,3.261338,-0.713323,5.671634,4.035859,3.037150,-3.445619,2.553050,-3.118942,5.851001,2.471578,0.876972,-0.541161,2.912477,1
4.319304,-0.508892,-5.290352,-0.837958,-7.106294,-1.899989,1.174883,-3.750512,3.841087,0.578005,-2.429644,0.598768,-4.405792,1.154459,2.751316,1.357431,0
-0.955213,-3.452068,-0.437269,-1.131182,2.820292,3.625325,0.759229,2.687179,1.508195,3.559537,1.209160,0.438234,-0.624179,-0.649680,-1.392676,1.311925,1
3.870100,-3.406023,-0.141855,-1.047846,-0.588850,-3.688301,0.175688,3.867901,1.598892,3.162161,-1.586759,0.100954,-0.393370,0.001926,3.924313,-5.371531,0
-0.878107,0.421156,0.346663,0.356003,4.208274,-2.388412,-1.843872,-2.745707,0.082200,1.374728,0.565891,0.918180,4.790078,-2.154892,-1.250266,-3.495335,1
3.050753,-5.643756,-0.784086,-3.404919,1.450912,1.185736,-1.569238,0.272074,2.685776,2.935133,-3.460275,-5.009755,-1.734593,-1.854916,-0.503670,-1.375855,0
-2.045469,2.800242,1.131343,3.570043,-4.460007,0.286080,-3.443920,4.577088,2.911183,-4.287234,0.538571,-1.217805,-3.956349,-1.177091,-2.254689,6.901357,1
0.100975,2.684303,-0.700830,-4.294086,1.635012,-1.167367,-4.401683,2.972700,-1.930262,2.069845,-0.856619,-3.992158,-0.396671,-2.129640,-0.079105,-0.793911,0
1.977565,-1.676677,2.292409,-2.000777,-1.045652,-0.048982,4.429229,8.428285,-3.934835,-1.784272,-5.463729,2.591678,-1.719226,-1.206984,0.910393,-1.557265,1
-1.129984,0.832611,-5.485944,-4.414698,1.186062,1.821650,1.498497,3.265442,-0.169413,-3.522318,-5.184065,0.917324,-3.211786,-3.948391,-5.570004,1.431887,0
-2.139080,-0.981324,7.210120,-3.786413,4.345515,2.696052,-6.105186,-1.627308,6.966718,3.987872,-1.770716,1.374380,4.074843,0.552660,-1.232684,7.430120,1
-3.057202,3.992117,0.769436,-4.433475,0.322107,-2.724169,-4.891535,-0.320930,1.248878,-0.460943,-2.059817,3.484373,-3.068871,-2.255271,1.544062,2.874979,0
-2.844128,-3.105633,-1.172075,-0.008185,2.602681,1.755700,2.184857,-1.278390,-1.919692,1.114686,-3.107592,-0.232767,2.807576,4.533959,-0.986151,7.293551,1
0.193132,1.025343,1.496090,-2.463555,3.449894,-2.845801,-5.309215,-3.472671,-0.705003,-0.680342,-2.630607,-1.610912,-2.723202,-3.155141,-1.132168,0.982367,0
4.766355,1.688361,-8.071098,2.153661,-3.144717,0.376595,1.043088,4.517228,0.530010,-0.704188,5.982274,5.830333,1.753356,-0.037153,1.835881,-0.163731,1
-7.382220,0.062376,-2.161073,-2.892078,-1.029703,-5.194494,0.617874,0.952215,-6.058768,1.086395,-2.459702,1.755903,-6.194284,-0.796180,1.863386,-5.408098,0
1.603656,5.170684,4.369103,-1.764379,-4.299960,-2.297271,3.399295,1.126064,-3.501163,2.114366,-0.044818,4.045766,0.398532,5.899688,0.090737,-1.180779,1
5.755110,3.213270,-1.810659,3.801462,2.216232,0.957514,-1.623580,-3.915877,1.611172,2.160168,3.426538,-3.824246,-2.684403,-5.087603,-0.470699,-2.785756,0
2.506013,6.316640,-0.750014,4.295653,1.133630,-3.520006,1.328091,-3.119203,0.104532,4.570554,-0.989246,-3.446712,3.191337,2.305739,6.918653,-5.526386,1
2.485456,-6.103684,-0.164852,-6.287338,6.965368,-0.041363,-1.283525,0.771025,-1.649413,2.158831,-0.105711,-6.349976,-1.992096,-3.475805,0.030458,-2.688466,0
4.283366,-1.460068,0.253602,-1.168590,3.983832,-4.818459,3.767015,-6.579105,2.796176,3.037610,-2.411623,3.599946,-0.658062,8.228778,3.460246,-0.495348,1
1.105446,-0.047817,-0.552908,-0.036350,-3.688647,4.827169,0.243032,2.134188,-2.102366,-1.315762,-1.579911,0.567089,-3.781178,-1.788686,-1.431356,-1.288213,0
0.593001,6.309815,2.231755,-5.704309,-2.723771,0.117334,-4.212123,5.036716,1.431220,-2.347179,0.074734,3.353259,3.193261,2.271174,1.762462,2.483661,1
-0.199869,-1.458069,1.614717,-2.174859,-2.368809,1.819244,0.986279,0.033617,1.375273,-0.743838,1.539448,-0.409546,1.497200,2.397533,2.062832,-2.929660,0
0.826990,-0.962100,0.414092,4.055512,-0.855189,-1.458063,2.928800,-2.083858,-2.283431,2.109916,6.880223,4.282994,1.206090,0.736802,-2.545261,0.738894,1
-3.841863,-4.012030,1.700981,-5.267070,-2.184787,-3.376640,-4.394226,0.477833,0.660717,-4.001467,-1.673910,-3.140309,-1.363138,-4.327627,-2.842072,-4.734890,0
0.792044,3.338061,1.843869,0.588892,4.681045,-2.381370,1.635039,1.254389,4.352733,9.241418,2.790298,0.447326,4.700662,4.919412,2.039323,-1.753756,1
1.911247,0.155903,3.463167,-1.720359,2.797775,0.657310,-1.939180,-0.481709,1.683702,0.902767,-5.367327,-0.524712,-3.940502,0.497709,-1.169362,0.240921,0
0.724463,0.461896,0.837489,-0.458439,-0.770517,5.237702,4.222198,3.245143,2.340632,-2.279143,4.486716,-4.579226,-0.928452,-1.843176,-2.522680,2.822507,1
-0.713372,-5.973332,-3.795224,-5.573816,-1.465537,2.332878,2.322018,-3.873636,0.405703,-5.282053,0.212856,-2.619349,-6.588583,-3.075826,-1.715466,2.112181,0
2.058917,-3.300352,0.125211,4.712293,-2.234172,4.134526,-1.545877,2.142226,2.767390,5.924088,2.822633,2.412810,-0.189859,8.422713,2.852948,0.696680,1
3.118540,-1.687309,-1.080710,0.057562,2.739313,-5.670889,-2.414306,-0.557917,-4.359187,-3.527262,-0.378410,3.630661,-2.113260,1.738695,2.618284,-0.060408,0
1.820971,2.116065,-5.275497,2.378922,6.675725,4.076282,-1.830957,-0.655942,1.286619,-4.041657,5.877973,0.377746,-3.424855,5.642676,3.073342,0.691566,1
1.232639,5.398380,3.080231,-4.124054,-0.393131,1.040419,-1.895901,2.928202,-5.162176,2.614223,-3.719124,-2.962985,-7.893754,-2.313826,-5.560142,2.396221,0
-2.264853,-4.070965,3.907376,1.013153,-1.764495,-0.774445,7.255351,2.997577,0.641979,1.214292,-0.300919,3.719729,3.164899,-0.168860,-3.602083,-0.483832,1
1.587641,0.727837,-0.561596,-0.963239,-2.080488,-2.099455,0.755245,5.878815,-3.871053,8.009474,-5.159223,2.966488,-5.201273,2.755148,-1.296583,-4.316396,0
1.300040,1.411620,-2.492228,-0.363926,4.093602,4.085238,-3.855875,-0.458415,0.060638,-6.735739,0.361785,7.581679,4.628949,-6.611633,6.788970,5.222503,1
0.765625,2.898291,3.756094,-1.896280,-0.569914,-3.927563,5.814407,-3.441440,1.019451,-2.895134,0.973253,-3.512245,0.044632,2.594545,6.812405,-1.307793,0
5.120116,0.351027,1.019599,4.360402,3.995673,4.904471,6.392480,4.302423,-4.029786,1.941331,2.428128,-3.447463,-1.610877,-1.454902,-2.207487,2.749915,1
-3.473656,-4.109077,0.673876,-2.441617,-2.547767,3.538300,2.341417,2.279003,1.444141,-2.592872,-4.936806,-7.733580,2.351278,3.060438,-4.040952,-8.645438,0
4.570741,-2.660660,-3.416355,-1.733273,4.692231,1.245765,-1.297366,-2.147229,-0.481739,2.777766,-1.611422,6.346423,1.760602,1.307270,0.348948,0.689116,1
-1.792630,-1.250884,3.626440,-3.062881,5.189697,-1.838360,-1.327998,0.998898,5.377224,-2.490768,-4.991094,-3.491469,-4.572214,0.220959,-1.772830,-1.220338,0
0.632221,-1.398316,3.718411,6.651774,4.575231,-0.786325,2.784562,2.136134,-4.079671,-4.068042,4.503926,-2.032926,6.217265,-3.121889,2.771682,3.307488,1
4.261223,6.454884,-2.794188,-2.502484,-2.352308,2.127748,-2.944781,-2.131251,3.316301,6.019079,0.109835,-3.362717,-2.713195,-1.847328,0.456894,1.329880,0
2.382735,2.337119,1.546803,2.426454,2.122235,-0.411613,1.450379,3.585275,0.588883,5.140454,-1.893695,5.051028,-5.613606,0.990135,4.872697,5.090308,1
4.001890,-0.133886,-5.705230,-2.134148,-2.984636,3.113483,-3.448995,-0.261950,-3.277435,-1.369347,-2.274369,4.936153,-1.066041,-2.473269,-0.968813,0.342230,0
-5.693641,-3.081536,-6.391717,-0.862466,-0.801009,4.338265,-1.478719,5.980258,-0.673693,3.779473,5.228324,1.736703,2.451364,-0.030149,-3.245809,7.044477,1
-2.373672,0.400570,0.198586,2.241926,5.985645,1.122934,6.863756,4.124184,-3.311130,0.584503,-0.029579,2.237671,-5.938879,-4.530567,-1.962962,-5.573511,0
1.251940,-0.156615,0.204685,3.465140,-0.103775,-7.892605,-2.015036,-0.032648,3.074054,0.357409,-0.728117,6.057002,1.713191,-3.790366,3.022861,6.110219,1
-6.753188,-1.865813,0.243881,-3.677125,-0.238735,5.414295,0.021231,1.293089,-0.888947,-3.148540,0.681719,4.789742,-5.041259,5.580248,1.022261,-3.402040,0
5.555036,1.642549,-5.037576,0.884760,1.318001,5.308448,-0.961386,-0.473945,1.578849,0.020289,-1.686379,-0.407619,3.526458,-0.099091,-1.681185,-0.892356,1
-3.843276,-0.576365,-2.323048,1.572332,-5.277934,-6.165679,-3.026170,-1.354735,-1.729307,0.864162,0.199663,1.829779,2.278252,1.643917,-3.038513,0.501535,0
-2.132249,1.983251,-0.322949,7.133964,-1.340352,-0.882804,7.491656,0.873173,-0.067317,6.361442,-4.971392,-0.419977,-1.385036,-0.534983,-0.205709,3.091409,1
