0.414738,-4.823464,-0.705842,-3.923475,-7.278109,-0.246620,2.909893,-0.890839,-2.642043,0.267368,-2.136498,-1.498902,-1.153481,1.063635,0.203407,-2.815553,0
2.006909,-2.486491,1.224767,4.318906,1.041594,-5.401353,3.206717,-3.656784,0.900450,-7.048476,-2.760206,0.812915,2.377612,-1.506999,-0.576066,-2.361592,1
0.933531,1.384312,1.944689,2.023890,-4.927787,-0.121225,1.988817,-2.997734,1.516005,2.435822,-0.496805,3.166594,1.085823,-3.717082,-7.812491,-2.751631,0
9.072202,0.599311,0.128880,1.853112,-4.065245,5.366252,2.837745,-2.110997,-4.515700,-0.764604,-0.980817,4.109097,2.354806,1.988784,3.578353,-4.734210,1
1.873257,-3.901911,3.462221,-1.275951,1.036213,5.969347,1.119877,-1.643970,3.008438,-3.041356,5.780933,-4.612691,2.260662,-0.168247,0.001482,-5.880599,0
-0.922280,4.150811,-2.069257,-1.449506,4.845979,-0.854962,7.103526,0.814660,-0.842038,-1.236000,3.322389,0.511322,-0.167294,2.658412,2.828256,-2.421526,1
8.316631,4.530584,0.914921,-0.648308,3.386074,-1.684582,-3.977102,-0.544256,-0.076918,2.695108,-2.429688,-0.672606,-6.016691,-6.254738,-3.511823,-0.718273,0
3.416865,0.979281,5.204444,1.131173,6.020375,-3.015158,0.885889,-0.364096,1.228309,3.516353,-0.701022,1.487784,0.129876,-7.165535,-6.934929,1.606730,1
-3.974838,-1.158892,1.618704,-4.556671,-0.386362,-3.123482,0.705971,0.240881,-2.456526,-4.816521,-1.875830,4.534214,2.110266,0.853647,-1.789706,1.490561,0
0.591546,3.679330,-1.260768,1.919887,-0.524796,-1.359485,5.163247,2.111543,0.741352,-1.851443,0.958421,0.437592,-2.183375,1.199594,1.576022,8.758853,1
-8.510839,-1.459632,0.302509,-8.428572,-5.442454,1.171516,2.253284,0.912170,-0.545132,-1.841686,-5.667585,-2.451069,0.196884,6.526806,-1.857437,0.919594,0
-4.971881,1.273631,5.993533,3.580707,7.000930,0.990279,0.533737,2.128463,-2.141067,2.775655,-4.061071,-4.389677,3.562383,-1.571201,-1.485997,-1.972273,1
0.906696,0.341141,0.408922,-0.086315,-4.185277,-6.837542,-3.492466,-1.658188,-2.852271,-6.751658,2.127363,0.509321,0.497286,2.927818,-0.483185,-5.876203,0
-3.385440,3.553561,-0.958349,-0.562313,-2.106124,-2.854189,1.990108,-1.392413,-0.671979,1.257580,5.771283,-7.257900,2.198834,-2.162919,1.872622,2.513041,1
-1.726151,-7.533878,3.334723,-1.189889,-3.086820,-5.031384,-1.563353,2.391159,-4.080800,5.746017,-6.190179,-0.175400,0.898081,-1.023987,-6.630116,2.595976,0
2.369203,2.087728,2.143983,3.952561,-2.330647,-0.079902,-1.731242,-0.061460,0.056254,-4.451612,-3.865874,0.913219,-2.289069,-2.662919,1.492105,1.439639,1
-4.810533,-3.593530,-3.036304,0.774878,-1.241635,-10.463348,-4.966894,-0.253138,-1.730906,0.806801,-0.303202,-2.108719,-1.213972,5.216852,-2.555005,7.756674,0
-3.208105,-0.396086,1.561200,-1.546068,0.003546,1.146445,3.371982,1.765260,0.463790,-8.070346,1.739335,4.367883,6.800620,4.064301,-1.939544,2.060557,1
4.270254,-4.876289,1.188339,2.651091,0.078045,1.536085,-1.917037,2.666746,-5.440475,-1.252384,-5.586102,-0.818488,-1.501711,-5.972144,-0.467154,-5.068851,0
-3.556205,-1.250203,-6.365583,1.639195,4.543616,-0.099913,0.026074,1.212017,-0.910782,1.978326,1.574714,-3.503384,-4.558385,2.266620,-4.073814,-0.715608,1
-3.897187,1.258749,0.857967,1.151289,0.253632,-1.298379,3.084923,7.135303,3.688871,1.399981,-1.387656,5.100086,3.989321,-2.730722,0.677269,-5.860569,0
2.218539,2.941035,4.486472,-5.359014,0.730168,1.179043,7.103473,-3.750381,4.279796,-1.248451,-2.700469,1.477311,2.358062,3.994143,0.049669,1.850732,1
-0.660158,-5.015517,-1.363835,-2.985252,0.731533,0.936270,0.171961,0.907267,-0.922405,-1.428765,-3.389252,0.542591,1.449917,-0.385281,-0.727417,0.473772,0
-1.699639,3.299542,-1.568660,1.719396,-4.011250,-3.677485,2.701207,-5.065532,-2.922069,0.884929,2.361609,4.935693,-0.188961,2.525281,-0.299224,8.278409,1
-6.336709,2.980303,-2.666649,-0.067316,-5.515676,-0.238714,-3.270145,-5.494966,-6.608261,-0.567583,-5.668131,-4.564697,1.379784,-2.566467,1.443094,-0.065737,0
0.060555,0.528080,2.907319,-0.452112,-2.273540,1.951417,2.538972,-0.246762,-0.615715,2.407119,-2.583841,0.149083,3.714055,-2.366331,1.467885,2.237035,1
-6.730044,-3.309826,0.747593,-3.165949,-2.548882,6.497265,-0.465590,-3.622554,-2.609584,-2.029055,-3.334208,3.042311,-0.677031,-0.584444,-5.007771,-5.108940,0
2.473199,2.673633,2.225972,3.577786,-2.463419,-0.019561,7.194411,-0.704228,0.326408,-4.695230,1.844125,2.346488,-1.080029,-3.064571,-1.987233,-0.657168,1
4.875202,-1.712688,-3.136871,-2.143353,-7.360107,-5.323082,-5.529167,-0.506392,-3.424316,1.949780,-0.942278,-1.842459,-6.531365,-1.653727,4.861292,1.292629,0
-1.432548,2.408040,-1.432145,0.861699,1.571944,-3.286261,-1.901519,-0.082918,-0.953090,-2.647473,-0.299314,2.879905,0.845860,-3.537545,0.381632,0.892577,1
1.265059,-2.643455,-6.888046,-1.842135,0.737894,-2.737311,-0.185020,-4.171190,0.096170,3.660820,-1.210988,-5.103129,-6.753523,-4.299807,0.125603,1.917423,0
-0.408095,-1.776602,5.180747,3.429330,0.173656,-2.611917,2.210773,-0.771052,-3.682624,-0.169512,-2.554980,-0.701477,-4.122905,5.279044,-2.586771,-0.891901,1
-5.097496,1.760130,-2.482681,-0.662536,7.563402,3.111435,-0.013126,0.610842,4.915295,-5.189855,-0.237431,-1.856601,4.786564,0.516344,-7.710671,-1.560699,0
-2.418078,-1.170766,-0.025542,1.573184,-4.439097,2.973399,0.709294,1.188472,0.037879,-7.535233,2.882110,2.582414,3.874438,9.561051,2.366118,3.116933,1
-1.212404,-2.278625,3.723511,-0.896769,-3.225540,1.555799,-0.037476,-3.719993,-2.165738,2.162762,-2.963399,3.614620,1.621695,1.887882,0.240431,0.995523,0
4.294642,2.014113,-3.416591,2.980159,5.224105,3.411754,-0.135918,-1.008308,-1.230115,2.039439,-1.537643,-2.392253,0.204900,-2.041243,3.562051,0.080930,1
-3.751288,-6.456876,-0.459166,0.769909,2.576813,-7.008821,-2.299278,-0.830085,-0.485455,-0.436691,-1.317013,0.332371,-0.306889,-2.513412,-3.769399,-6.791557,0
-5.203880,2.820947,-2.115133,-0.014044,-2.073953,0.082446,1.084702,3.052312,4.104638,3.493323,-0.818038,-2.887737,0.187376,7.484576,0.181905,-0.450783,1
-1.262954,4.400461,0.166063,4.159979,2.062033,-1.132354,3.840296,0.346748,-3.566626,-0.789531,1.798124,0.342285,-7.226991,-0.225216,3.739677,-4.566571,0
1.452033,2.571387,3.547866,-0.238390,3.776090,-0.553880,-1.298306,0.527504,-3.216576,6.696900,-0.727884,-1.314738,-0.209555,-7.347670,0.842329,-0.182898,1
3.781134,-1.132812,-6.876705,1.146452,-0.214159,-1.767573,-1.332877,1.770023,2.065844,5.206581,-0.161379,-0.682999,0.174377,4.389399,-3.425514,-1.966337,0
-0.364955,-0.153686,2.670598,-3.026878,-0.602907,4.114682,3.482293,0.154297,-5.395507,-1.658612,0.086153,0.626943,-2.523998,10.129020,6.241889,2.740138,1
5.015591,-0.457325,-0.308786,-0.109354,1.435404,-2.726911,4.398258,1.731791,0.957684,-7.713598,-1.844613,1.919758,1.326694,-0.540972,3.251139,-1.533075,0
4.185872,2.016307,3.373595,2.409150,-6.423902,-0.564557,-4.267414,3.494800,1.238952,-1.618426,2.046552,1.536176,8.589555,2.301738,-1.750205,6.302407,1
-1.687843,3.133589,-0.827975,1.526953,-3.058268,1.502533,-5.174026,-2.986139,-0.178310,-3.427123,1.412506,-8.602194,-2.243148,5.959230,-5.710110,-2.014601,0
-2.124963,0.356163,3.485616,5.679679,6.578769,4.252671,-1.012527,0.649838,-0.886944,3.166036,3.109199,-2.457578,-0.727674,-0.172349,-0.051893,3.050500,1
1.616306,4.760714,-0.790765,-1.668196,3.342743,-1.388733,-2.808537,2.191435,-1.421001,-1.203184,-2.057178,-2.903850,2.453800,-4.764853,-4.313737,-6.600743,0
3.560473,-0.164453,6.059932,1.020691,1.077299,5.217969,5.557086,3.140679,1.934302,3.296121,-1.626945,4.484977,-1.420117,-3.815184,3.647212,-0.042427,1
4.508135,0.078478,-2.702605,-0.013636,-1.986464,0.673349,-5.965823,-2.657510,3.331520,-0.078924,0.024200,-5.834926,1.445427,0.881269,-2.159503,-4.246002,0
-0.579000,7.063521,3.199901,1.738492,0.835050,1.031811,-5.341160,1.248207,-3.381135,-0.744456,2.693336,2.308354,3.819459,6.297379,-0.947205,3.543641,1
-1.986907,-4.868433,-1.371180,-0.366766,-0.574507,-3.631115,-0.851651,5.002687,-2.192964,-3.705900,2.804274,-0.680449,1.532316,-0.063559,-2.414983,1.554882,0
4.242732,-2.717287,3.262282,-2.082520,0.050883,-2.356126,1.386274,1.844653,1.882991,2.397019,-0.764150,5.224706,1.677035,4.179727,1.497109,4.184264,1
1.530546,-0.529793,-1.406322,7.877657,-3.661975,-2.521110,-1.534480,-7.459574,-8.128533,3.236935,-6.816463,0.467716,-6.625865,-1.764874,-0.300411,-10.182320,0
-0.015135,-4.467124,1.704625,2.504630,1.887240,7.500241,-3.135140,0.125956,4.046948,2.978221,0.999221,-3.072555,-0.173268,-1.321560,3.630134,0.595066,1
-2.093558,2.416040,-2.158142,1.877861,2.465530,-3.934473,-0.533785,1.726973,-5.154420,-4.489012,-1.714110,-0.294956,1.836409,-4.635507,3.137411,-2.170964,0
0.786133,4.958289,3.367610,-4.747146,1.859212,2.323195,-0.527234,8.842017,-4.555479,4.414746,-2.633436,0.850209,-1.750710,-6.171576,4.844337,4.535266,1
-3.011387,-4.221716,-2.591721,0.535259,-5.990999,-3.893518,2.660679,0.197834,-6.613740,0.919794,0.860071,-3.939861,-4.658792,-5.548135,-3.152373,-3.306982,0
0.788213,-0.488213,5.311732,1.232899,3.140548,1.857347,-0.553901,4.674483,3.529429,-1.189009,-0.449021,1.268668,-2.503148,-1.616095,-6.751105,-0.068129,1
-3.679498,-2.577853,-2.691574,-3.258894,4.347565,-4.012266,-0.062185,1.984594,-1.822227,-2.259474,5.580915,2.648933,4.818666,-0.723089,-2.120688,-7.129131,0
6.083726,6.497689,-2.283067,-1.826451,2.516221,1.919600,-2.256596,1.061999,-0.565665,1.625829,4.296571,0.712087,3.839217,2.007382,-2.701374,4.390279,1
-1.987935,-0.499905,-1.472506,-8.573845,2.191130,-0.030684,-0.063040,5.355888,0.035820,-2.217546,3.020775,-2.171853,-0.765040,-2.166613,-0.982303,-0.814540,0
0.241169,1.315530,3.766503,3.048591,0.586201,0.514418,3.497380,1.112494,-0.574940,0.202621,1.618457,0.594859,5.034642,0.194555,-4.200200,0.760021,1
-5.782171,1.688696,-2.776915,0.620398,-0.032244,-6.958565,-2.704452,1.137283,-7.286586,1.283333,-1.969047,-3.113645,1.227703,-0.540916,0.037643,3.172318,0
4.232306,-1.162436,-2.856688,2.274180,3.507081,3.365212,5.879624,-0.921309,1.046438,5.252765,1.765939,2.430474,-1.541104,0.485534,-4.081275,-0.492116,1
2.018377,-0.715201,3.188427,-4.991506,-4.457551,-1.973345,-1.933838,2.315472,-5.032346,-0.596327,-2.858753,0.470135,-3.095398,0.907921,-2.912519,0.010521,0
1.493243,-2.187412,-2.914420,3.566939,4.727851,-0.103374,0.900655,3.001481,0.504930,1.055460,2.135688,-1.698127,0.251274,0.752064,-1.197557,0.654910,1
-0.281609,-3.402901,1.408678,-7.944636,0.766218,-2.591487,0.464857,0.459188,0.023756,-1.990542,3.661324,-0.123960,-8.854026,-2.683039,-4.134227,-7.332642,0
6.202218,-0.739470,-2.617999,-1.782070,3.913804,3.050317,2.281837,4.226930,3.368054,-2.395039,2.111571,-2.965828,-2.778839,3.334683,-1.657161,-2.865914,1
-1.066796,-0.892107,1.275858,-2.469448,-1.718487,-0.632486,-2.122653,2.581627,1.561125,-2.858803,-1.185926,1.062477,-4.897726,-0.293972,4.314760,-2.969278,0
4.135345,-0.240944,-0.752452,0.145475,3.252345,3.399064,-3.872638,5.289109,0.822054,0.634151,3.248832,-2.222152,-0.660541,2.909680,1.119542,7.777785,1
3.884041,2.580095,-0.143452,0.231823,-2.880753,-5.000283,-4.940254,0.889080,-5.001584,3.749348,-1.960760,-6.173304,4.144653,-2.178419,3.556112,6.997303,0
1.556567,0.611420,1.454062,0.330507,4.309510,-7.265087,3.490603,-0.471927,1.733033,-5.576250,-5.029687,1.474378,-1.185763,3.260701,5.187922,1.280045,1
-2.408603,-0.991558,0.145050,-6.283043,2.709297,-1.842801,-0.468452,0.193281,-3.828706,-0.067728,-4.320554,0.377018,1.662716,-0.381603,-1.612118,-0.353163,0
1.596879,-0.027178,4.167077,1.672172,-1.149865,4.120017,0.924114,1.548459,3.011382,-0.825295,2.914376,1.825995,0.204162,2.062507,-1.542250,5.566043,1
-0.731573,-1.391036,-2.175956,0.008675,-3.848543,4.227966,0.288639,1.098715,-0.559528,-1.827951,-0.650691,-6.000879,-1.247972,-4.424213,-5.239703,-0.661067,0
0.396406,-0.625735,1.179923,-1.705994,0.787887,-5.971345,1.205538,-2.941036,0.945214,-1.435694,1.213822,5.968743,4.222203,-1.245493,9.912147,2.874061,1
-3.312046,1.917889,-3.281960,-1.719076,2.250063,-4.523309,-1.777223,-1.884326,-5.518046,-3.341961,3.078032,-1.963978,0.273949,-4.688171,-0.333328,-2.948547,0
2.179307,-1.302691,-5.684875,3.761588,1.385067,0.376645,-0.458721,-4.815677,0.876075,1.006256,-2.185331,0.263883,3.206235,-4.744781,8.997594,-2.898604,1
-1.621621,3.807606,-2.510820,3.992666,0.234125,7.700987,-0.301510,-1.365834,5.326805,-0.147566,-7.121055,-0.221802,1.019960,-4.702991,0.225752,-1.862571,0
1.425048,-1.156091,1.240438,-1.173356,1.872815,1.519370,0.014651,-1.552547,-3.265038,7.587817,4.229581,-0.006571,2.629153,2.927360,3.476535,2.119843,1
7.542156,-3.012973,4.238737,-1.376579,2.533438,3.090841,2.355726,-0.020239,1.300415,-4.833955,-1.975981,-2.423629,5.877352,0.363165,-2.997035,-1.445982,0
2.773879,-5.009973,0.081997,3.073529,3.630481,6.331393,2.235354,0.530907,-1.195069,5.171636,-0.445953,3.340327,5.296687,-0.807037,-4.591484,-1.269261,1
-1.810856,-5.287028,-6.033102,1.222786,-1.764424,-1.037392,-2.124199,-2.507104,-3.969116,-0.825212,-1.636256,3.082008,-4.266235,-6.229401,-0.076319,-5.632068,0
-0.629338,2.373727,2.978126,-5.936982,-5.852892,3.142995,1.235263,-0.793965,-5.183894,-5.974922,6.227679,3.107642,-0.723740,-1.342216,2.971259,2.577859,1
-4.061499,0.428762,6.704903,-1.158275,1.941128,5.081490,-5.159161,-0.554913,-2.072707,-6.100164,-1.988621,-3.400353,-2.040960,-3.996242,-1.022376,-0.945695,0
3.356343,1.964599,-3.644274,3.200240,-2.296817,-0.513600,2.830735,0.692566,0.690775,1.293915,0.973407,5.340173,-3.599970,-2.340740,0.312052,-1.803562,1
-0.660432,2.846451,0.681925,-0.397968,-4.188974,-3.976610,-1.799429,-1.473268,-0.480734,5.307383,-0.276033,1.828070,-4.087713,0.560898,-0.688885,-2.544891,0
-3.595391,-1.365090,3.580131,10.335145,-0.988784,3.666760,2.841182,4.676730,5.230514,-5.757752,1.177263,-3.773372,3.238940,-2.702003,-2.812311,-1.371365,1
1.040148,-0.239969,4.754868,-3.138292,0.638855,1.353893,0.274593,1.820868,0.015060,2.626385,0.418137,0.366816,-8.081926,2.501930,0.006674,-0.770559,0
7.035071,2.534356,1.429505,-3.612915,0.632384,-1.127257,0.477961,3.973216,-2.160083,1.726214,1.024308,4.583863,-0.082633,-3.213050,1.336596,6.749454,1
-2.498549,-1.140819,2.193464,-0.575817,-6.240115,-2.967328,-4.889622,-0.303808,1.969114,-2.972269,0.225691,2.103268,-2.816815,-4.173160,0.452101,-0.370144,0
0.592891,0.159657,-3.489332,-0.848159,0.568552,0.248307,4.424893,6.784106,-3.107835,-3.654771,3.453958,-3.408296,0.017369,1.200977,3.504865,1.155721,1
-3.916117,2.427244,-6.975318,-2.988173,-5.491091,0.509132,-1.094400,-2.490903,-2.402625,1.527433,-3.709449,-5.187272,1.089016,1.389917,1.263674,-2.657726,0
1.819503,-1.033562,4.789266,-1.615549,1.548694,0.461321,1.692948,-5.686105,4.992896,4.629262,2.591670,-0.665437,2.434011,-3.919651,2.322675,1.405623,1
0.959936,0.114426,-3.799953,-4.484558,-1.593216,4.456390,-4.922974,-0.686962,-3.374528,-2.992362,-0.772272,-0.376945,-2.436872,4.229944,5.299385,0.888735,0
3.758958,0.760920,0.522099,2.825791,0.884159,-3.527035,1.071350,-1.760806,0.092234,0.512952,3.641599,-4.966921,-5.288298,4.412427,-1.056370,7.224668,1
6.187271,2.612989,2.195087,-1.883050,-0.376364,-1.560508,-1.074924,3.375925,-2.303909,3.703690,-4.090686,-1.736053,4.449554,-4.930282,-8.776300,-0.156738,0
2.905114,-0.992565,2.241227,0.674041,6.118787,-2.183710,2.073831,-5.657797,-1.334350,0.232437,5.864497,-5.132074,-1.928786,2.722552,-4.172702,0.715703,1
-2.798021,0.286610,2.268778,2.254696,2.145706,2.369125,1.094572,-2.891114,0.426830,-0.424377,1.533379,2.118534,-4.117592,-0.755725,1.854860,-3.475508,0
0.373037,2.168170,-4.010303,2.563241,1.153458,0.993735,0.588636,1.536197,0.964653,-5.361864,3.349109,4.252145,1.269595,3.608981,6.849166,1.096272,1
-5.074592,2.943897,-3.901799,0.215864,5.068764,3.772943,1.280111,0.077446,1.073494,6.703573,-4.118190,-0.306749,5.811775,2.445074,-0.277468,4.302622,0
1.004038,2.047086,-3.805679,1.663610,9.219968,-0.877446,-1.935709,-0.634683,7.581325,-2.725348,-4.863049,1.466674,2.483806,-0.862361,-4.100484,-3.964532,1
8.815258,1.205711,-2.464186,-4.570745,2.568871,2.256594,0.168339,3.702759,-2.437307,-1.318055,1.834167,2.370661,2.948040,-2.248934,-2.155504,-7.168741,0
4.117280,0.167730,6.508304,-0.514439,4.044444,7.781392,0.790276,0.408047,1.255609,-0.231189,1.324894,1.293444,-0.393803,-2.357123,-3.241731,0.612169,1
3.790274,2.725843,-1.662927,3.912128,2.331039,0.540749,-0.080765,-1.743831,3.763552,-1.934143,-6.154087,-4.571916,-0.015739,-0.317701,-1.762709,1.034126,0
-3.350997,4.408704,-1.131986,1.111983,1.696898,-5.517939,-2.013722,0.782594,6.542365,2.381822,-1.459497,4.306924,-3.127624,0.927135,1.808879,4.809581,1
-2.270998,0.899069,-10.914083,-1.958335,0.099726,4.425777,-3.707207,-0.109247,1.760687,2.147068,-0.489862,0.611700,-1.999804,1.472540,-2.046532,-1.116135,0
3.221736,-2.388638,-1.581667,3.850755,10.558526,6.199571,-1.371119,-6.006116,4.409181,0.961818,-2.664233,-4.783884,2.064534,1.179620,2.766099,-4.219498,1
2.470085,-0.849206,2.526743,-1.056352,-0.135197,-1.103569,-2.697892,-1.233645,-6.413056,-3.211459,-2.430448,-2.926982,-1.043747,-1.210275,-4.208223,3.942085,0
-1.120621,3.379539,4.447955,5.681033,-0.944281,-0.029695,-2.706921,5.125369,3.400651,-0.335755,0.948665,-0.968676,2.145726,-3.148856,-5.200196,-1.773547,1
-1.804055,-2.499296,-2.264086,-0.061531,0.587477,0.771143,2.860722,3.206839,2.318588,-5.333466,-5.128041,1.423634,-0.266142,1.436905,-2.179168,-5.606926,0
-0.870470,7.181424,4.448792,0.098102,2.350446,2.666787,1.182656,-0.883358,4.513488,0.943639,-1.963429,5.802337,4.859920,3.255029,0.125535,-1.191965,1
-7.112925,2.399460,2.481163,1.307676,-5.108542,3.893049,-2.283314,-4.913115,3.322948,2.017597,2.082956,-2.833032,-4.866733,-0.246082,3.538059,-3.115790,0
2.494836,-2.421486,4.283505,5.754788,0.738709,1.076886,0.034218,3.722434,4.110148,3.680921,0.748999,2.602361,2.012063,-4.669936,-0.861838,-1.470450,1
0.334673,1.978380,-0.077953,-1.504005,-3.008269,-5.286552,1.742117,-0.360355,3.816772,2.943018,-2.922992,-0.970768,2.429646,-1.307752,-4.556276,3.936884,0
4.917266,-1.842147,4.726130,-2.923099,-1.709965,-2.430040,0.321612,1.322413,0.504086,1.812348,-1.544221,0.504617,-2.493489,4.992152,-1.369579,-1.942549,1
-6.372073,-5.692739,-8.234535,4.372856,-2.912297,-3.650168,-1.887040,-0.192719,0.363609,-5.169434,-5.293730,1.532850,0.127396,2.010244,-3.138547,-4.033949,0
-2.001497,6.844155,9.311294,2.660203,0.244697,2.131465,-2.349751,-0.605664,1.893651,-2.850512,-1.297063,7.459128,-3.958077,5.602414,-0.532611,4.283809,1
0.137188,-1.516813,-1.194236,1.225817,-2.244905,3.513588,-2.716413,0.875036,-2.048609,-0.704708,-3.570568,0.153202,-2.901052,-2.044182,-2.808980,0.234047,0
0.004242,-0.767400,-0.560642,4.247752,1.263047,4.293733,4.723243,0.875958,2.632098,-2.275337,2.891234,-1.798225,1.424331,2.938039,7.323104,3.949632,1
0.858727,0.855175,1.027861,4.269482,1.373091,-0.670772,2.082842,1.260014,-4.876987,-6.315579,2.513838,0.960417,-2.855536,-1.254315,2.924610,0.135927,0
-2.492076,3.066302,3.720796,1.443362,6.237390,1.279138,-0.536413,2.562472,-1.956692,-5.247427,1.785522,6.574124,-3.919667,-0.781286,-3.894054,-0.136489,1
-4.364445,-2.819288,-1.738214,-1.063165,-2.506985,-4.324530,-6.122298,-4.392356,-4.173944,1.623394,-4.625998,1.041706,-0.409840,-1.301147,1.536888,-2.942004,0
-1.214267,1.645764,1.709939,-3.350859,5.308301,-1.770229,1.316308,-4.473232,2.475741,1.139052,0.246391,-0.954311,-0.159466,-1.851933,-1.549562,-3.711073,1
-2.071774,-6.403638,-3.518393,-3.635961,-2.339529,-2.152247,-1.766864,1.717772,1.069151,0.820719,-3.707588,-3.539531,-3.926136,-2.816273,0.203218,4.046217,0
1.982327,4.095517,0.964469,2.655784,0.251439,5.062028,-3.542397,2.709804,6.515252,-3.310375,3.683553,5.943576,-1.642974,1.515857,-1.095298,6.288568,1
-0.353884,-1.846845,0.515036,1.710865,-2.606788,2.796482,1.716457,-2.513411,-1.799884,-1.613234,-1.207472,-3.955533,-0.616930,0.738855,1.794214,2.144032,0
0.708131,5.340426,4.090743,3.090495,0.301884,-1.259545,1.432292,-5.076684,1.166039,-1.235378,-0.424342,4.095605,2.346904,2.540460,3.395919,-5.961351,1
-4.595139,2.411640,1.546316,-1.118357,-9.318891,3.686460,-7.499024,3.820633,-2.378036,-2.054838,-0.671457,-3.105574,-2.107855,-0.332525,-3.210657,2.325478,0
4.336087,-4.003831,0.779250,5.342410,0.940093,2.471211,1.825307,0.795800,1.224467,-5.594003,-3.956985,2.444230,-1.596156,2.164008,5.487243,1.072824,1
-2.595935,2.330235,-1.743941,2.322832,-2.245273,-2.520459,-2.553617,2.352953,-0.736684,-0.741870,3.931587,-6.500076,-2.584697,2.806505,-0.587168,-1.685057,0
0.459008,-2.700106,-5.096537,1.349463,-1.514917,1.449611,-3.894403,2.973203,2.176356,1.122562,-2.900196,3.855700,0.733925,-0.651611,-7.820486,3.334361,1
-0.668744,2.308981,0.212471,3.429647,-0.865718,0.942114,-0.544682,7.431980,1.314783,-1.095330,-6.007162,-4.297531,1.427717,1.964977,1.098051,-0.654808,0
3.418241,2.837371,0.316074,-1.926510,-0.120624,6.455441,2.636281,1.123386,-1.639208,5.790839,3.258012,0.095004,-3.797899,0.501122,0.312129,-1.373672,1
2.357994,-1.254102,-3.329370,-4.413391,3.282080,0.399719,-3.534698,-0.182234,-0.595726,-1.165957,4.469296,-2.959207,0.540560,1.309937,-2.521709,-1.953463,0
-4.409032,-3.879233,0.607672,1.074745,-6.598837,-2.043489,1.100039,1.228691,-1.241763,1.782962,-1.348101,-3.269533,3.169768,4.051353,2.032195,0.432555,1
3.959356,-1.936842,-6.208255,5.571846,2.622959,6.407194,2.067366,3.651237,-5.621300,-1.432015,-1.773147,-6.151275,-4.591366,-3.589673,-0.063435,0.351774,0
-3.680404,0.085892,4.783051,4.569312,-2.063836,1.163526,-2.229985,-3.951074,5.329740,-4.048335,2.803370,-2.574071,0.199764,2.286544,-1.145437,2.051156,1
-1.324832,-1.096071,-4.878705,-5.072468,-2.137277,0.562992,-1.241761,2.219831,3.951862,-3.518054,-0.351759,-0.334402,1.442585,-2.572471,4.033113,2.785480,0
-1.366059,4.948625,6.781379,3.462247,4.012347,-3.305511,3.345239,1.735389,-1.059330,-2.328979,-1.958520,4.637328,-0.209840,2.668700,0.978181,1.672622,1
4.255640,-0.764489,-6.905458,0.465677,-0.138683,-1.587101,2.436028,-6.003072,1.100225,2.804779,-1.881640,-2.483391,-2.952355,-2.666470,1.016020,-0.024088,0
-2.166130,-0.652905,6.541324,4.764651,-0.466682,-5.376760,2.063375,8.554860,1.914515,1.035289,-0.143989,-1.243914,-1.596071,0.260707,-3.271406,-1.375401,1
1.735952,-2.989395,-1.878551,2.674318,3.706434,-5.651826,-4.352923,-0.377071,-2.286172,-0.449333,2.142536,-3.642973,0.369698,1.225056,1.428200,-1.061235,0
-2.146207,-0.286901,2.016738,1.691392,1.995984,2.525697,-0.643651,2.418256,3.047538,2.737000,-1.446905,1.801171,0.808733,6.993144,0.314958,-0.626796,1
-2.091774,0.180578,1.389544,-0.421448,-2.175321,0.719215,-2.017727,-4.524767,0.084044,0.809305,-0.296640,-1.491882,-3.549125,-3.368562,-1.383468,-1.878411,0
7.476129,-1.227031,1.981009,-0.176995,4.176221,6.305121,3.330228,3.556020,-2.509263,0.148464,2.075049,-1.183015,-2.054074,-0.085332,3.085307,3.566657,1
-7.221221,-2.790813,0.777685,1.202255,0.688934,-3.972235,-3.921524,-5.632300,-0.358561,-0.268360,-0.454967,3.785202,0.762690,2.748165,0.420553,-5.965877,0
0.424902,3.622260,2.026141,-4.193284,0.707496,5.863591,3.332337,1.037247,-2.137955,1.722413,-0.168274,4.004090,3.987487,-3.172469,2.367961,0.297982,1
-1.697310,-2.674978,1.967236,-5.302824,0.594826,4.324497,-0.985576,2.335304,-0.946933,-1.609632,-3.393704,-0.195501,-3.773149,-3.443989,-9.204027,0.148352,0
4.085242,-3.184911,0.670821,-1.665947,1.813788,1.695071,5.432281,6.255771,-0.211429,4.018958,-2.364528,5.803954,7.775233,0.710617,2.724347,-1.782377,1
-7.859444,4.646687,-3.657719,-8.613198,-8.394707,-1.495270,-1.298521,-1.680147,3.264080,0.541037,0.068617,0.079540,-2.858840,1.615808,-7.284243,-2.197528,0
4.116298,-2.302221,3.166944,-0.711478,4.929681,0.963430,-2.024249,6.279988,-3.718631,0.455955,1.504359,-6.867606,-3.454767,-4.300107,1.875571,-4.293606,1
-3.772138,1.830435,0.411455,1.445297,-0.194563,5.819420,-5.257388,-0.513929,-0.477299,-8.137200,-0.480650,-2.235697,-5.930027,0.010170,-5.269850,-2.277453,0
2.047435,7.419948,6.976901,-0.279595,2.939340,4.084979,-0.685308,-3.106618,1.849807,-1.731827,1.559035,1.544049,-2.588284,3.397368,-0.727490,1.480145,1
-0.716424,0.082863,-2.811503,-4.204301,1.352976,-2.163207,-7.660036,0.452459,-0.541080,-0.995092,1.722677,-3.845825,-3.842790,-4.535201,-1.227256,0.339220,0
-0.807695,0.251081,1.122860,-3.128836,-1.853839,1.239320,3.992698,-4.308012,2.427188,0.589272,1.185950,2.033710,4.360293,1.438922,0.846979,2.064904,1
-0.376305,-0.420490,-5.489799,-1.697799,-0.398272,-1.410872,1.642376,-3.497635,-1.097576,3.625710,-1.119709,-2.536784,0.117310,6.700626,-4.512797,-0.240107,0
0.000848,3.334275,6.161513,0.234447,2.015622,0.807878,2.329579,1.021320,-2.614257,2.249335,2.507119,5.241313,-1.030643,4.059165,-1.754966,-0.198835,1
-2.801603,-3.769579,-4.148126,-0.244463,-5.147855,3.543892,0.101248,-1.035447,2.946049,1.215315,-5.925359,0.494259,-0.042376,1.806332,-2.061799,-2.729248,0
5.746804,1.768792,-0.756682,-2.878464,-2.846567,0.145077,4.694417,1.177994,1.083146,1.579484,-3.187347,3.760371,-3.452320,3.592887,2.361640,8.212028,1
-2.728805,-4.484497,-0.870791,-1.520955,1.507893,0.347721,1.964855,-3.809592,-3.942985,-5.019107,-2.450543,2.815878,6.346409,-2.763248,-2.257868,0.271734,0
1.523471,3.994536,1.617742,1.475507,2.779355,-5.266922,-0.425808,-2.371063,1.627355,-1.954493,0.269710,2.314210,-3.351425,0.248079,-3.590614,2.886674,1
1.801798,-1.074925,-0.147482,1.675293,-7.434276,-6.397536,-2.288046,-7.293157,-5.718253,-0.826901,-4.549131,-0.895000,4.683838,-9.326220,-3.997471,-5.840062,0
0.458763,-1.027378,0.449720,4.367206,4.955636,1.765391,0.921686,-0.549261,4.689221,-2.502341,-2.652685,2.379870,-0.505997,-1.481544,0.318204,-5.032256,1
-2.661809,-1.797658,6.017706,-1.413724,2.798582,-5.718077,-0.850717,-2.136483,1.784931,-2.290524,-8.648193,-1.469888,0.889429,-0.784041,-3.338706,2.576534,0
1.448045,3.095241,-0.478322,0.304469,3.716531,4.459422,0.746883,1.853705,3.085887,0.975842,-4.877769,-3.236059,2.124385,3.989516,-0.044208,-1.223546,1
-1.810964,0.027094,0.067514,-5.446618,0.050104,-2.410356,-1.007090,-0.020603,-2.313962,4.010424,-3.060797,0.883982,-3.459000,-0.601507,1.913303,-1.763726,0
2.770600,2.818839,0.568787,3.101867,-0.582644,0.106462,2.851792,6.174886,3.653476,0.836859,-5.568509,-0.683913,-0.356795,-3.501036,1.371191,4.664624,1
-4.841963,-0.314392,-4.234714,-0.807713,-1.618784,1.071287,0.608522,-0.120480,-1.578509,-5.199323,-4.626443,-3.676041,4.910810,-2.421674,0.808123,-2.995765,0
2.553134,3.106866,4.868329,1.020679,2.477633,-0.421227,3.993691,-0.688150,3.600204,-5.696728,-2.027344,-1.424137,-0.961779,2.034724,0.240239,-5.454866,1
-1.154851,0.310993,-5.808716,2.232870,0.485384,-0.654495,-1.105113,0.643248,3.505157,1.174801,-3.199353,-4.902846,2.364986,-6.772973,-2.738922,0.389772,0
-1.354057,-3.933497,3.213588,-4.195600,5.130958,4.396775,-0.049315,-0.545839,4.020867,-1.935357,3.564858,0.469812,2.625911,1.499593,2.507108,1.953496,1
1.363894,3.965076,-2.504497,-1.162863,-1.094475,-4.849229,-0.567219,-5.404118,-0.579628,0.797714,-4.285122,-0.654665,1.515722,-6.663877,-2.283501,-2.622817,0
1.714526,5.804963,1.524121,3.832959,3.610148,-2.997544,4.834872,-0.771384,4.797330,1.757525,-0.296577,-1.570065,-0.324410,2.355330,-4.156003,4.601764,1
1.506857,6.863184,-1.130391,-2.536531,2.117727,-3.915627,-4.053481,3.939854,-3.350454,-4.091176,2.016060,-0.178644,-3.994738,4.204128,3.295746,0.235771,0
0.936418,2.782971,0.959299,-0.094857,3.147944,-2.163919,3.825473,3.824498,-4.535252,2.986814,3.917420,3.743148,-0.724442,-3.739225,1.334673,4.220746,1
-6.758133,-4.633480,-1.123757,0.975994,-2.542195,-4.569231,0.661705,2.039364,0.506891,-2.152548,0.100588,-1.047011,-7.477684,0.440063,-3.398284,-0.042221,0
2.074683,5.873506,-0.252749,1.566957,-0.667686,4.410714,-5.945075,5.667399,-3.892978,-0.490928,0.180382,-4.166699,1.786561,4.153441,3.073735,0.240702,1
-0.362473,-1.315098,-2.130672,-3.458656,-2.050154,1.129219,-3.530822,-1.761319,-2.958924,0.937651,4.006052,2.150829,0.867283,0.080608,2.276525,-0.037802,0
3.594249,0.507684,2.616635,1.148043,3.106687,-2.524738,-0.375655,-2.072693,-1.373053,1.944798,-4.507381,-2.130619,-0.896281,-2.169163,2.623378,7.038909,1
-1.286060,2.931038,-5.065164,-1.469418,-2.061143,-6.553242,-2.949301,-2.154854,2.613029,-3.220508,-0.298845,-2.503177,-7.171007,-5.664255,-6.957105,1.103727,0
-0.335241,-1.334461,-1.318296,1.243605,0.531491,1.216808,-0.024365,-1.359298,7.721496,0.141635,0.684971,2.703677,1.221088,-1.940548,-0.660699,3.707160,1
-1.150289,0.062979,1.211172,2.536125,-0.965731,-0.585049,-4.621772,1.678535,-3.123713,-0.608892,1.671886,-2.559833,-0.326326,0.098103,-3.924096,-3.741640,0
4.120028,1.821673,-6.472244,-2.744771,4.764861,-0.863286,-0.566276,0.034481,5.005996,-3.342142,1.391892,3.582234,-2.315001,-3.588656,6.568543,1.777555,1
4.268557,-3.850903,2.354525,-0.575558,-2.066352,2.365217,-0.180885,-4.460745,-1.989785,1.329477,-1.681428,-2.373255,-3.048909,3.026634,-3.614449,3.111198,0
-4.267050,2.508731,-2.905557,2.109138,-5.027322,-1.927593,-0.320386,-3.184711,-3.804009,4.139234,0.927887,4.279664,-0.402647,3.552920,0.369974,0.656645,1
-3.159264,-0.552921,-1.673864,2.961475,-0.952331,0.379330,2.961781,1.630938,-2.354872,-1.148679,1.852320,-0.084856,4.754101,1.142975,-2.029910,0.690363,0
0.655141,6.492852,-0.957711,0.678703,-0.637201,3.148921,0.171931,2.995629,-0.271928,0.095658,-2.911515,-2.620162,0.073215,-1.449514,0.040232,1.464814,1
-2.245334,4.835197,-2.922482,8.041773,-0.072500,1.756918,-6.390613,-3.083773,-3.804520,-4.877181,3.299099,-2.134183,-0.037355,-3.581800,-3.471900,-3.303855,0
1.465838,-3.851007,1.036819,-0.644574,5.914641,2.991664,-3.204477,-0.480748,-3.447562,-3.753589,-2.985504,2.785098,-3.428322,7.000041,1.262280,1.884406,1
-4.228767,-0.998297,-2.469231,3.936665,-4.961855,-7.231489,-10.264921,-5.328328,1.164644,3.029018,-6.433587,-0.903517,3.504591,1.428053,-4.400282,-4.478330,0
-1.580358,3.223014,2.511092,-3.069218,-0.709572,-1.775847,1.273974,4.529696,2.665050,5.371112,4.440948,-0.504216,4.910253,0.252992,0.030942,-5.207999,1
-2.529250,-1.512841,-1.309631,-2.626917,4.074566,3.623766,-3.948123,-0.344875,0.545938,-2.717254,0.381016,-2.893316,2.910936,-0.681051,1.611746,-3.310468,0
2.572228,-0.037003,0.307216,-2.008664,-3.718966,-1.429984,2.228179,3.607738,0.140487,2.016107,-2.952799,-2.333587,3.731597,1.384480,1.244730,2.661883,1
-2.043543,-1.328563,-4.232457,2.352648,-1.774855,0.014259,0.054581,-4.678164,-2.846063,-2.027355,-3.038511,-1.748523,-1.162247,4.752729,0.534414,-3.375258,0
0.479897,-0.940782,-1.647093,3.527566,2.977231,-1.449654,7.829820,1.204890,2.534961,-0.414860,3.340463,1.912913,-3.763928,0.222437,3.596560,2.714654,1
-1.716493,-4.204848,1.270393,2.332260,0.932697,-8.750161,-1.424972,0.089169,-6.750132,-3.663855,-3.257941,0.610491,-3.547996,-3.367344,2.254807,-2.909723,0
-2.411827,1.106763,1.003648,-0.737721,1.122114,4.981650,3.594226,-1.224698,1.962249,1.002397,-0.598065,4.468261,7.211238,-0.892751,-2.971692,0.407932,1
-0.939130,0.072622,2.085997,-1.362607,0.102299,-1.261479,0.685423,-2.753782,-3.247429,-0.711900,-1.727931,-1.523355,-2.774436,3.699427,1.839893,-0.732264,0
-3.172791,-2.170554,-3.058087,3.567660,-3.361416,3.735372,4.497359,5.360610,3.373021,-0.404640,0.230064,-1.768497,4.130897,-5.759913,-0.396893,-1.033161,1
-8.260971,-1.431321,-3.630529,0.743073,-0.654402,1.943769,2.110090,-0.838291,-1.672550,-3.660491,1.557808,0.238703,-0.361208,3.219175,2.052359,0.261734,0
3.515185,0.849835,0.867624,-0.801049,1.529082,-2.402369,2.062137,-3.028970,-0.701097,-1.567339,1.025188,-2.781363,-0.704046,-3.234037,0.939890,-0.535250,1
5.252663,-5.246217,3.601725,-0.920740,-5.119044,4.719549,-0.308115,-4.266979,-2.480314,-1.529846,2.736805,-1.467764,0.631514,0.056170,-4.303442,-5.855191,0
0.109595,0.799053,-2.989985,-0.844826,-1.166873,2.394116,0.365992,0.674484,4.706183,-6.341238,3.627238,2.867469,2.090774,4.446134,4.197188,3.758977,1
-5.980389,-4.001448,3.987886,0.640829,6.646727,-1.055887,-0.953826,5.786423,-2.071105,-4.737991,2.605282,1.485865,0.514198,5.166033,5.466204,-0.015848,0
-0.685425,4.010581,6.753617,6.838050,-0.594626,3.718087,1.165853,0.969890,-0.427543,-1.288756,1.457782,7.369349,4.203794,-1.036697,3.417861,8.060216,1
1.480745,-1.627904,-0.811461,6.306589,-1.324665,-0.358774,0.608767,-2.599434,-1.530142,-2.305198,6.936546,-4.321558,-1.361871,-0.735653,3.025465,-4.110546,0
-0.724645,4.084256,3.524961,-3.980951,-6.432715,2.400340,-1.689063,-1.673466,4.411181,4.998937,-4.937165,0.878399,-1.109940,-3.848883,2.670072,-1.280025,1
-2.672390,0.628716,0.145067,1.320007,1.293444,-1.137546,4.165518,0.873325,-1.672851,-3.128848,-5.732504,3.510773,-3.605711,6.026583,-2.747132,-1.965394,0
1.959086,3.526683,8.292060,2.131289,-4.727958,1.703218,1.597131,0.334624,-4.920251,-3.191723,-2.035873,-0.131364,0.616647,0.353349,1.762967,-1.848391,1
-0.113203,-1.956119,-0.923684,-7.155903,-1.150209,-4.723450,2.412533,-1.352404,1.425798,0.841400,3.433767,-0.111349,5.547932,-3.628319,3.711735,-2.838344,0
1.267827,5.394290,-4.800235,1.867850,3.392631,1.992797,7.435275,5.532748,-0.130737,-0.541229,0.646751,-6.933974,6.576364,3.057961,6.312427,-1.148139,1
-1.306828,-4.858624,3.571844,3.432890,-2.215287,0.690279,-1.254106,-1.237492,-2.018130,-0.081266,-2.845278,1.786367,-1.238350,-0.421902,2.802685,5.093695,0
4.752185,0.884364,3.508414,2.067609,-0.446421,-0.876538,2.591271,-3.763822,0.035828,-2.541384,0.132968,-0.138017,2.831122,-1.873724,-1.191381,-0.653940,1
-9.343328,-1.062542,5.033066,-7.440565,1.651995,4.000895,-1.481015,-1.250115,-0.134254,-3.633131,-3.576353,-1.426121,-1.941936,-1.614100,1.371229,1.512335,0
2.783311,-3.495331,1.821748,0.975832,0.679173,3.434421,-2.234576,0.504594,0.614780,5.224982,7.092561,3.605571,2.923755,-1.213605,1.955146,3.266437,1
-4.133166,0.446371,-1.142723,0.607460,-4.986165,-5.024400,-0.759812,-1.793441,0.154537,-2.433379,-4.646585,-5.107493,0.053957,0.779463,-6.649743,0.067968,0
2.981727,1.378426,-0.124619,2.422263,7.362630,0.831477,2.168548,6.355552,2.940106,2.698453,-5.807267,5.139266,3.200156,-4.672597,5.016511,-0.949344,1
-6.958889,-3.605841,2.670937,-3.292796,1.085323,0.225412,0.893370,-1.382647,0.511820,0.234217,-0.885094,0.931410,-3.577337,-1.858432,-2.007330,-1.519473,0
-1.731220,3.736739,2.098065,2.524964,-1.166194,0.026508,8.112933,6.209874,1.470689,-1.403209,0.881957,1.584895,2.081241,-1.898495,8.182183,3.987765,1
-1.147608,-3.470463,4.388952,6.984211,0.659950,-4.646378,-0.801711,3.304934,1.389408,-4.545298,1.068361,-0.656080,3.135860,2.422228,3.682566,-1.648049,0
1.247056,0.814417,0.690479,3.605123,3.213778,-3.666671,0.765647,0.911020,2.841815,0.443520,4.954137,-0.563843,1.262058,-0.252824,-7.623377,1.086302,1
0.956755,-5.513211,-1.339401,-1.217896,-3.221659,0.837112,-5.315187,-2.839287,1.344690,2.071714,-2.129094,-0.193810,-4.918319,-3.179343,-1.829625,4.575859,0
3.638545,2.308499,1.066463,3.867299,0.186239,-0.723063,6.583386,-2.981743,-0.843508,0.684612,0.699286,-0.728396,-3.456664,-3.853123,4.189591,2.071891,1
-0.813555,-0.645132,-2.444263,-1.026885,-3.110794,5.607924,-0.656003,1.560644,-3.136489,-2.113588,-0.453907,-2.425837,-0.542746,-3.149751,0.716248,0.127611,0
-0.198926,0.465402,0.738707,-0.977350,-1.157222,-3.218373,3.335732,-7.184710,0.365188,0.615210,-0.216429,0.527560,4.978580,2.372748,0.741180,4.283038,1
6.324614,0.109016,-0.912271,-4.357010,-0.288939,-2.360521,-0.448265,-0.806155,-5.092563,-0.212557,-1.702530,-1.341178,-0.351686,1.154602,0.300329,-0.251812,0
0.935942,-1.377067,0.165380,0.244030,0.162290,2.335225,-0.785738,6.003955,1.740209,-1.683843,-0.720095,-1.941065,3.738673,1.196766,-1.173042,2.729426,1
-7.311953,-5.100106,-1.551424,-6.496168,0.702103,-6.163696,0.417967,-1.658541,-0.491676,-5.495452,-2.582994,-1.939446,-1.635160,2.487112,-0.596466,6.053991,0
4.824834,2.281404,-0.390636,1.339232,1.389473,4.820462,-1.437389,5.639308,6.022920,4.550231,0.486762,1.343071,1.336486,1.413608,-0.074615,-2.706611,1
0.869978,1.814272,-0.917935,-2.465306,-0.516155,2.099188,-4.542680,-3.034467,-5.692307,0.922112,-0.179869,0.397791,-1.239076,-6.921889,-3.354754,-3.897355,0
-0.243390,-1.205327,4.746022,-5.071308,0.393906,0.723968,0.589548,1.722178,2.762557,2.870603,-1.725842,1.506024,-1.845468,2.824025,2.844111,3.137383,1
-0.330688,5.294224,-3.830858,0.261908,2.872932,0.153830,4.740593,-0.684905,0.664043,1.396233,-4.890671,-4.430851,0.033047,1.438185,-3.415587,-2.454225,0
0.717677,-1.331157,2.200049,-3.304555,3.188956,-0.292841,-2.934229,-1.524857,-2.796009,1.986949,0.105644,-0.052033,-4.035405,9.002288,4.747638,1.665484,1
-7.237126,1.965363,-4.585588,-2.101027,-2.367522,-1.481641,-5.268295,-0.201624,-2.304217,-2.943076,-4.579727,-2.548893,-4.059844,2.748701,-1.701486,1.987997,0
-3.632665,4.459119,4.618306,9.614495,4.254340,-0.794585,4.739432,3.680354,-1.268234,5.399184,5.121434,5.914958,4.887393,-0.906829,-5.541471,0.238042,1
-0.654272,-3.698428,-6.012465,1.967373,4.310869,2.988333,-0.279196,-0.329943,-2.590703,-2.727736,2.179825,-0.822706,-1.634315,0.016977,4.201178,2.899660,0
-2.474038,-0.809797,0.375734,-3.391982,-4.104179,-8.987926,-0.273973,2.526385,2.075318,2.449336,0.539210,-1.617970,3.215417,-2.702146,3.353965,-3.149749,1
-0.687206,-1.389700,-3.391647,-1.651394,0.701191,4.197060,-1.902436,0.886953,-2.092260,-6.824831,-2.860524,-0.874865,-5.474553,-1.929725,1.768211,-1.816945,0
1.097364,-1.097663,-4.027127,-0.546515,0.714741,1.091737,5.367759,5.441186,6.890647,-2.061426,0.863056,2.499160,2.832541,2.020862,-0.754926,-6.682193,1
4.083290,-2.849731,-1.773057,-0.153688,2.816673,-2.139867,4.367710,-2.711800,2.099812,2.620409,-1.383749,-5.476714,1.160843,0.452799,-7.995332,-2.217541,0
2.194755,0.475850,-0.874496,-0.894919,0.408159,2.827710,0.249400,-3.959893,5.660983,-3.823804,2.330773,2.228147,-3.177038,-3.406281,1.515613,-3.739147,1
4.148476,2.680250,2.537479,-5.878743,-1.719639,-1.853106,-2.569375,0.236973,-7.058981,-1.191918,-0.337841,2.188360,4.947250,-4.474892,-1.280918,-0.402735,0
2.406796,-2.822190,1.993857,-1.142953,0.283182,-0.440613,-0.216123,0.487049,1.171473,1.054656,4.755048,-3.825045,5.403178,0.418265,0.738604,2.575023,1
-2.830752,-2.225840,-1.179016,-0.817932,-4.390868,0.627975,-0.254519,-2.991549,0.787863,2.717516,5.758766,-4.818376,-3.308715,-0.582066,1.643877,2.733368,0
-0.362988,5.701310,3.352162,6.377156,5.654973,3.099936,-0.153598,3.728227,-0.519147,6.454349,2.117070,-2.382905,3.117002,-2.540324,-5.245140,-0.090075,1
-1.885184,-1.116487,-5.841705,-2.048481,-1.393567,-4.450656,3.616362,6.362129,3.220089,2.937429,-0.961690,5.607531,-3.035735,-6.910586,-3.244512,-5.003805,0
5.834054,-3.370501,-1.048973,1.975579,-6.409023,-3.359886,-1.905052,0.983319,-0.941136,4.288625,2.371463,-2.608768,1.822167,-1.419844,1.038331,5.955405,1
0.710651,-2.905861,-3.374324,-0.605365,-6.554504,0.932344,-2.808135,2.362436,1.678596,1.162565,2.895126,-4.649645,-0.025507,4.232420,-1.135881,-5.458138,0
0.722071,2.480365,-3.741266,0.462932,-3.894661,7.577716,2.627044,2.970799,-4.504998,-2.759111,-0.056062,4.321954,2.655854,-2.488073,-2.819090,-1.466022,1
