-0.449717,6.841070,-0.542522,-3.932280,3.910915,-0.263197,-2.749482,1.988544,-4.317923,4.372721,-1.617430,0.664749,-4.005283,-0.952407,3.128632,-0.105244,0
-2.661766,2.623906,2.317569,0.675866,-2.997442,5.047704,3.030692,1.517163,1.559375,1.131173,0.842550,3.759889,2.444919,-1.232005,-0.898054,1.735108,1
1.476604,0.320320,-1.057511,-4.629455,-1.778446,-0.645917,-6.738322,-1.189951,-1.689855,-3.923108,4.015604,-4.801212,0.809172,-4.982655,-8.569793,-6.829034,0
2.978585,2.523871,-1.630940,0.758012,1.095994,3.669101,2.529361,-3.071085,2.395074,1.733563,-0.958349,0.299111,-0.753890,1.069560,-0.422028,0.192297,1
-1.781258,3.627375,5.225603,-4.962633,-2.513187,1.282476,2.126223,3.130463,2.877375,-1.528754,-3.778816,-6.616190,1.937437,-0.104355,0.733877,-5.812945,0
3.052146,3.602889,-6.322042,0.807942,-1.748630,-0.030408,5.632642,-2.088867,-0.814302,-0.394091,-0.723085,-1.882790,3.040803,-7.471340,-3.049681,-1.782537,1
0.675579,0.226250,-0.911197,-7.206608,0.209499,-3.544125,-2.299582,3.709862,-2.479208,-1.406094,-1.640212,4.893967,3.376841,2.169445,-7.398042,-3.086208,0
1.952966,0.225076,0.484626,-1.528470,2.680474,-1.563288,-1.271953,0.132480,1.714362,-3.613446,4.697526,5.619502,-0.413151,2.314992,-0.163823,-1.942859,1
-2.114773,-1.704702,-1.238116,-0.129541,-2.854999,2.265799,0.005663,3.533806,-6.776662,1.095924,2.961378,-2.788128,-2.360718,4.161507,-3.200951,-1.298064,0
4.468814,1.801974,0.124597,-0.334966,0.106078,2.749997,2.815494,-2.108770,1.000638,-2.600965,0.739009,5.368651,-5.695048,6.075397,0.327960,1.888961,1
-0.230795,7.451832,3.400064,-1.104775,-5.273230,1.186356,-1.626498,1.642910,-4.144079,0.398550,-0.700609,-4.397571,0.254873,-1.720878,-0.177933,-0.620694,0
2.350604,-0.205704,5.882594,5.026942,-2.255689,-0.738699,-1.684431,-5.702982,6.484515,0.840760,1.534469,3.549678,2.128066,6.357394,2.117051,3.662465,1
0.452927,-0.706185,5.921814,-4.673307,-1.140828,3.441862,-0.992048,0.525045,1.318350,-3.539743,-4.308701,-7.414976,-6.927070,1.334518,0.615576,-0.201492,0
1.047738,0.482387,0.174813,-0.775183,-0.112290,2.427306,5.185456,-1.614894,-1.949876,2.336909,5.747077,-3.706038,2.633134,-2.503958,0.445855,1.176038,1
1.813267,-3.062227,-4.580507,-5.966900,0.195545,0.017874,-2.280094,-4.732709,-3.659347,-2.248956,-0.676389,0.735062,-1.784077,2.201641,4.549227,-0.316805,0
-4.833021,0.008376,4.755153,5.377271,3.499871,-0.540358,2.175031,-2.413589,-4.633369,4.853921,-0.618509,-0.011790,-1.094305,0.490282,4.125772,-4.319211,1
-5.848275,-1.424685,-2.329636,-4.100103,-6.148150,-5.035320,2.362951,3.934401,-1.619642,-0.327707,-1.762650,0.905333,-4.233592,-3.814951,-1.871709,-3.142384,0
-0.173624,-0.241149,-3.217860,-1.880260,4.641688,1.562106,-1.751890,-0.592477,1.869565,2.753592,3.436252,-4.559417,-2.905620,5.547734,1.927526,1.621125,1
-3.466781,1.347168,-0.605123,-4.894850,3.505104,1.778728,-3.592896,-2.129863,-8.550570,-1.038518,-3.317343,-1.164020,-2.142995,-8.234481,-3.302857,0.202042,0
-0.309939,-5.095942,-4.340191,0.093416,5.972396,0.346045,-2.488487,4.841226,-0.184958,-0.443811,-0.466191,3.597693,-1.059109,2.520434,1.115472,1.007421,1
0.946373,-7.092020,0.211481,4.136505,1.677237,-1.885816,-2.584990,-4.557695,2.122875,3.133444,-1.390601,-5.624435,0.594734,0.998781,-3.694997,0.549570,0
-0.540664,-3.378550,0.883085,6.604495,5.565896,-0.864647,-0.284536,2.936019,1.374340,-3.273842,2.487620,-5.743532,-3.074225,-1.940205,4.192241,1.754951,1
1.505224,-0.389032,-1.512191,-1.402966,-3.756886,-0.703369,-5.247116,-4.050796,1.943470,-7.211253,-2.564275,4.170353,-2.649303,2.319973,-1.201595,1.260115,0
-0.856244,-2.729452,-4.072425,2.678220,6.821040,1.132257,-0.073213,0.896791,1.875930,-1.876548,-1.170590,0.702483,1.642947,2.746730,-0.480259,3.561679,1
-2.110153,4.547573,-1.394922,2.833996,-1.625458,-1.351666,-0.452734,-0.760245,1.988832,6.524509,-2.326235,-1.381687,-1.625340,1.761213,3.593903,4.883804,0
-2.852790,-1.787133,2.209445,1.051459,-0.804667,2.505284,2.775691,3.857390,-1.163404,-3.925175,1.619203,7.688643,-2.756284,-0.590882,-1.657159,1.687318,1
-0.026037,0.321999,0.353924,-5.028665,2.641787,6.849667,-3.549587,3.944515,3.878876,-5.773075,3.496447,-5.143194,-4.832539,1.045246,-0.365772,0.183628,0
-3.491186,8.514585,4.439378,0.367403,-1.962494,-1.121678,3.393041,4.276134,-3.151852,2.790631,3.915629,-0.660218,0.432040,3.879132,0.634934,0.250579,1
-6.304195,1.440899,2.624405,-4.320245,0.190111,-1.122606,-8.190850,-3.187427,-3.500204,0.061773,5.370770,-1.228353,-0.305737,-0.810529,-4.446602,-4.595263,0
4.212756,-1.387091,-1.456274,0.864462,4.113585,0.528769,-0.906323,-0.719837,0.213420,2.301644,0.457558,1.690433,-3.021695,-2.045345,0.257143,1.959699,1
-1.874382,-0.592283,0.208622,-3.666671,-0.081203,1.951525,1.347025,4.442150,-4.455047,-1.614599,3.439779,-0.404528,-4.344868,-0.659271,2.058697,0.682653,0
3.636849,-5.311620,1.709033,-5.032451,6.475469,-2.013314,4.554637,-3.783630,3.214358,8.047730,5.002458,-2.488762,1.482736,6.103755,2.691905,-1.003999,1
-1.814702,2.729090,-0.803493,1.499243,-2.343543,-2.615407,-0.686146,-0.411528,3.236618,3.678633,-11.467607,-1.241257,-0.558697,-2.261865,2.913006,-3.765755,0
3.834136,0.466114,2.935912,-0.044366,-1.148380,-0.897861,0.382910,-0.077755,-1.885549,-0.182488,3.689874,-4.078321,-1.343646,0.239195,0.879823,-1.516024,1
-2.480499,3.424047,0.477982,-0.364359,-5.983722,3.951393,-0.212891,-2.657722,-0.476498,-7.845593,-3.616221,-1.890627,0.541729,-0.714094,-0.136854,7.778770,0
-3.604001,-0.368968,-2.088896,7.057862,2.465980,4.091495,0.745364,-3.909142,4.927064,1.819688,2.986880,-1.657862,-0.493403,-0.045341,-6.039059,-3.857108,1
-6.341269,1.281925,-0.003233,-4.657369,0.936707,-1.712139,-2.626029,0.802143,2.535494,0.175667,-1.401993,4.041742,-0.005466,3.013233,-4.815128,0.448565,0
3.272811,6.474916,2.168002,-0.128647,-4.262300,2.527799,8.950067,2.025115,6.632085,-4.319887,-3.708340,0.245369,3.940143,5.864633,0.400155,1.168934,1
-0.263159,-1.141767,0.313780,2.862755,2.127592,2.784401,-0.900647,1.525990,-3.842827,-3.846528,1.982933,6.063068,2.692717,-0.310980,-4.827390,-6.553432,0
3.414412,2.045295,-0.487909,-0.517715,-2.017836,3.419684,-1.340671,4.486547,2.423902,-0.069082,-1.611948,-3.388185,2.903859,0.691006,2.991189,-0.242044,1
0.292173,4.189167,2.446392,1.067062,-0.554111,3.299122,-1.858929,0.021519,-4.789676,-2.122285,-1.849741,-5.060944,-0.698796,-1.674818,-0.397057,3.073984,0
1.115704,-2.074210,2.509749,2.832671,7.143394,2.832812,1.199481,-3.904156,-1.568999,5.573531,-3.345215,-1.012016,-1.386250,2.687192,2.780253,1.924142,1
2.255928,1.724129,-6.467600,-1.378734,-2.755365,1.741974,-0.583315,2.665915,-7.606526,-1.279275,0.522644,-6.158795,-1.342990,-0.526070,-0.096506,-2.131071,0
4.177155,0.891047,-1.495441,3.060967,3.348329,1.738793,4.923205,7.895465,3.687268,1.448686,0.245603,0.700610,3.674645,3.752973,-1.266018,-2.317133,1
12.139030,0.247740,0.064283,-3.716023,4.713037,3.022924,-2.413924,-2.137206,1.562855,4.018921,-1.461706,2.289869,-3.772842,1.609320,-8.633663,0.607380,0
0.268934,4.458997,1.604171,-0.154834,3.592397,-0.569244,4.009450,0.758647,-1.011833,4.532399,1.104094,1.011856,1.133659,3.687696,-6.465847,-1.168119,1
-1.164203,-1.270169,-3.481287,-5.951043,-1.376279,2.996843,-2.834611,-0.665450,-5.915649,-1.443190,-6.841079,0.263330,0.240444,1.590792,-5.466591,3.012077,0
0.354670,1.341413,6.030921,0.702626,-1.425214,8.374669,-2.716865,-2.255355,4.895308,-5.976686,3.535155,-0.028835,2.050609,2.776078,3.165271,2.200183,1
2.031960,-6.228079,-0.313101,-1.532575,3.907261,-2.861385,-0.404371,-1.269138,-4.234786,1.360106,-1.088205,-1.726438,-1.206926,1.092821,-2.817525,-0.691997,0
-2.922657,3.191241,4.766990,2.278661,2.303496,2.349648,4.351991,-3.449395,3.580890,1.395115,2.444951,-0.093352,-0.865424,2.100959,-1.743675,0.856267,1
-2.429769,-3.478170,-3.843458,1.718899,-3.385062,0.589100,3.981852,1.977396,-2.680018,-6.323297,-3.722134,-1.992074,4.132069,1.742218,-2.050829,2.193546,0
-0.342163,1.753648,3.902095,-6.974519,3.645503,-1.351894,2.263091,2.627614,0.758992,3.018460,5.030066,4.149425,0.227173,-3.638597,3.160781,-0.860229,1
1.658947,-2.085050,3.305159,1.969318,-4.059088,1.471319,2.971777,-3.634124,-0.698552,-1.810334,-1.898567,-0.371048,4.057011,-0.638618,0.972528,-2.374519,0
4.173108,4.590356,2.213544,-0.063566,-2.347932,1.562182,3.970904,-0.199760,-3.578039,-0.746392,3.913024,1.997821,0.022310,4.035270,1.726983,4.043210,1
-3.323037,-4.690523,-0.615013,-6.441267,0.556858,2.246601,1.582844,1.937046,-1.047983,2.305288,-1.628021,-5.033303,4.644550,-2.302705,-3.650130,0.399361,0
-1.748713,7.446155,4.083991,2.482615,0.096027,2.451468,-0.258560,4.909514,-1.268372,-2.934524,1.037722,5.764529,-3.640824,-2.757960,4.642039,0.105515,1
1.268908,1.093420,-0.321507,0.956505,0.940664,-0.064878,-0.634107,-2.390462,0.669342,-4.063430,0.943871,-8.384848,3.392532,1.600983,-1.245113,-0.661245,0
0.647960,-2.667639,0.532052,3.636144,4.662814,0.898447,5.393840,2.283832,1.935658,-1.895782,0.698240,0.656708,1.664195,-4.502290,2.012753,1.251817,1
-0.277176,2.699312,-3.090693,3.654087,-7.969815,-1.786081,-6.407665,-0.382204,0.198118,-0.305334,-0.491058,1.446522,0.022161,-1.289398,-5.456724,-3.448254,0
0.064857,-1.089091,2.718938,1.844384,1.652013,2.147895,4.406562,4.806348,2.665927,1.987742,3.511338,6.873469,-2.031172,5.860906,-1.252214,0.201872,1
1.014566,-0.846925,0.502285,-8.694271,-1.571115,-5.813068,-0.327583,1.415283,-0.199938,3.865391,-4.966766,2.753561,-3.526284,-3.342382,2.124495,-1.867375,0
0.805396,5.893298,1.878463,1.305503,-0.925223,1.100461,5.697675,1.157248,9.570800,0.696616,-1.713894,-1.802137,-3.340886,-5.465474,3.132993,-1.400280,1
0.116112,-2.777056,2.219152,-2.334497,0.031170,-0.534637,-2.616104,-2.829684,-3.046552,3.069069,-0.589298,-0.182579,-5.307569,-4.655895,-4.026989,4.944971,0
1.270526,2.900619,-0.421348,1.282177,1.114202,4.750937,0.307287,-2.026159,-0.753316,-7.208992,-6.165975,4.530236,0.649214,5.771188,2.159871,2.584537,1
-1.896544,-5.016335,2.481489,-2.356888,-2.558372,-0.654058,-0.726948,1.794905,-2.821139,0.626011,-5.142440,-2.714918,-2.459058,-2.633943,-3.458171,-2.760669,0
1.373845,3.658902,1.052668,2.859927,2.524360,-0.037137,0.223491,2.832498,-3.812159,-3.109786,0.914173,5.718078,-0.079711,3.031903,-0.172915,0.290041,1
0.729311,-0.172762,2.772770,0.689445,-2.554049,-1.201902,-1.999952,4.184452,-1.043196,-4.456762,-0.249681,0.090946,-0.125584,-2.285383,-2.701710,-0.381435,0
1.372432,-0.551925,-3.637897,-1.936933,2.616071,3.958709,0.233597,4.917867,-2.341772,1.083448,0.722546,0.677750,4.261582,3.875772,2.138247,-0.102072,1
-1.942559,-2.967822,-0.903884,-4.402169,1.124632,-2.533774,-1.709064,-5.069172,-1.458446,-1.419377,-5.557126,-6.027301,-3.827252,0.320559,1.388487,1.703400,0
0.905375,-1.494055,1.678700,-3.806186,1.398152,-0.476542,2.186587,-4.103661,0.642118,3.390994,0.178763,-0.850261,1.833354,-1.604929,0.114411,-1.339539,1
-3.124194,0.044424,-8.643259,-4.118150,-2.633869,2.055359,-2.791813,0.280426,-2.727259,-4.314214,8.688587,0.787315,-2.616280,0.397207,1.713848,4.585209,0
0.115171,-1.071863,-5.008052,-2.698988,1.972510,1.363238,2.943259,-2.694858,2.889001,-1.572451,2.124005,1.635854,0.928746,-3.952617,-0.003372,-0.040770,1
-5.228256,-4.978594,0.770821,1.840176,-0.439695,1.596846,-2.739116,-0.048923,4.481565,-0.473715,-1.542475,-3.411921,-4.095084,-1.780682,-3.451180,-4.262258,0
3.364600,-0.273077,0.045721,7.484193,2.693269,-6.640649,5.659001,1.807183,-0.892688,2.755637,-5.470461,2.371230,-2.946183,-2.403316,-0.189558,1.395888,1
-3.670699,4.495792,-4.246073,-0.550297,1.306299,-2.927334,1.463686,0.412113,1.707491,-3.980471,-3.190345,-0.148588,-4.638638,-5.549981,0.109102,-2.584405,0
-2.580237,-4.932328,0.691171,3.816411,4.127917,1.005871,-0.762647,0.304729,-0.275829,-0.909475,-2.080978,4.492507,-1.818732,-2.214620,3.244870,-2.599923,1
-2.104783,-6.374003,-7.502964,-0.528477,2.605833,-5.961819,2.591133,-7.098855,1.787251,0.880709,1.046059,3.581619,1.553839,1.656301,1.559740,-1.893043,0
2.242723,2.987380,5.683343,1.721536,1.248899,2.491498,-1.416077,0.702705,-0.474000,5.503692,1.342954,-5.687133,1.349638,0.236430,3.251052,4.988547,1
-2.854104,1.862177,-2.497919,-3.022832,-2.575821,-0.116903,0.068291,3.588951,2.582222,-2.551608,0.449852,-2.366669,0.377626,2.613272,-3.960602,-2.345204,0
-0.550567,1.138933,-1.421095,-1.194149,0.116576,1.972789,3.254144,2.579879,-4.943780,-1.757060,0.915885,0.064029,2.044446,0.987585,3.052346,-1.033355,1
-0.650509,1.262840,-3.760663,-3.282394,-7.340683,-2.930063,-3.500768,-3.193267,2.043192,-3.250348,3.168127,2.260706,-3.413132,-1.841805,-3.056983,5.523481,0
3.057025,-0.285937,3.816909,-2.006165,0.986567,-3.104777,7.192311,3.852202,4.315433,-1.490710,-2.880983,-2.759234,4.946500,1.787017,-3.408098,-4.877340,1
-0.869397,2.726999,0.534918,2.260675,-4.095723,-3.763983,-3.585738,-1.747515,-1.112000,-5.594362,-2.713627,-4.519311,2.392815,2.897165,0.920053,0.878525,0
3.001155,0.470024,1.064485,0.294806,0.710870,-3.369223,1.946572,-0.718232,1.954148,-1.795871,-1.107008,4.397580,2.050824,2.385213,-0.296670,2.373733,1
-1.730534,-0.176027,-2.282341,3.190920,-0.019470,-3.259356,4.498175,1.715464,-1.278285,2.638126,-5.141213,2.301428,-1.316520,-3.329615,4.837360,-2.128717,0
-3.173215,5.014644,1.993447,1.477174,-0.742866,2.192925,0.468155,-2.805669,2.742356,3.722753,0.182653,-0.636074,-10.140316,-2.142795,2.996009,0.495980,1
-0.983493,-0.753057,-4.812818,-2.353725,4.578922,-3.534845,1.170094,-3.809326,1.237150,-0.352837,-3.663712,1.638720,-1.677744,-1.550625,-0.312277,3.148148,0
3.778640,1.758267,-2.042644,3.679418,0.452631,2.445067,-1.581114,6.120008,-3.056339,-3.978826,2.199067,-4.576566,2.100497,3.524405,-2.054293,-4.998512,1
-1.354528,-1.294397,-3.821254,3.250072,0.493467,-3.111599,-0.310963,-2.905014,-0.309074,6.207661,-2.371619,-6.691320,0.223505,0.385445,-3.523338,0.395144,0
3.383056,4.213378,-2.505630,6.331742,7.652493,6.629123,-0.768847,0.818975,1.682437,0.782565,0.888474,-5.375500,1.186550,3.329761,0.923685,-0.048044,1
-1.764855,-1.769143,-0.959683,-0.444180,-4.166950,0.852705,-2.801276,-9.360364,2.626118,-8.654388,-0.436850,0.295122,-0.575848,-2.294745,-1.011710,-1.287386,0
-3.749470,-0.445602,3.128638,-1.405482,1.568900,3.721284,4.894845,-3.740451,4.510253,-0.755279,-1.427060,-0.854873,4.235600,2.605025,-2.687591,4.705916,1
0.932892,0.526119,-0.622057,-5.233044,-1.935503,-1.974438,-2.443404,-0.371464,-0.786613,-2.462843,-1.820620,-5.693365,-1.999276,-4.119649,-0.015079,-3.856946,0
0.454800,0.418211,4.199615,-0.528799,1.486476,5.205297,5.960538,3.347806,-2.348929,1.315124,-0.495037,-0.819496,2.616677,2.953645,7.767110,6.179910,1
-2.308079,0.985981,-2.975713,0.928505,-5.798362,-4.529431,0.095861,-2.840240,-2.307585,-1.964839,1.622646,-3.267502,7.336229,-1.329808,4.330746,-0.514717,0
4.150455,0.060384,4.496270,-1.701411,2.847629,5.453288,-0.003716,-3.904481,-0.957311,0.806666,2.672940,-0.602365,-0.687924,-3.612488,-5.755602,-8.467124,1
-3.300245,0.256594,-0.063507,-2.357430,0.738386,0.487556,-0.737536,-1.476217,0.000635,-1.180919,-4.311622,-0.585152,-4.248268,-2.218492,-0.329918,-4.079150,0
3.832856,3.887708,2.875220,1.389953,-1.156590,-1.548803,3.069606,1.471551,-3.335295,1.175547,4.703265,0.381452,-2.375583,0.472407,3.806405,-2.048089,1
-1.353264,-1.587106,3.743916,-0.300409,-3.153911,-2.811090,-1.005100,-0.737959,1.300318,-1.726805,1.333538,0.371452,-4.302589,0.373646,3.670244,-2.775348,0
7.735320,2.865170,3.330838,1.153516,5.463918,1.078266,5.305339,-5.137649,1.207616,-1.974296,-2.603354,1.971421,1.553653,-0.648272,-1.887625,1.918820,1
-4.359619,1.795164,0.118998,-2.654062,-6.290931,-1.460521,0.096592,-0.343435,-2.522181,-6.020431,-3.369284,-8.463704,1.412468,-0.663965,-1.836028,2.500486,0
1.901687,-0.163390,-2.741218,0.057192,0.198886,5.795220,-2.845449,1.096867,-3.642721,-0.461647,7.617482,1.088562,-3.912357,1.123589,-5.773789,-0.308341,1
-1.056353,-5.021641,-0.705342,-2.370154,-4.432981,1.699057,1.367037,-4.251797,2.192741,4.242693,3.829163,-5.387840,1.467848,0.842245,1.702101,-5.790271,0
-1.822315,5.456346,2.390016,1.276239,1.227567,-5.594074,-1.743404,5.736604,0.415722,-4.146357,-1.229432,6.884301,-4.635216,5.461240,-1.921443,1.260688,1
-2.779536,-2.110460,-4.894440,-4.643389,-0.590315,3.223722,-2.111988,-3.085209,2.785080,0.589907,1.774912,0.485300,0.297901,-1.081384,0.405401,-0.531134,0
7.436845,-1.210149,-2.168099,-0.924741,-3.635293,-0.156007,1.344925,8.612811,-3.358863,-1.561402,-2.629241,2.521680,2.099805,4.355464,3.851670,-4.476406,1
-3.867592,-1.616236,1.741314,3.196560,-2.185534,-1.799562,2.168802,-0.903502,0.232008,-0.863488,-1.652311,-2.274220,-1.935639,-0.675017,-4.901024,-2.023601,0
1.053694,2.056138,0.009797,3.974111,2.732001,-1.347546,2.378005,6.440951,-2.872923,-3.980164,-3.085839,4.062341,-3.531721,3.765815,4.478721,1.644603,1
1.157413,-5.110703,-6.467346,-2.287132,0.643782,-2.080045,-8.715491,-2.204678,-5.074388,1.136950,1.028687,-2.491987,-2.078142,-4.201397,0.701714,-0.210562,0
1.360435,-3.010384,6.273179,-0.526261,-2.831500,3.599198,-0.632101,-4.853113,-0.139990,2.647264,-0.632733,-2.179942,-0.683327,2.376328,2.831857,-2.238301,1
0.039904,2.826239,-4.842017,2.773788,5.863228,-3.375982,-0.387539,2.018555,2.889778,0.847473,-1.231042,-3.115079,-2.295980,-1.421008,0.266182,0.590124,0
-1.691041,1.069276,8.164037,-0.567925,4.416682,4.047063,2.848296,0.242753,2.887736,-1.469008,-1.376530,-5.776612,2.308032,-1.213573,3.094813,3.880265,1
-0.800351,2.273605,-4.135335,7.151382,-1.688890,0.797119,-1.335506,2.048717,-0.042719,-2.359040,-2.062160,1.205250,-2.609673,-4.786030,3.204359,-0.983325,0
1.680823,2.138345,-2.394015,1.678285,-0.146263,-1.363845,-0.065166,0.062634,1.883483,1.108036,-2.870041,3.295941,0.871741,2.269256,3.158305,1.580724,1
-7.291696,2.254934,-2.031316,-0.556236,-0.585697,-0.585258,-0.535069,1.004004,-0.110371,0.974112,-4.190570,-4.403912,-2.649424,0.365738,-0.387367,-5.199708,0
-6.172174,-1.293604,-2.059819,6.170472,-2.814836,2.520017,2.988955,-5.835716,3.151937,-0.376232,-2.589837,-2.401473,1.064993,-2.812981,-0.531812,0.725933,1
-1.645923,-5.813280,-3.888621,2.213518,-1.100379,-2.052010,1.631025,-4.040721,1.907124,-4.693177,3.698805,3.393665,-0.574574,3.059763,-1.059986,-1.374894,0
0.647299,3.650174,3.896533,-5.592937,0.801518,0.789629,3.081559,-1.775887,-0.071544,1.191232,-2.110595,-1.789640,-0.027295,-3.441073,4.171330,1.555823,1
-1.689423,-5.593478,-1.223153,-1.758744,2.031851,-0.139620,-4.084714,-0.844151,-1.897676,1.259413,1.454691,-6.886698,-2.228499,-1.313689,-3.620360,5.054461,0
0.125317,5.834525,5.904555,1.550542,4.875274,3.176499,0.918573,0.012780,2.392396,2.829064,0.479902,2.226666,-2.962443,-1.347922,0.463577,2.911222,1
-8.724330,-2.063294,-7.499352,-1.381489,1.401899,-1.617397,0.628248,1.484123,-0.182091,-3.141462,0.772057,-4.264534,2.994415,-1.944480,0.408005,2.086777,0
4.466966,4.619109,6.349626,0.651027,4.510657,-5.611769,-0.092271,0.725752,-0.614532,3.238484,-8.067261,1.513383,4.412171,-0.697574,-3.595727,4.498719,1
-2.279027,0.371920,-1.560575,-3.107298,-3.070362,-1.933774,-2.294785,-4.287458,3.070045,0.455315,4.154678,-1.005297,0.043242,-5.322187,-2.239663,-5.719279,0
1.139709,2.918126,3.369838,0.386096,-0.465492,1.563235,5.257449,3.838979,-2.584265,2.281360,1.569070,0.550753,-0.534402,0.685416,4.240037,0.174138,1
0.978539,2.160389,-1.084547,0.371176,-1.665791,-9.389317,-4.826303,-4.436110,0.154558,-1.442759,-0.476740,-1.523944,-3.812275,-2.275717,-3.831334,1.177845,0
-0.705466,1.700646,1.887242,-3.972404,-1.846878,-0.378116,3.349507,1.320307,-4.627638,-3.731393,4.109157,3.581904,1.759990,2.844956,-4.957099,0.009978,1
0.908030,-1.233929,1.882414,-2.268216,-4.393681,-4.811018,2.737518,-2.644310,-4.053920,2.607046,-4.551618,-0.663212,-2.005773,-6.866282,-0.767803,2.596628,0
-2.019688,-1.215279,-1.933393,-3.071518,-2.973619,-2.309352,3.164954,7.905433,-3.424059,0.492014,2.743804,4.097964,4.376889,-0.539797,1.189329,0.250881,1
-2.664003,-0.640154,0.355663,-2.387178,-0.560963,-5.977068,-3.399604,-2.195328,-1.107589,-2.288474,-5.646703,0.826832,-2.648762,0.711861,-0.781055,-0.545202,0
2.699666,0.452785,3.004928,5.444169,-1.942383,1.831954,1.189941,-1.482389,-0.230738,-1.327376,6.728734,4.204337,3.559636,1.163098,3.558776,4.237811,1
2.959311,3.869431,1.170986,0.959099,-3.782397,1.486082,-5.354251,1.137060,-5.249031,-2.337096,2.295158,3.895815,-2.109609,2.293711,0.268448,0.165577,0
6.335513,2.389895,-1.664577,-9.032240,7.957118,1.206713,-0.623108,-2.762091,1.835662,4.245578,3.888782,2.544284,-1.354493,4.602393,-0.465583,4.044179,1
2.687962,2.638309,-0.994329,0.044374,-0.577520,-3.966203,-7.753822,-3.814969,-0.867460,-0.397623,0.741856,-1.649666,1.794937,-0.249506,-5.939034,1.668009,0
0.242850,0.060880,2.872392,-3.707917,-2.056023,-2.909223,1.431748,0.129497,1.943246,2.360221,-1.258679,-5.138371,-0.178199,-2.075498,2.344159,-0.533731,1
-0.601295,-3.803029,3.406984,-2.109221,-7.705996,-3.908892,6.559679,-0.848902,-2.686784,0.744562,-0.840336,2.043640,0.490606,-4.126925,-1.883295,1.258410,0
-1.800701,3.544362,1.987275,5.338954,-2.635894,0.454345,-0.588524,-2.842802,1.590838,1.367047,-0.631966,5.325826,-0.993495,0.694780,1.612824,-2.295023,1
-1.179991,-1.875754,-0.461231,-2.542610,-2.763763,-4.516696,-0.586298,5.348976,-2.673726,-3.428838,4.571913,-4.340964,2.142870,-3.278501,-0.747983,-1.812705,0
0.353538,-2.686086,-2.254874,-0.976120,2.937623,1.409200,1.564750,1.187632,-0.325627,3.985072,2.544003,0.246658,3.195563,-3.204684,-4.121325,-1.076800,1
-1.511252,-5.404955,0.834337,1.414347,-0.121157,3.863951,-0.220917,3.600609,-0.656178,-8.871031,-6.500098,0.596687,-2.382989,0.170725,-1.468916,-1.625558,0
2.720967,0.708245,-0.356836,-1.310062,1.061438,4.029029,-0.361382,0.398643,-3.823335,1.600341,-4.849421,2.977059,4.080167,-0.056516,3.628829,0.558496,1
-6.847218,-3.681594,-1.005694,-2.857079,-0.366867,2.959906,1.282715,-0.952508,0.049240,-2.962007,1.583193,-4.416873,-0.086563,3.375418,-3.187172,-0.380064,0
1.312182,0.251860,3.997342,4.309680,-4.845090,4.788423,-2.011127,1.198551,1.603591,-3.032036,-0.893679,-2.837244,1.017875,0.639687,4.156615,1.798646,1
5.559690,-1.294193,-7.337751,-5.629904,0.441938,-0.964028,-4.845598,-6.280097,-1.263039,-3.317221,-1.346290,-3.330369,1.608242,-5.852400,-2.314650,2.002949,0
1.507806,-0.302993,2.960126,-1.954041,2.683768,1.809543,-3.096729,6.715550,-2.513963,0.772329,3.235183,0.683926,-3.984180,2.909646,2.912303,2.097892,1
0.719534,-2.696470,-7.572648,-4.515049,-2.301528,-4.235911,-2.505032,-5.607324,-1.144311,-3.629428,-4.079543,-0.593092,0.654753,-3.840162,0.756292,-2.212421,0
3.925675,-3.917381,2.047767,3.624150,1.446094,-2.559537,1.088528,0.236613,-1.255984,4.220912,3.014636,-1.076138,3.481523,6.437543,-2.451043,0.718048,1
1.401089,-3.355398,-5.786230,-4.468255,-5.879515,-1.444334,-6.441275,3.042259,3.218828,-2.816060,0.043177,0.665541,-4.045179,4.296350,-5.433864,1.287699,0
-0.452592,1.187523,-2.416253,0.937202,1.873847,2.803071,-5.187610,4.277917,5.575938,1.710845,1.759057,-1.435486,-4.803734,-2.015638,-3.167468,1.319493,1
-1.647115,-1.576623,-0.461990,-3.055272,-0.574097,-3.008959,3.057062,3.811684,0.481768,0.172035,-2.388371,1.527304,8.975002,-2.584027,-1.506093,1.044733,0
-0.568651,6.882813,7.359927,4.203059,4.419152,3.492112,2.730309,2.628480,4.016192,1.700194,-1.579231,-3.568234,4.047637,3.133012,2.179770,3.148135,1
-1.700792,-1.465489,-1.238397,2.945704,0.651222,3.823452,2.535133,-0.365595,-7.648342,-2.338141,7.995544,-3.459850,4.569595,0.714716,0.482632,-1.968626,0
1.421735,-5.551678,1.053617,-0.799971,-2.069983,2.528852,-2.736004,4.117551,-5.892196,0.288474,5.512053,-1.459944,-2.152343,2.946942,3.635510,-0.713470,1
0.712099,1.228724,-5.265850,-2.558455,0.262051,-4.549973,-6.517662,0.333015,-3.435233,-1.298751,3.064894,1.180805,-2.643210,-3.364499,-0.615190,-5.384225,0
1.101392,-1.569651,-2.584976,1.792840,5.596610,1.348924,-0.912451,3.165381,4.208699,-2.126691,-4.130831,4.012908,-1.899414,-2.107873,7.582751,0.159101,1
-1.187827,0.949850,-0.305687,-1.630762,-4.035774,-6.009461,5.488577,-0.428545,-2.187840,-3.920271,3.192667,-2.455310,-1.963470,-4.268873,-1.762341,2.850574,0
7.049314,2.446975,2.537086,3.706904,4.971126,-3.588470,-2.866738,-4.373189,1.710324,3.348763,4.213048,-1.834310,3.730975,3.354329,3.527181,3.389405,1
1.139462,-1.410296,-3.018684,-9.008462,-6.485464,0.664259,2.029642,-6.078387,-0.395645,-4.417994,-0.794671,1.802752,5.126728,-4.930391,0.833809,4.483326,0
-1.558674,2.200347,-2.769566,-1.871833,-1.797723,3.540481,-3.424664,0.515100,-3.004572,1.173881,0.275450,2.850865,-5.641551,-2.170915,3.225890,-6.557137,1
-6.855851,-5.370822,-3.273429,1.889046,-3.985672,-3.971569,-1.844003,3.253857,2.372242,1.220907,-1.599997,-1.467230,3.818806,2.413078,-4.296073,0.924910,0
2.872155,-4.008939,2.984523,2.172751,10.117585,1.448545,5.302642,-1.286025,-0.031169,5.374290,-2.940397,2.521935,3.776748,-3.440838,1.140513,-1.237533,1
1.204580,0.299778,1.331636,-4.082615,-5.110586,1.142822,-1.269592,0.932064,-4.220791,-5.758079,-4.393449,3.325075,-3.148019,-2.964466,-0.998859,-2.062058,0
-0.401026,2.419969,-2.680366,5.754289,6.116202,2.989451,4.666757,2.942401,3.367534,1.884219,1.008533,3.658757,0.562415,-2.930825,-2.052784,-0.728375,1
-0.922996,-2.401724,-2.916118,0.919077,1.565853,2.425739,5.933523,-3.780402,1.940035,1.455877,-1.583126,-3.679434,-0.669815,-4.754153,-0.125290,-1.307445,0
-1.520155,1.230835,-1.294468,-0.430828,0.068292,3.740867,5.338059,2.658937,2.472005,1.322564,-2.518231,3.980317,-0.317434,-0.731265,1.314594,2.670310,1
2.107510,-3.462025,3.416965,-1.657240,-7.605834,-3.218875,3.126472,0.636784,-2.670267,-1.184243,-5.163707,3.012571,-4.669272,-3.177628,-5.928346,-6.535871,0
7.066875,-5.019042,0.726398,-2.263855,0.156041,4.972707,2.735229,0.155627,0.855023,5.532022,1.035087,2.413110,0.235723,4.285264,-0.395583,2.018535,1
-9.371163,-4.430165,2.954569,0.779011,0.383266,1.320385,0.591221,0.733871,0.745020,-0.262232,2.759371,-2.717113,2.459372,-2.380170,1.233843,-1.861180,0
0.516112,0.578344,7.498187,-2.927832,-1.733065,2.353681,4.407460,-1.531243,-0.852003,3.675679,-2.865254,0.975134,4.582881,3.049991,-1.467980,1.450366,1
3.403532,-2.211529,-8.032516,1.356047,-5.960978,-0.908442,-1.854008,2.588558,-0.786214,1.268141,1.162872,2.180891,-1.810202,3.636341,-4.558983,-1.278021,0
4.348584,2.097720,2.403876,-1.239672,0.023600,1.021379,3.230788,1.095366,2.513267,2.805871,-3.295475,8.324475,4.042228,4.935826,-0.165239,2.524005,1
0.815275,-3.005069,-2.200367,4.395157,-1.240824,0.451103,-1.255642,7.368937,-5.903455,-9.704880,1.805609,-4.829417,2.109324,-1.366487,-6.182405,2.042114,0
1.839698,2.879445,4.202586,2.316777,1.725980,-0.463320,5.963840,-1.668141,0.662468,2.430469,2.366757,-0.493486,-2.824177,1.766358,-0.446092,4.932488,1
-0.418461,7.176287,0.551296,-0.450850,2.426687,-4.344732,0.300386,-1.468599,2.115131,-7.419895,0.729364,-3.637825,1.337830,-2.180693,-3.885532,0.489170,0
2.919757,2.356643,-1.000903,-0.141186,-4.445475,4.382291,-0.543211,0.097549,-4.351926,-1.921249,-0.108573,-0.980634,-6.286570,-1.181825,2.210649,2.828319,1
0.046812,-5.614268,0.850313,-2.974767,2.496016,-0.560129,-3.891879,2.689802,1.043713,-1.707310,-3.717328,2.715063,-0.146547,-0.313061,-1.356183,-2.916058,0
5.725709,-0.745376,-1.036456,0.618591,-4.128760,2.254205,1.765485,-0.065823,-1.723521,5.084672,4.017890,-7.981141,5.719962,-0.822265,1.311996,-0.470889,1
2.206438,-2.388478,-0.003088,-0.907847,-1.143211,-1.435397,-3.754377,-1.730356,-4.929211,-0.785129,-2.595706,-5.208062,-0.872896,2.664440,1.631195,5.319820,0
6.228974,-0.475193,0.355006,1.972070,7.314265,6.440875,-4.584624,1.445407,1.544433,2.060773,2.883843,1.436429,-0.744289,4.036538,-1.921576,0.325449,1
-0.812335,-2.048685,1.023106,-1.626727,4.860979,-0.356703,-1.588135,2.188549,3.870218,1.113943,0.168884,1.397333,-7.213224,-0.363480,-4.531006,-0.660722,0
1.999675,-0.595543,3.461335,2.275102,1.157945,1.539004,1.680867,-0.652791,1.691730,-1.931848,-4.002605,3.439342,-0.991808,8.642581,1.460567,-0.244236,1
-3.678971,-8.968889,-2.089580,-0.495230,1.245476,0.821648,-0.316044,-1.955819,-0.090893,1.069185,-4.267729,2.280344,-1.528816,1.025734,-4.965460,-0.033422,0
-2.166084,4.759152,-1.691599,3.579848,-1.339446,5.163709,-1.951410,-0.909786,-0.014556,-2.239912,2.455195,-1.176205,0.742688,-1.303863,3.428437,-0.813360,1
-4.002596,2.525671,4.261972,-4.564325,-2.379368,-3.655441,-4.506406,-4.723506,-6.378562,-3.032952,-1.591947,-3.584116,-5.220130,-1.791924,1.266008,-2.047670,0
-2.986611,-0.785701,3.448474,4.585303,3.778846,-2.645574,0.365496,0.950998,2.103236,3.469365,2.812987,0.920717,1.193575,-0.699952,0.019449,2.115598,1
-5.876619,-2.904928,0.626085,-1.909360,-2.880888,-0.002563,-3.646817,4.385559,0.004337,-6.926207,1.895781,-5.347348,-1.917011,-1.023926,-1.201900,-1.578060,0
-0.884985,0.894424,-2.680864,3.216723,2.692338,5.824832,0.117321,-3.053703,-0.806154,1.311637,-2.025996,-0.371534,-4.979837,-0.540567,1.125602,0.100610,1
2.378269,-5.115515,-4.353172,2.825090,3.041168,3.121971,-2.462148,3.865561,5.517597,-0.474100,1.971186,-2.095381,-3.868226,-0.006437,-0.489119,-2.872862,0
1.816901,-0.775412,-1.127411,-1.251623,-4.413052,1.446084,-4.562795,2.590144,4.694509,0.938734,-3.251726,-0.204882,-1.204917,6.224534,2.734862,3.159228,1
-2.402657,-3.748158,4.611910,-1.406588,4.264158,-4.905147,-3.366338,-1.813029,-4.019000,-0.272276,-4.585637,-0.795941,-0.312340,-4.964593,-7.263525,-5.096250,0
-4.696072,-0.245481,4.336776,4.876090,-0.561165,1.687123,4.769872,-2.915362,5.732825,0.499292,-1.284335,2.687558,1.832835,0.094561,-6.750632,-1.336435,1
-0.057455,1.120054,1.339279,-2.820903,1.405762,-0.542425,4.745472,-2.391018,-4.121079,-1.868748,-1.020451,-2.707150,-0.443243,1.638050,0.518007,-3.337747,0
0.025686,1.424005,-1.208294,10.038714,-4.827266,-1.423960,-2.317438,6.002307,-3.858666,4.035405,2.608455,5.786218,-0.163567,-3.162785,2.111514,2.087882,1
-0.260300,0.350050,-6.052529,-3.095898,0.125469,-3.872634,0.930042,-5.357973,3.328609,-1.698008,-6.831499,0.781843,1.749125,-4.313852,-5.069800,-0.718342,0
-0.742833,7.837066,3.977931,-3.173870,2.797708,-2.052195,0.207363,-2.894656,-1.984362,2.848887,0.478247,1.053582,-0.918692,-2.680524,1.546840,4.961776,1
-6.285741,1.874353,-2.900868,0.993967,7.596014,0.097244,-1.056384,-4.092322,-1.681669,-4.020661,-3.010801,-2.174867,0.665346,-1.524396,-4.421774,1.987019,0
3.138612,3.370263,2.134194,-2.810828,-4.005924,3.911490,3.201909,4.957408,12.175941,1.481160,2.004783,-1.021618,0.599999,-4.881875,5.267722,2.332475,1
-0.296659,0.634415,4.069420,1.287159,-5.435910,0.574732,4.038088,1.524948,-4.537059,1.821619,-2.634943,-1.915395,2.881804,-5.467606,-2.055346,5.247690,0
0.958315,2.239060,0.745927,-3.134730,4.089498,-0.029195,3.305476,2.747577,-3.894106,5.966365,-1.883111,3.495372,2.696074,2.869779,3.539575,-4.589502,1
-3.596099,0.702841,-0.669687,-7.057209,-4.167990,-3.088632,-3.305447,0.834002,3.510908,-1.240823,-4.638739,-1.388666,-2.575992,-0.110531,-3.594489,1.137323,0
-0.007535,1.362444,-1.462502,1.306043,1.612664,1.111963,2.166827,5.144908,-3.053185,-4.018655,1.690307,-0.586398,3.068366,-3.794939,-3.268683,3.080756,1
-0.663322,-1.852448,2.178391,-4.321612,-6.805148,-6.733222,2.679317,-0.344227,-0.642973,-6.750615,3.328110,1.637802,1.500944,-4.118078,2.624718,-3.563082,0
4.679391,2.169580,-1.016405,-0.863690,1.817220,4.584247,3.374528,3.594319,-2.898313,5.149619,-4.434834,1.944505,1.755780,1.366848,-3.243064,-1.407846,1
0.156893,-2.954366,-2.167500,-5.223242,2.324541,-1.835910,-0.471043,-4.082827,1.930616,0.879967,1.933163,4.128548,-5.461247,1.049751,-0.992287,-3.113063,0
1.208473,-0.077194,1.147009,2.202636,-1.324007,2.584090,1.493934,-2.544614,2.549087,3.397309,-5.185271,0.004056,0.548426,5.215541,-1.806713,0.950939,1
-3.586097,-5.686727,1.328821,-7.384028,3.089701,0.169632,-2.173811,-3.889531,1.989634,-5.826709,4.087929,-3.583371,-4.771002,3.787521,-2.779568,-0.636111,0
3.857141,3.488244,2.494500,2.240510,-0.333130,0.328667,4.924544,-1.658736,4.440532,6.094501,3.544103,3.493329,1.209435,7.582732,-2.004034,1.824811,1
1.127390,-1.603100,-6.759665,2.417309,-1.792761,-2.223024,-4.068521,-3.090988,-2.004457,2.359888,3.031097,-4.889264,-2.388231,-0.369730,-1.846994,3.996988,0
0.282815,0.257293,2.621203,-3.628801,-1.447543,2.536839,0.160481,5.302136,0.159048,4.661736,1.253991,0.597600,0.687518,2.833514,-1.584459,-2.529803,1
1.039200,-0.873064,3.709270,-3.988921,-4.675141,-0.671864,-3.010706,3.490578,-1.975234,-6.998351,-4.032584,1.263969,1.129128,-1.004194,3.553404,-2.243608,0
0.563342,3.346231,-0.985737,-2.482509,-6.348368,-0.800427,1.427804,3.899209,3.687585,6.801269,3.952315,1.507222,1.915198,-2.717131,-0.716022,4.862824,1
0.076244,-5.212502,2.800814,3.532183,0.794579,1.795740,2.926369,1.303978,1.342703,3.750700,-0.241922,-3.829689,-0.699310,0.520138,-9.010752,0.424671,0
6.716752,-0.152516,5.016131,-3.201649,1.473557,3.015374,-2.510637,-1.414209,2.000493,0.809423,0.770239,-1.167926,-2.423770,4.090844,2.138946,4.212691,1
4.499914,2.614164,-4.048988,-2.732107,4.323809,-2.178326,-5.926377,0.183455,1.959703,1.520924,-2.664979,-0.491142,1.381363,4.741995,-1.901315,-4.633337,0
3.822928,-2.921496,3.434285,5.206521,5.759971,-0.097511,-1.431738,-2.154343,-2.304468,-0.000027,2.841327,1.764850,0.365200,-1.125137,0.604508,-0.383491,1
2.473145,-0.184593,4.954630,-1.773011,-8.398341,-1.491034,-0.754675,1.284740,-0.704794,-1.065629,3.535337,-2.964595,-0.815725,5.925480,-0.282085,-3.017236,0
-3.887667,5.211614,2.463439,-4.280920,-2.523852,2.301291,-6.307787,-3.541058,3.629382,0.281781,-0.738275,5.439519,0.810152,-2.128140,-5.801520,1.697541,1
2.115602,-0.941972,1.523447,-4.929543,4.745932,-0.311216,4.670362,-7.172077,-4.416691,-4.399765,1.713005,-0.783711,-4.557607,2.746082,2.000788,0.478397,0
-3.924350,-0.663324,-2.630471,-1.438558,0.990758,2.861230,-0.305586,1.429103,1.923486,-0.871977,0.697745,1.850181,1.594333,1.434638,0.765614,2.773393,1
-3.370072,-0.114820,0.054905,3.040400,-6.018521,-4.673450,-5.225437,4.582275,-4.004636,-6.268681,-1.406007,0.642723,-5.913189,-5.892550,0.422520,-5.257038,0
2.151849,0.870847,0.638536,-1.002972,4.357471,6.393155,1.512212,1.522931,0.729419,-0.210010,9.612718,1.159756,-2.350139,-2.214973,2.720717,0.191736,1
-0.936948,3.876635,-5.896624,-2.735989,3.207161,-6.326890,2.033388,0.284840,-5.554571,-0.660645,-4.818494,-4.996053,2.280518,0.500540,-2.881678,-7.996131,0
-0.585564,2.033698,7.535371,2.022372,-1.564625,0.167333,1.974591,4.426560,-0.767955,6.676785,-3.764662,-1.457531,4.917827,7.214026,4.609172,0.562819,1
-1.339005,-4.682216,-2.429996,-0.813206,1.105297,0.730782,3.090878,-0.857028,-3.360111,2.709505,1.502413,2.180302,-1.574316,-2.450378,-5.920676,-1.826697,0
3.261390,-1.892371,-2.099403,1.282016,3.149320,2.171285,3.453258,3.327556,0.075250,3.427762,6.961875,2.784163,2.986913,-0.571513,4.066960,2.896358,1
-3.273224,-4.899792,-2.345263,-0.321993,-1.856919,-1.300455,-0.664781,-1.865557,-3.790746,3.704691,1.992001,-3.837622,-3.397108,1.177147,1.485878,-7.984696,0
0.144407,-0.976376,6.810647,-0.301321,6.583079,-1.771868,1.988711,5.101140,2.559899,2.289083,3.656451,5.045379,3.103429,1.173847,2.018132,-0.968394,1
-2.221172,0.594070,-1.635261,-4.636311,1.095671,-0.986824,-3.251522,-2.213371,-1.116364,-9.389536,-2.995141,0.261864,-1.232615,-3.770560,-1.285013,-4.053535,0
-1.522513,5.163932,-0.234708,-0.523328,0.673531,-4.096660,-2.943220,0.045883,-0.655367,5.494534,5.289161,2.816236,-6.157560,-0.010256,1.111038,1.889417,1
0.099928,-1.475569,0.800472,2.591154,0.109735,-2.702536,-3.919245,-2.612188,1.521135,-2.220431,-2.321461,-1.318124,3.165819,-1.781483,0.165751,-0.162035,0
0.150191,1.955140,-4.185876,5.157601,-2.117987,4.742599,5.320102,-2.945122,1.983762,1.315338,0.651533,1.063034,0.653986,1.462855,3.295007,1.644187,1
-5.332837,-5.235874,0.180984,0.140007,-6.281354,1.618233,-5.880820,2.163128,-1.708439,-0.855213,-5.603997,0.526428,-1.166869,2.627199,1.954149,1.310217,0
2.502603,-0.782807,2.512177,1.372601,2.159257,1.624236,-0.106888,-6.073688,-2.562594,-0.867763,-0.062086,3.405967,0.646591,3.900802,1.261068,-2.240283,1
2.743017,4.407522,0.654612,1.504307,2.373451,5.319487,0.257067,1.415838,-1.023805,0.176487,-4.730954,0.038023,1.033381,-2.142660,1.716688,-4.015837,0
-0.908234,-2.150901,-1.696600,-0.929115,4.625804,-0.544480,2.954833,9.375625,-1.153004,-6.071252,-1.506568,0.167476,0.428124,6.633668,1.205984,3.675010,1
1.115730,-1.576804,1.652153,0.337564,3.997650,-4.349948,-0.441519,-1.398247,-4.233087,1.855324,-1.624581,-2.341417,-4.016816,3.902925,-0.270075,1.083467,0
-0.056882,1.535375,-3.563470,0.865108,-0.073131,0.918828,1.798791,-3.306912,-2.018279,2.055194,1.945514,-1.586438,6.496337,-0.292949,1.461991,-0.296096,1
-3.704085,-1.247263,-3.346304,1.978609,-3.505736,0.454929,2.165476,3.956154,-3.482950,1.070576,1.083292,-2.521535,-1.985373,2.984650,0.287083,-5.167481,0
2.736846,5.208053,-0.931013,-6.478427,-0.582453,1.877372,2.211999,-3.824485,1.940343,3.226041,1.976277,2.062732,4.326964,5.617644,-0.069565,3.768449,1
0.222857,-5.227478,1.375484,-6.950193,-2.533957,-1.190174,0.475073,1.039066,-1.946473,-1.811717,-4.115381,-3.800358,5.678083,0.722944,0.399042,-2.873069,0
-3.720402,0.062778,2.676133,1.312134,3.947621,1.710856,-0.064558,4.181989,-1.736833,0.908459,2.058051,0.276592,-2.434796,-3.454285,1.470630,-1.819345,1
0.358418,-4.672784,3.469364,-4.536475,-4.752269,-4.098355,3.984138,-8.142577,0.742716,-7.829990,-0.164640,0.644838,-7.349234,4.536880,-0.989799,-7.515432,0
-2.398747,2.333268,-1.699399,6.881814,-0.048352,-0.468654,3.385200,-0.336651,4.713872,3.349414,-1.630963,1.994668,3.146190,1.273397,2.977138,2.666415,1
-0.067387,1.747416,-0.404871,3.725273,-0.088385,3.780777,-7.678556,5.338495,-3.204632,-2.304783,1.655893,-5.787291,-0.803090,-2.729134,-3.207392,0.573071,0
5.894729,3.438317,-0.322012,0.704074,1.253470,0.791590,-6.544626,1.606208,1.211683,-0.591558,-0.741555,0.372514,-2.418790,3.741132,-0.099955,-3.203214,1
0.861071,1.256140,-0.769674,-0.255745,-3.198716,-0.417505,-1.312717,-0.078306,-0.361681,1.373531,1.099102,-2.778224,0.553894,0.099215,1.786381,-4.286667,0
-1.670269,0.232072,-4.944180,-2.180926,8.758758,-4.969847,4.185046,-3.070122,3.241607,1.950883,-0.509618,0.594788,-1.311869,-4.898337,1.888412,1.814940,1
4.425449,-3.808022,-5.648220,-3.750543,-4.612943,3.439821,-2.075687,-4.860638,-0.846048,1.433475,0.237570,6.108288,-0.872441,7.930347,-2.580826,-5.553125,0
-0.572762,0.924686,-4.159942,2.916093,-1.805512,0.725915,-1.746990,-7.863970,3.080245,3.785291,-0.625289,-1.195254,2.950089,2.447253,5.595962,-4.196357,1
3.019007,-0.392422,5.339640,-2.626252,-2.395914,0.079418,0.116148,-6.097724,-0.984660,-0.714600,-0.418018,-0.799320,2.844669,-4.314478,0.008299,-2.327159,0
-0.080088,11.482924,-3.768340,3.198493,1.651221,0.704632,-3.318078,2.122607,-4.412332,2.348121,-1.448971,-0.988256,2.194655,0.760597,4.839267,-0.403309,1
