0.032432,0.326342,-0.441624,-0.040047,-0.590439,-0.621044,-0.771934,0.467926,-0.672821,-0.403707,-0.428005,0.862142,-0.241361,0.644062,-0.875569,-0.421627,0
-1.158734,0.519915,1.135814,0.490738,-0.092013,-0.007578,-0.231305,2.012261,-0.636203,0.318376,0.398032,0.377755,1.357414,0.440389,-0.132769,0.733589,1
1.162632,-0.112872,1.001848,0.014909,-0.692920,-0.987372,-0.006973,-0.164904,0.267362,-0.669209,1.015488,1.075938,-1.413894,-0.393221,-0.458176,0.653006,0
-0.824587,0.093915,-0.892709,0.266771,-0.596291,-0.723867,0.225516,-0.451994,-0.450174,0.108043,1.175197,0.317665,-0.244861,0.515463,0.347776,0.235148,1
2.506879,0.229642,-0.952530,-0.846968,-0.546121,-0.961327,-0.773662,1.805817,-0.971110,-0.070762,-0.809876,0.114026,1.244404,-0.511921,0.475316,0.514691,0
-1.357354,0.402521,-0.762820,1.011459,-0.503563,-0.063470,0.606064,-0.877076,0.188815,-1.645320,0.052265,0.391493,0.162949,1.034804,0.390695,-0.714196,1
-0.340816,-0.377993,-0.238667,0.369544,0.092839,1.392146,-0.247037,-0.425450,-0.542078,1.009791,0.541381,-0.877159,-0.603100,0.313499,-0.353700,-1.673653,0
-0.884207,-1.055318,1.343816,-0.576399,-0.184051,0.059090,-0.721850,-1.509755,-0.412503,-0.614681,0.152196,0.495216,0.924514,0.243824,0.216902,-1.640713,1
-0.453048,-0.083225,-0.134752,0.299991,-1.456655,-0.894879,0.020211,-0.604373,-0.124535,0.785925,-0.668985,0.717262,0.580454,-0.105747,-1.073829,0.855880,0
-0.581373,-0.187227,1.667124,-0.983016,-1.099993,0.737398,0.000335,-0.848133,-0.348608,0.553867,0.041414,-0.372646,1.330688,0.035450,0.840813,0.206743,1
0.398492,0.775161,-0.520491,-0.529658,-0.755510,-0.013876,-0.289182,-0.069790,1.253913,-0.764452,0.581819,0.984999,0.128276,0.055688,1.400880,1.337448,0
-1.668676,-1.484718,-0.734894,-0.617750,1.549624,-0.220235,0.237189,-0.166157,-0.492103,-1.004093,0.029191,0.470644,-0.357692,0.541347,0.043779,0.316812,1
1.779810,0.987573,0.172062,-0.543510,1.575720,-0.401692,0.098281,0.540659,0.308232,-1.324472,1.119491,-0.327363,0.516120,-0.730528,0.062514,-0.615119,0
-1.395774,-0.573458,0.894540,-0.608534,0.161402,-0.661707,-1.528566,-0.847132,0.262078,0.933270,1.346223,-0.764071,0.375827,0.354716,-0.117480,-0.090573,1
2.211979,-0.021728,0.810471,0.842121,-0.071638,0.009922,0.376543,-0.704134,-0.862943,-1.981029,0.681040,-0.369868,0.164396,0.256741,0.183836,-0.417629,0
-0.514314,0.327717,0.395108,0.288787,-0.140480,0.513628,0.153801,-0.771962,0.117308,0.427632,1.822926,1.036910,-0.111568,-0.137374,0.932812,-0.455696,1
1.195732,-1.080081,-0.114800,1.719216,-2.016348,0.468247,-1.904815,-0.032278,-0.341218,0.165150,-1.350377,-0.438095,-0.299357,-0.610360,-1.100851,-1.139664,0
-1.142513,0.689814,-1.005110,0.234636,0.227781,-0.016036,-0.625998,-0.378756,0.067339,0.982616,0.931201,0.131963,-0.310389,-0.790240,-0.715093,1.196776,1
2.174088,-0.248902,1.201271,-0.755854,0.457113,-0.512704,-0.327389,-0.650760,-0.723380,-1.029287,-0.802641,0.142406,0.704441,-0.585757,0.495352,1.647850,0
-0.876387,0.335318,0.790631,1.514589,-1.338097,-0.229354,-0.691247,1.238514,-1.079170,-0.965827,0.099156,0.497497,-0.095252,2.360861,-2.005653,-1.410583,1
2.759058,0.689332,-0.355366,1.846862,0.207178,1.043610,0.189032,0.747019,0.073163,0.325933,-1.158782,0.096455,0.066314,-0.777825,-1.178470,-1.060393,0
-0.326516,-0.420880,-0.142319,-0.017566,-0.515758,0.265707,0.271626,-0.094476,-0.686508,-0.135106,-0.503460,-0.285980,0.999243,0.482023,-0.860579,-0.698101,1
0.134448,-0.186357,-0.433033,1.208218,-2.292244,0.813099,-0.338163,-0.791456,0.285563,-0.035999,-1.259832,1.627596,-0.551037,-0.418900,-0.159405,-0.074197,0
-1.432547,0.637535,0.324210,-0.566880,1.044138,0.677936,0.528762,-0.397367,0.946460,0.701114,-0.188084,1.088222,0.519601,-1.406943,0.046606,-0.019497,1
1.208707,-1.154648,-0.184921,-0.036063,0.242547,0.797521,-0.646008,-0.742898,0.300959,1.152028,0.981110,0.067695,0.280139,0.160778,-1.463363,1.486146,0
0.126163,0.528091,0.053796,0.496285,-0.416334,-1.031433,-1.948415,-0.131706,-0.574976,-0.806661,-0.719546,1.190316,0.122943,0.051772,0.153129,0.434758,1
0.707323,1.020890,0.188309,1.624049,1.131171,-0.069170,0.061526,0.873100,0.195554,0.352764,0.800130,-0.723788,0.546076,-0.057339,0.570798,0.394442,0
-0.249428,0.303183,-1.184176,-1.035414,1.082942,0.954145,0.144233,0.001093,-0.167696,-0.671532,0.735597,0.618901,0.683447,-0.836136,-1.471754,-0.051249,1
2.372761,-0.274479,-0.681262,-0.508018,0.455151,1.015007,-1.056957,-0.412166,0.291841,-0.610536,0.947761,0.482265,0.328822,0.409861,-0.560342,2.143083,0
0.930133,2.089842,0.690184,-0.853963,-0.271447,0.573149,0.775391,-0.989038,-0.476244,0.133016,-0.690553,-0.394410,-0.421069,-0.270040,0.211313,-1.149510,1
1.043483,-0.285882,-0.795476,-0.351525,-0.439723,-0.308560,-0.225380,-1.174771,1.052998,0.051678,1.095189,-0.260631,-0.225080,-1.386451,0.370442,-0.839409,0
-0.832990,-0.526428,0.526006,0.387683,0.379179,-1.177238,-1.041076,-0.148711,0.140705,-0.216196,0.231212,-0.154099,0.890118,-0.157203,-0.337710,0.518080,1
-0.003318,-0.108574,-0.851592,0.026233,0.461931,-0.505095,0.864711,0.172783,1.109963,-0.640296,0.913279,0.991894,0.707716,0.416802,0.488598,0.061693,0
0.251266,-0.197822,1.507542,-0.009754,0.609888,-0.049763,0.414921,-0.803200,1.258262,-1.446728,-0.045532,0.291076,-0.607303,-0.120619,0.001951,0.425949,1
0.718217,0.334120,-0.415584,0.905792,0.420297,-0.518976,-0.819336,-0.446063,-0.147643,-1.094293,0.454263,0.197934,-1.063563,1.176028,0.239853,0.015132,0
-0.230022,0.181250,-1.482902,0.163234,-0.747736,-0.214993,0.660828,0.948383,-0.117612,-0.546057,0.677611,0.501923,0.903899,1.761567,0.113804,-0.108780,1
1.228233,-0.606358,0.985267,1.479205,-0.544095,-1.237625,-0.184775,0.371254,-0.538554,0.976877,-0.905967,-1.216537,0.800950,0.979900,0.413582,1.226478,0
-0.744898,1.558053,-0.377726,0.652103,-0.046248,0.608442,-0.589378,0.719834,-0.451868,-1.350938,0.079732,-0.290014,0.944495,1.117780,0.077863,-0.436976,1
2.216178,0.157215,-0.723554,-0.389514,-0.381385,-0.100005,0.272476,-0.084868,-0.601738,0.817522,0.539439,0.710554,0.659259,1.353580,-1.246135,-0.370997,0
-1.138349,-0.283972,1.650682,-0.628536,-1.502418,0.883137,0.311513,-0.554051,-0.180687,-1.101576,-1.190281,-0.077097,0.298266,2.181314,0.888372,-0.361603,1
0.819990,1.096077,1.421337,0.407498,0.439035,-0.231450,0.347545,-0.590461,-1.752456,2.452107,-0.956814,1.514127,1.687442,0.965021,0.709290,0.213759,0
-1.331719,-0.796993,-0.789634,-0.287283,1.144689,-1.095027,0.318370,0.401465,0.417259,-0.750438,-1.011845,0.294132,-2.031819,-0.412089,1.140823,-0.485162,1
1.176334,-0.420410,-0.222584,-0.390638,1.191961,-0.536029,-0.898629,0.503458,-0.912473,0.774597,0.446384,-0.417022,0.463425,0.116244,-0.004673,-0.855527,0
-0.221511,-0.022919,-1.077360,1.097138,-0.681470,-0.852583,-0.292199,0.547220,-0.014567,0.426587,-0.518113,-0.828990,-0.364858,-1.103154,0.667655,0.637300,1
-0.881746,0.012925,-0.501507,-0.508499,0.047642,-0.430420,0.945383,1.139947,-0.385051,1.719382,-0.655168,-1.272707,-1.338194,0.312933,1.908757,0.823794,0
-2.091099,0.606687,0.022139,-0.404702,-2.015206,0.568166,-0.465531,-1.099555,-1.159182,-0.607142,0.246020,0.492973,0.002017,0.247131,0.171529,-0.208588,1
0.530060,0.475730,0.123978,1.103847,-1.839090,0.034916,-0.493008,-0.073155,1.128510,1.474206,-0.053709,0.004846,0.313524,0.109139,0.480612,-1.080495,0
-0.356325,-0.133597,0.465708,1.403746,-0.998863,0.822096,0.575286,0.233546,-1.248551,0.690908,1.096861,-0.210390,-0.403852,0.265519,-2.241591,0.511281,1
1.630245,0.634320,1.201574,0.860828,-0.671589,0.420066,-0.169534,0.141303,-2.257331,-0.577046,0.218480,-0.043239,-0.869668,0.211061,0.738258,0.322574,0
-0.562132,-0.078396,-2.168781,-0.576098,-0.953220,0.834640,2.039915,-1.079106,0.558991,0.356261,-0.081640,0.179053,0.627498,-0.994194,-0.256332,-0.236369,1
1.818653,1.244807,-0.470972,0.043185,-0.799945,-0.971876,0.129204,0.162219,0.674276,0.578540,1.146821,0.830876,0.384250,-0.994848,1.837396,-0.742519,0
-1.095713,0.410646,0.230650,-0.061339,-0.495184,-0.304991,-0.302476,0.833852,0.298622,0.000636,-2.098867,-0.749662,0.027423,1.061860,-0.604814,-1.114208,1
0.049705,-0.672062,-0.579577,0.027060,1.730330,0.031386,-0.336431,-0.222429,-1.075836,-1.148013,-1.388082,-0.683359,1.589514,1.027266,0.964711,0.369334,0
-0.932842,-1.277623,0.196799,0.711976,-0.415521,0.838304,0.389242,0.896048,0.810738,1.042561,0.322902,-0.398659,-0.657820,-0.716505,0.467562,0.435530,1
0.589493,0.086733,1.297730,-0.889346,1.291316,-0.631641,1.107075,0.237508,-0.186366,-0.456822,0.323135,-0.423314,1.296502,-1.501115,1.242411,-0.208736,0
-2.113212,-0.162324,0.084957,-0.107307,0.021240,-0.116900,-0.316132,-0.247158,0.661885,-0.462444,0.378247,-0.266910,-1.102570,-0.057173,1.442726,0.784611,1
2.198457,-1.128726,0.820732,-0.236476,0.564235,1.144078,0.707914,0.623021,-0.309619,-1.772687,-0.275403,-0.336681,-0.162343,0.178500,-0.487272,-0.388443,0
-0.279119,-1.172607,0.493459,-0.797625,-1.674979,0.349318,0.272218,-1.133603,-0.128958,-0.167833,0.830878,-0.342510,0.028288,0.535293,0.445580,0.506487,1
0.402784,-0.248858,-0.412425,-0.393716,-0.516743,0.905060,-0.241103,-0.805554,0.426910,0.195527,-1.002233,0.161479,0.769916,0.675322,-0.187549,0.014537,0
-2.131129,1.306712,0.440913,-0.810169,0.038723,0.537424,0.434630,-0.286391,0.628504,1.098093,1.236873,0.447617,0.453975,-1.905053,-0.069008,0.046994,1
0.205993,-0.505549,-0.734813,-0.667607,0.031059,-0.200769,-1.246142,0.077901,0.080877,-0.237650,-0.420496,0.613075,-1.564341,0.715824,1.063525,-0.973321,0
-1.264778,0.510703,0.566614,-0.675560,0.101923,0.193482,0.747012,-0.321005,0.040611,0.078186,-1.297414,-1.200439,-0.700829,-0.855984,-1.270776,-1.152075,1
-0.130073,-1.750106,-0.533643,-0.249298,1.150476,0.305509,0.279135,-1.429747,0.269711,-0.182665,1.327187,0.679258,-1.443765,0.711834,1.466914,-0.630492,0
-2.667191,1.790128,1.846853,0.013077,-1.470233,1.060266,-0.497667,-0.267939,0.899581,0.247257,-0.435715,0.537179,0.734909,0.211241,-1.279017,-1.207657,1
1.174950,0.420096,1.521680,0.587349,0.224108,0.651670,-0.091652,-0.417341,-0.288611,-0.151266,0.638579,-0.979080,0.642994,0.411530,2.120751,-0.149273,0
-2.809530,-0.538706,-0.003642,-0.484576,0.925443,-1.307405,0.168604,0.043328,0.892948,-0.366869,-0.549724,0.016889,0.001431,0.420188,-0.080903,0.730575,1
0.569906,-0.924553,0.049776,0.108233,-0.179635,-0.070123,1.093444,-1.146596,-0.115404,-0.416332,0.266250,-0.615545,0.862517,0.491762,0.444992,0.285224,0
-0.470136,0.774207,-1.368896,-0.269102,0.548645,-0.813352,1.121525,-1.236193,1.005357,-0.048450,0.642487,0.231810,-0.011628,-0.365692,0.280196,-0.118822,1
1.136806,-1.552116,0.625177,-0.229873,-0.260266,-0.513778,-0.636923,0.239659,-0.196666,-0.975745,0.578799,-0.419497,0.994218,-0.181111,-0.169626,-1.590082,0
-1.861798,-0.100166,0.355685,0.057892,-0.581053,1.100085,0.489538,-1.184543,-0.834891,0.986668,-0.580723,-0.849736,-1.825103,0.419707,0.277610,-1.180313,1
-0.106344,-0.045519,-0.281104,-0.630618,0.234632,-0.343893,-0.408557,-0.113907,0.154835,-1.622718,0.077321,0.774569,-0.606418,0.766904,0.057647,0.382773,0
-0.440779,0.223294,-0.141008,1.885882,-1.791875,0.095203,0.166758,-1.115188,0.100077,0.240860,0.653756,0.114943,0.715558,-0.234946,0.027004,-0.117982,1
1.819792,-0.179664,0.557071,-0.849058,0.203515,0.057830,-0.087717,-0.116965,0.607720,0.068891,0.596699,-0.287199,0.007427,-0.810317,-0.577366,-0.709275,0
-0.781658,-0.466862,-1.137502,1.300437,0.281477,0.311319,0.466060,0.303594,-0.306588,-0.729779,0.652468,0.749222,-0.240543,-0.371227,-1.097994,0.071718,1
0.550462,0.694820,-1.412746,-0.880214,0.388118,-0.566772,-0.523112,-0.820998,-1.123174,-0.020617,-0.169440,-0.145533,1.153070,0.598251,0.607622,1.102227,0
-0.522088,-0.741175,-0.428730,-1.053099,0.382455,0.050684,-0.825571,0.396176,0.609901,0.110598,0.235709,-0.483274,-0.573552,0.010782,0.028005,0.776973,1
1.426964,-0.382405,-0.722511,0.412416,-0.748723,0.230971,1.054070,-1.155797,0.944046,0.262463,0.366888,-0.099017,-1.012556,0.000135,1.270439,0.552028,0
0.060716,-1.621506,1.218845,-0.938854,1.919686,0.741647,-0.959944,0.858073,-0.784676,0.015063,0.446579,0.324495,-0.275560,0.036726,0.844574,0.229665,1
0.483691,0.136008,-0.080120,0.498933,0.083529,-0.954699,-0.681497,0.102500,1.026683,-0.723658,1.928298,0.632930,-0.142484,-0.181314,0.135272,1.067277,0
0.332837,0.037984,0.444007,-0.460666,0.484859,0.608580,-0.495465,0.685834,-2.125527,-0.459398,0.687003,-0.112006,-1.003874,0.895719,-0.199163,-0.978003,1
0.599914,0.107267,0.681413,0.680979,-1.442585,0.348910,-0.119592,0.896892,-0.185605,-0.200129,-1.494941,0.351592,-0.247508,-0.867763,0.612088,0.648624,0
-1.341161,1.402427,0.591068,1.120749,1.800025,0.717614,-0.559399,-0.269634,-0.860238,0.150372,-2.223821,0.445958,0.270591,1.413584,-1.346810,1.945647,1
1.248740,0.392896,0.892549,-0.144582,-1.465854,0.141361,0.737859,0.883698,0.012415,0.592788,-0.379833,0.478693,0.486067,-0.941633,0.932784,0.546612,0
-1.578613,0.975507,-2.417085,0.427808,0.461530,-2.155035,0.355936,0.262884,1.190466,0.313372,1.316143,-1.638692,0.017883,-0.870531,0.037346,-0.124432,1
1.277266,-0.630152,-1.952456,0.340272,1.026809,-0.291617,0.861554,0.153175,1.544707,0.623940,-0.100843,1.316627,-0.224133,-0.393605,0.789953,-0.167214,0
-1.547014,0.151233,-0.132785,-0.568528,1.407736,-0.084400,0.744856,0.594545,0.607980,-1.226518,-1.151194,0.433482,-0.726241,-0.770682,0.988092,-1.538929,1
0.217080,-1.627183,-0.082240,0.322873,-1.196166,1.139508,-0.418123,-0.641470,-0.884083,1.070813,-1.979427,-0.132536,-0.093998,-1.207897,-1.853668,-1.135769,0
-0.747442,0.337276,0.011687,-0.505903,-0.324101,0.033437,0.784513,0.634151,1.055995,-1.054449,-0.778456,-1.095125,-0.169139,-0.210451,0.233556,0.228288,1
-0.668404,1.106459,1.420851,-0.280401,1.251395,-0.766469,0.355230,-0.880501,0.571830,0.055870,0.446122,-0.013219,-1.829961,-0.494797,-0.154907,-0.343679,0
-0.235499,1.153081,-0.250425,-0.137204,0.864352,-0.189464,-0.705250,2.084095,-1.178547,-1.318278,-0.098825,-0.703712,-0.415635,-0.715944,1.412824,0.655083,1
1.864960,-0.126833,-0.840299,-0.794641,0.973605,-2.016220,0.125677,1.024207,-0.090369,0.321348,-0.023732,-0.159842,-0.028715,1.987115,0.195790,1.231568,0
-0.582292,-0.103506,0.895006,0.709340,0.930245,0.758135,0.473497,0.776499,0.614908,0.930620,-0.097977,0.289023,0.821427,-0.398265,-0.320381,-0.159541,1
1.807261,0.527846,0.207037,1.393435,0.670513,0.304356,0.735097,0.048934,1.074480,0.467803,-1.845691,-0.188943,1.189731,1.163035,1.269485,0.760617,0
0.201959,-0.206436,0.041284,-0.686111,0.118385,0.478864,-0.765522,0.273544,-0.394281,-1.018633,0.995796,0.537830,-1.014270,-0.537324,-2.036811,-0.232363,1
1.857333,-0.210176,-1.141928,0.883148,-0.535114,-0.703260,-0.158745,-1.169367,-0.305456,0.706395,-0.610276,0.435936,-0.307443,-1.249707,0.506508,0.106683,0
-0.421309,-0.148773,-0.506038,-0.364487,1.322698,0.474032,-0.148206,-0.056785,-0.604393,0.500094,0.054399,0.269301,-0.688523,0.591696,-1.235779,-0.716548,1
1.705103,-0.825479,0.743279,1.860472,0.270928,-1.378249,-0.527297,-0.510601,-0.205973,0.030675,0.117631,0.921252,-1.019670,0.641118,-0.223079,-0.243366,0
-2.172823,0.772913,1.394044,0.804560,-0.332193,0.595473,1.524683,-0.766507,0.387304,-1.237300,-0.336832,-1.278599,-0.973177,-0.956811,-0.463295,-0.543623,1
2.180800,-0.517632,0.003490,-1.346495,-1.443414,-0.135872,-0.006164,0.060363,-1.648470,-0.711378,-0.077432,0.484801,0.511346,1.078069,0.006452,0.679829,0
-0.831225,-0.111715,-0.735300,-0.128697,0.196627,1.855924,-0.031024,-0.720254,-0.367373,0.598846,-0.440366,0.249594,-0.931610,-0.440638,-0.560697,-1.021382,1
1.239945,0.968454,0.250012,0.483267,0.864671,-0.116608,0.185862,1.918215,-0.645602,0.637504,1.356074,0.406115,0.501909,-0.260716,-0.431395,-0.970946,0
-1.673515,-0.456033,0.308935,-0.247108,1.615975,-0.180899,-1.064478,0.026283,0.647944,0.051112,0.942249,0.293797,0.905401,0.069695,-0.053407,-0.234599,1
1.084114,0.240924,-0.834870,-0.699215,0.337476,0.389812,0.822819,-0.967191,0.054321,0.442120,-0.030077,0.365829,0.227417,0.445748,0.013673,0.699960,0
-0.509572,0.261326,-0.587274,0.069072,-0.435321,0.550957,-0.606650,0.786358,-0.950606,-1.122742,-0.314221,0.259279,-0.173347,0.253623,-0.165549,-1.367970,1
0.082125,-0.012295,-0.587004,0.920559,-0.433929,-0.824172,0.415381,0.310945,1.472608,0.041816,-0.877347,-1.444348,-1.161474,-1.214802,-0.603100,-0.492291,0
-0.495944,0.571077,0.556354,-1.115064,-0.876634,-0.338124,0.983188,1.914976,0.796954,1.082678,0.068628,-0.381082,0.653450,1.157307,-0.132748,-0.557162,1
1.012783,-0.506245,0.636992,1.512191,-0.069412,0.543450,1.787210,-0.462142,0.849782,-0.215987,-1.042589,0.966436,-0.243978,0.747543,-0.085074,1.133394,0
-2.006560,-0.461210,-2.429728,-0.193596,-1.708969,0.579262,-0.139627,0.914786,-0.272910,0.749445,-0.788333,-0.595606,-0.585629,0.075932,0.527813,0.583916,1
0.932403,-0.282343,0.077585,0.728792,0.514127,0.846536,0.080458,-0.940485,-0.782928,-0.003309,-1.133825,-0.133422,1.337919,-0.582543,-1.471199,0.004214,0
0.453532,0.012146,-1.203772,0.801531,0.276152,0.584104,-0.426969,-0.538296,1.029753,-0.223778,-0.324373,-0.869136,-1.095218,-0.703375,0.086331,-0.662080,1
0.646658,0.037211,0.354247,0.108365,0.026605,0.581763,0.073242,-0.135056,-0.777264,-1.006401,-0.663686,-0.318755,-0.964413,0.114291,0.335675,-1.523056,0
-1.661136,0.448135,0.228108,0.110177,0.256106,0.554437,0.058851,-0.321339,-0.607478,0.008139,0.875382,0.001971,1.407043,1.056917,0.974828,-0.472000,1
0.276845,-0.985129,0.185187,-0.275263,0.341306,1.262164,1.109048,-0.541683,-0.436956,-0.847886,0.599621,-0.151452,0.120466,0.424207,1.247332,0.201186,0
0.096654,0.291274,-0.469912,-0.802718,1.239430,0.256689,0.376327,0.320803,0.000472,-0.063040,0.610965,-0.085807,0.396241,0.025137,-0.005631,0.241491,1
0.013328,0.194342,-0.285988,-1.066737,-0.200917,-0.327410,0.163558,0.168584,0.514998,0.129521,1.175325,-0.597511,0.329124,0.658563,0.583994,1.045606,0
-2.566014,0.073697,1.075546,0.040796,-0.809063,-0.565355,-0.171087,-0.983172,-1.398943,0.234291,0.231476,-0.564296,-1.146217,0.545681,0.245928,0.696394,1
0.691343,-1.877953,0.162215,-0.078470,-1.525382,-0.988372,-1.196828,-0.250296,0.012727,-0.617505,-0.702757,0.775785,-0.210057,-0.362577,-0.558843,-0.488507,0
-1.538179,-0.639265,-0.394614,-0.041657,0.186396,1.220789,1.334481,-0.356880,0.427574,-2.480233,-0.582967,-0.043585,-0.050830,1.059075,-0.914120,0.415379,1
1.073430,-0.186624,-0.013700,0.994543,0.539798,-1.845573,-0.395203,-0.087804,-1.677739,-0.010967,-0.037834,0.188465,0.079780,0.024951,1.454252,0.248669,0
-1.030808,0.036197,0.925185,0.912060,-0.772195,0.982274,0.562226,-0.018176,-0.466929,-0.724831,-0.330069,0.113880,-0.457185,0.519713,-1.214064,1.079949,1
2.713337,2.474039,-0.397330,0.199640,0.678951,1.094349,0.732613,-0.872470,-0.595938,-0.323162,0.776500,0.032336,-0.231926,-0.375531,-0.373497,0.748129,0
-1.477199,0.516517,-1.498893,0.756855,-0.483128,0.143173,0.037872,-0.343516,-0.513900,-0.338179,1.502507,-1.963485,-0.341402,-0.168630,1.011349,-1.045154,1
-0.429208,0.207399,1.444473,-0.534979,-0.913576,0.139135,0.407782,-0.238586,0.248381,-0.118781,1.234922,1.029517,-0.624802,-1.237547,0.503058,-0.572004,0
-1.791124,0.447235,-0.061519,0.640055,-0.095556,-0.977232,0.235657,0.134126,0.244389,-0.480972,-0.392602,-0.697872,0.644856,0.468345,1.045471,0.193377,1
1.120101,0.359820,-1.321572,0.548296,-1.159145,-0.039277,1.126347,0.830802,-0.826474,-0.510952,-0.233224,0.666012,-0.071944,-0.352736,-0.259068,-0.348119,0
-1.165815,-1.346823,-0.033141,-0.462994,-0.249277,0.417221,-0.382730,-1.290429,-0.612687,-0.062863,-0.655944,-1.304323,-0.189450,1.107892,-1.640798,-0.579598,1
1.541745,-0.602653,1.755702,-0.101985,0.131447,0.015520,-0.521363,-1.301622,-0.253604,0.018211,-0.117309,-0.023832,-0.226864,-0.124154,-1.183799,0.115678,0
-2.247569,-0.225117,-0.354917,0.242501,-0.408382,1.266273,0.888242,0.212388,-0.298993,-0.498996,-0.590715,-0.010774,0.804239,-0.921667,0.093287,0.824527,1
2.212377,-1.267064,0.140416,1.313556,-0.252715,-0.849201,0.411134,1.049046,1.316172,-1.159160,0.034688,1.830012,0.352578,-1.175775,1.844043,2.126211,0
-0.498642,-0.743677,0.965992,1.371748,-0.096387,0.889316,-0.309373,-0.766922,0.416183,0.205455,0.345043,1.044445,0.105261,-0.238127,-1.188689,0.291598,1
0.874740,-0.687454,-0.926137,-0.576660,-0.301470,0.413425,-0.393754,1.452379,0.052536,1.281988,1.191344,-0.850844,1.563562,-0.054741,-0.187207,0.180666,0
-0.021065,0.958241,0.864539,0.584850,1.534503,1.039941,0.489732,-0.054256,0.309080,-0.770098,-0.020557,-0.221225,0.073705,-0.696479,-0.828898,1.050222,1
1.363196,1.197394,-0.445287,-0.432761,0.523708,-0.641171,-0.269606,0.037282,-0.391297,-0.871102,1.011373,0.470610,0.477204,0.318066,-0.436188,-0.266056,0
-0.531602,-0.382562,0.046176,0.356719,-0.061239,0.364036,-0.424564,0.923795,-0.084404,1.231208,-0.347748,-2.236797,0.958114,0.641584,-0.793117,-0.170863,1
1.723871,-0.327401,0.676193,-0.046298,-1.153229,-0.114616,1.179550,-1.963131,-0.638148,0.605465,0.990695,-0.291469,-0.404790,-0.377731,-1.722877,-1.191140,0
-0.249133,-1.596941,-0.014718,-2.880523,-0.378174,-1.147667,1.554457,0.157272,-1.375437,0.908690,-0.317575,-0.879153,0.533055,-0.429117,0.397540,0.658351,1
0.247201,0.420794,1.064061,-1.120743,-0.180944,0.828333,0.031015,-0.783114,0.417352,0.490122,-0.304127,0.226363,0.605964,0.501369,1.292283,-0.436724,0
-1.625857,0.093930,0.173464,-0.637397,0.178829,-0.461801,-0.105422,-1.004308,0.452793,-0.207571,0.405840,0.544635,-0.567216,0.943800,-0.435346,-1.049189,1
0.297506,-1.132136,0.661784,0.753708,-0.411776,-0.133997,-0.212602,-0.768295,0.267732,-0.602574,-0.050000,0.449293,0.679202,-0.040650,1.506900,-0.543852,0
-0.779909,0.130250,0.194119,0.273161,-0.031384,-0.163747,0.053534,-0.152672,1.078134,0.323810,0.080148,0.233009,1.053309,-0.510228,0.710661,-0.528775,1
1.202081,-0.325782,0.082675,-0.512025,0.419492,1.495311,0.790635,-0.037365,-1.587310,0.542045,-0.105116,-0.124146,-0.099351,-1.030251,0.335728,-0.126955,0
-0.549240,-0.355896,-0.556618,-0.368278,-1.013484,-0.206010,0.473318,0.117720,1.560506,-0.835367,1.679350,-1.315294,-0.137041,1.372478,-0.205021,-0.100817,1
1.622213,-0.384077,-1.010368,0.781664,0.013642,0.479181,0.766012,0.566134,0.708260,-0.548969,-0.290211,0.538963,1.143421,-0.400268,-0.789566,0.125447,0
-0.263741,1.509775,-0.802159,0.295660,0.767551,0.994171,0.509509,-0.430747,-0.516998,0.490800,0.906792,0.212509,0.187665,0.675435,-1.024653,-0.164710,1
1.218343,0.392830,1.794303,0.742159,0.858745,-0.236829,-0.427567,-0.173654,-0.408953,0.950047,-0.605831,0.998541,-0.731896,0.435790,0.055488,0.206410,0
-0.946833,-0.409668,0.277323,-0.699264,0.346446,-0.795343,-0.039006,0.425631,-0.327698,0.653560,-0.157122,-0.152040,-0.179287,0.094728,0.187029,0.630323,1
0.211191,1.185267,-0.161788,0.625667,-0.062201,1.427817,0.054590,-0.079722,-0.738873,-0.175272,-1.604372,-1.303940,-2.246822,-0.402252,0.012122,-0.456778,0
-1.061878,-0.038820,0.159569,0.190247,-0.748870,0.961646,0.626022,-0.606268,-0.167853,0.108239,0.106182,2.324194,-0.345893,0.743440,-0.261320,0.536246,1
0.728453,2.407449,-0.033664,-0.504322,-0.115217,-0.914572,-0.897493,1.320120,0.621692,0.489581,0.212383,-0.341049,0.172366,-0.053035,1.236826,0.576841,0
-1.320396,2.059315,1.385045,-0.389662,-1.319520,-0.263729,-0.967557,-0.431653,0.190974,0.119205,0.142748,0.767747,-0.768761,-0.333393,0.746109,0.374746,1
0.837361,0.426421,1.115274,-0.980654,0.551800,-0.677617,0.478440,0.603240,-0.377926,0.176704,-0.316043,-0.295873,-0.465742,0.805176,0.162601,-0.634597,0
-0.104753,0.349468,0.410127,0.483907,0.012906,0.000876,-1.096421,0.914337,0.198207,0.094693,-1.340067,-1.004750,1.988216,0.162318,-0.092555,0.016981,1
0.474823,1.037764,-0.428875,-0.026519,0.298840,0.676831,-1.898485,0.151038,-0.078008,0.490919,0.599864,2.691628,0.548452,-0.274554,0.985901,0.060517,0
-1.704994,-0.620690,-0.384229,0.620277,-0.364762,0.820625,-1.252317,0.411951,-0.760898,-0.077422,-0.087431,0.226682,-0.889055,-0.570341,-0.286352,-0.459198,1
2.810580,1.222943,-0.241946,-0.969341,0.231861,0.029173,0.395615,0.087665,-0.671292,-0.606107,1.382035,-0.294902,-0.953954,-0.188041,0.839671,0.208740,0
-0.727983,-0.767290,1.674618,0.284455,0.684619,0.208130,-0.110507,-0.179642,0.122676,0.614528,-0.316738,0.915679,-0.569710,-1.784497,0.313563,-0.143605,1
-0.048073,-0.920583,-1.147918,0.855943,-0.265425,-0.099510,0.611645,0.324390,0.087943,0.009383,1.291509,0.877127,-0.900385,-0.771085,1.199573,-0.419064,0
0.800596,0.056196,-0.364304,0.573830,-1.856927,-0.026630,-0.667340,-0.919058,-0.265576,-0.327876,-0.658718,-0.842860,-0.246395,0.170018,-0.137538,0.992179,1
1.464396,0.097697,0.381185,-0.476284,0.054887,0.514950,-0.180715,-0.042951,0.112630,-1.257741,0.141725,-0.344470,-0.387513,-1.129892,-0.372187,0.550177,0
-0.740860,-1.480343,-0.443491,-0.383036,1.213994,0.699849,0.194228,0.641581,0.997356,0.284962,-0.233489,0.279777,-1.664630,-0.994753,0.775534,0.059414,1
1.460079,0.031417,0.502282,0.355948,0.011185,-0.854998,-0.561441,-0.360317,-0.695322,-1.213285,0.515895,0.919898,0.321722,-0.729855,0.106586,0.272329,0
0.568306,0.515881,-0.149526,-1.733204,0.270748,-0.295521,-0.111782,0.205024,-0.675596,0.011338,-0.338319,0.402664,-0.558729,0.426745,1.617925,0.515640,1
1.396788,1.142976,0.525182,0.696202,1.016707,-1.480451,-0.215004,0.868374,0.876663,0.107913,0.840078,-0.130919,-0.175303,-0.710672,-0.001327,0.448032,0
-0.179378,0.920889,-0.303988,-0.081304,0.905468,0.342879,0.343027,0.232904,-0.040727,0.263559,-1.030061,0.214862,0.180937,-0.632860,-0.159881,0.630447,1
-0.387631,-0.930046,0.497987,-1.960184,0.810884,0.978577,-0.645340,-0.400318,-0.089794,0.048974,2.024970,0.537308,0.160596,-0.876555,0.729394,-0.948707,0
-1.354805,0.136170,-1.078807,-0.495133,-0.885802,-0.297396,2.051673,0.496773,0.464081,0.406108,-0.002920,-0.874394,-0.784136,0.483940,-1.307212,0.437737,1
1.168608,-0.298124,0.918481,-0.540970,1.076537,0.284080,-0.408129,0.025075,-0.545835,0.721080,-0.498091,1.659137,0.381710,1.067580,0.319957,-0.478377,0
-1.772491,0.189199,0.830665,-1.252759,-0.725382,1.611918,0.223713,0.227435,0.807328,-0.222679,2.759247,0.515502,0.507424,1.152911,0.125230,0.138608,1
1.206418,-0.200000,-0.000927,-1.072004,0.869670,0.502495,-0.037381,1.259685,-0.517246,0.819776,-0.653573,-1.050089,0.120853,0.105883,0.248843,1.211976,0
-0.762976,-0.435628,-0.907466,-0.922233,0.839211,-0.045587,0.848665,1.346480,1.537194,0.657418,0.078252,0.610159,0.604693,-1.143153,0.030635,1.084293,1
0.299070,-0.265716,1.312633,0.306309,0.029042,-0.142205,0.104463,-0.746274,-1.134413,-1.094407,-0.106642,-0.662331,-0.002604,1.444133,-1.035261,0.900545,0
-0.319330,0.861586,0.075437,1.643423,0.424670,-0.217130,-0.131649,-0.035527,0.815801,-2.121810,1.393260,1.336567,1.343172,0.305212,1.204596,-0.768340,1
0.797851,-1.314463,0.432502,0.345094,-0.058187,-0.321451,-1.425468,0.259559,0.172949,0.353862,1.020032,0.599982,-1.123471,1.109957,0.252352,0.183728,0
-0.488286,-2.077902,-1.322387,0.491282,0.856470,0.177929,0.710495,-1.052235,0.212332,0.923156,0.053344,0.210829,-0.656601,1.046901,-0.258538,-0.121446,1
1.016793,1.488164,0.434179,0.827790,-0.470992,1.343224,-0.257163,-1.497218,0.316520,0.738086,-0.041287,1.137707,1.634961,0.965079,0.493832,-0.113271,0
-0.941774,0.955310,0.855801,0.480779,0.220069,-1.401436,-0.538863,0.369833,1.058291,-0.507564,-0.504126,0.220814,0.057359,0.003154,-0.665194,-1.639438,1
0.952200,0.467211,-0.340446,0.507466,0.296320,-0.649727,0.260060,-0.366169,0.622934,-1.040598,-0.160136,-0.240330,0.615413,-1.752055,-0.346698,0.736683,0
-0.799565,0.264602,1.127056,-0.763428,-0.368413,0.381328,-0.216886,-1.078888,0.356590,0.556336,-0.527384,0.484115,-0.097668,1.366593,0.000545,-0.144754,1
1.002123,-0.310134,1.375669,-0.641506,0.698663,0.905087,0.434131,0.904228,0.110096,0.419871,0.224566,0.280508,-0.447593,-0.119296,0.529948,-0.004301,0
-0.989918,1.303943,0.136739,0.782669,-1.268624,0.800599,0.993163,1.016583,-0.137696,-1.157418,-0.561833,0.626790,-0.774375,0.383803,0.327600,0.897512,1
2.084939,-0.440969,0.991856,1.117770,0.234390,1.558463,-0.532422,-1.390369,-0.593224,0.422825,-0.027356,-0.501071,0.772114,-0.127892,1.195244,0.779608,0
-0.666053,0.521290,-0.083100,-0.862472,-0.163986,-0.548594,-0.132281,-0.021799,-0.322020,1.188708,-0.674430,0.902246,-1.029477,1.200136,0.045671,-0.458331,1
1.287488,0.170464,-0.059438,0.279794,0.401061,-0.639503,0.789541,0.011263,-0.361113,1.410960,-0.581301,0.248097,-0.622027,0.331167,-1.671928,0.498479,0
-1.588402,0.007864,0.471887,0.701421,0.209619,0.822282,0.290243,-0.249041,-0.293864,-0.429868,-0.785178,0.951685,-0.250589,-0.956467,1.597184,-0.122126,1
1.126227,-0.833105,0.675374,-0.675900,0.608063,-0.459362,0.845949,-1.015831,0.888258,0.305896,0.861192,-0.856692,-0.784480,-0.214187,-0.728351,0.940284,0
-0.085688,-0.598395,-0.038418,0.639471,-0.531929,-1.073135,-0.194997,0.048492,0.398095,0.110563,-0.717336,0.891475,0.423038,-0.718043,0.326875,-0.900723,1
1.822930,-0.208863,-0.827979,-0.027117,0.434005,-0.687835,-1.186270,0.535132,-1.373523,0.367518,0.324532,0.934749,0.433069,1.665807,1.293946,1.397960,0
-1.503958,-0.073824,0.763982,-1.285696,-0.281276,0.603617,-0.724885,1.414148,-1.064597,0.103441,-1.276604,-0.580518,-0.723238,-0.095673,-0.724859,0.405818,1
1.538166,0.619667,0.799521,-0.320685,-0.933866,1.070159,0.830988,-0.234497,-0.359580,-1.349725,0.568566,0.370341,-1.300763,2.036473,0.748072,-0.106938,0
-1.997643,0.015146,1.358766,0.354769,0.795185,1.381374,-0.046597,-1.773252,-0.084677,0.921184,0.194666,0.881537,-0.100192,-1.573393,0.155431,-0.211833,1
0.742846,1.620057,0.373960,0.159677,0.423767,-0.623600,0.982739,0.139040,0.069528,-0.962136,0.302826,0.723569,-0.708839,1.294788,0.573439,-0.263965,0
-1.799144,0.055309,-0.832592,-0.707756,-0.433698,-0.895300,-1.862488,-0.727108,1.009084,1.869146,-1.206281,-0.177495,0.570969,0.854648,0.476663,-1.186320,1
0.914300,0.538666,-0.088866,-1.065866,0.406992,-0.447615,-0.597146,0.498752,-0.609904,0.063387,0.015499,0.163602,-1.544256,0.678517,2.107309,-0.530580,0
-1.256521,0.196974,0.853747,0.402639,-0.033616,1.216009,-1.472513,1.882877,-0.281451,-1.924837,-1.268863,-0.593248,-0.889838,-0.503181,-0.320328,0.594464,1
1.156132,-0.016787,1.006596,0.178665,0.835969,-0.155169,0.432945,-0.069701,0.855818,0.523549,-0.609977,0.804098,-0.315528,0.222550,-1.451475,0.282143,0
-0.099758,0.370926,-0.161077,-1.245755,-1.197137,0.706805,0.245297,-0.108128,-0.267400,-1.002304,1.261548,-0.367752,0.205920,2.178579,-0.166759,0.141671,1
0.484703,0.040193,0.937586,-1.577808,0.120949,-0.069227,-0.180710,-0.590159,0.209339,-0.276870,0.215044,-0.490671,-0.705724,0.611822,-0.632240,-0.290453,0
-0.779053,0.470886,-0.846677,-1.077350,-1.308592,-0.858055,-0.080653,0.335918,0.404217,-0.724351,-0.307636,-1.100553,-1.950994,0.160933,0.107100,-0.919090,1
0.260854,-0.755911,0.617929,0.134384,-0.446156,-0.621614,0.425537,-0.278408,-0.873880,-0.409676,0.512811,1.407851,-0.527182,0.337254,0.524764,0.175275,0
-2.031869,-0.058222,-1.053926,1.103000,0.213662,-0.178008,0.047451,-0.254439,2.465415,-0.168871,-1.618331,0.490292,-1.057987,0.867924,-0.039013,-0.585885,1
0.925723,0.261437,0.664988,-0.729559,-1.195368,0.249707,0.122843,0.176055,0.251714,-0.400245,0.058081,-0.452604,1.207705,-0.432421,-0.147644,1.299147,0
-1.201256,0.525290,-0.328763,0.315526,-0.244496,0.657336,-0.143004,0.116474,-0.171023,0.058890,-1.476800,0.083663,0.760504,0.575831,1.149154,0.625036,1
1.304156,0.154665,0.352041,-0.726625,1.094855,-1.238632,-1.098078,0.356397,1.654792,0.870062,0.677680,-0.333348,-0.314920,0.208842,0.960177,-0.554043,0
0.128766,0.520524,-1.723324,0.110357,0.998961,0.720248,0.981899,-0.707132,0.218711,-0.116208,0.201067,-1.079409,-0.880456,0.205258,-0.703057,-0.816178,1
-0.159557,-0.511742,-0.859868,-0.646601,1.537351,-1.519608,0.348810,0.596256,-1.119008,-0.482300,-0.281895,0.544876,-0.229661,1.047624,-0.175408,-0.954558,0
-0.855518,0.589639,-1.685840,0.098315,-1.074090,-0.001186,-0.582750,-0.569232,-0.487449,-0.290717,-0.473406,0.580030,-0.473830,0.352250,-0.839976,1.363313,1
2.191852,1.289212,-0.142960,-0.070370,-0.264151,1.574884,-0.662563,-0.379972,-0.290776,0.156483,0.262069,-0.002216,0.913755,-0.797112,0.404241,-0.158116,0
-1.773387,-0.236566,-0.557634,0.539611,-0.097653,-0.099634,1.168660,0.698028,-0.503119,-0.549065,0.244365,0.271824,0.394337,-0.178709,-0.520268,0.031582,1
2.179508,-0.535921,0.343279,-0.259283,0.458382,-1.750402,0.173864,0.847363,-0.567960,-0.708766,-1.127050,0.024477,-0.826955,-0.514673,0.198927,-0.668116,0
-1.249463,0.491984,0.456955,0.154345,0.350332,0.161624,1.605107,-1.527461,1.304483,1.026101,0.349030,0.752699,0.214813,-1.619355,-1.325109,0.523247,1
0.535059,1.082773,-0.635403,0.384388,0.623492,1.201652,-0.415999,0.538615,0.153406,0.520256,0.205390,-1.442783,-0.291639,0.407965,0.589975,-1.450021,0
-0.177150,0.332220,0.575314,1.161272,-0.806858,-0.784041,0.618448,-0.637030,-1.036968,0.376030,-0.000787,-0.598857,0.212478,-0.076236,0.095131,0.819068,1
0.935075,1.093955,0.107492,0.740763,1.272815,-0.252932,0.657749,1.462946,0.331967,0.204754,0.550524,-0.150152,-0.286543,-0.386322,-0.531826,0.903995,0
-0.886352,0.202412,1.416836,-0.733760,0.363330,-1.636258,-1.227257,-0.377645,1.197083,-0.872826,0.280732,-0.398638,0.170170,-1.673887,-0.757049,0.129853,1
0.449826,-0.423060,-0.340940,-0.412760,1.200696,-1.324977,0.276882,0.543099,0.211963,1.227480,-0.762354,1.131713,-0.599280,-0.096283,0.698726,-0.658533,0
-1.355026,1.342151,-0.712000,-0.919450,-0.150631,-0.184833,-0.990173,-0.178983,-0.497598,0.817633,0.070522,-0.670610,0.351367,-0.159747,0.426593,-1.107792,1
0.786679,0.257683,-0.035739,0.167324,-1.333816,-0.389215,-0.158738,0.996899,-0.409793,-1.405557,-0.702696,-0.114194,-0.968496,0.596900,1.018676,1.380585,0
-1.776291,0.469284,-1.545523,0.935220,0.039908,-0.985258,-0.242860,0.662181,0.132074,0.920204,-0.223670,0.165707,-0.581948,-0.303273,0.644315,-0.439531,1
0.713509,1.489327,0.125088,0.886071,1.100013,-0.422087,-0.036085,-1.834118,-0.995843,-0.746298,0.828804,-1.049159,0.214761,-0.043193,0.683148,1.402325,0
-1.345110,-0.896581,0.459076,-0.705711,1.465418,-0.602787,0.275455,0.225910,-1.368425,-0.495175,1.016380,0.415259,1.605493,0.213702,0.594307,0.730484,1
0.744241,0.264302,-0.019356,-0.384578,-0.330325,-0.110835,-1.505735,-1.773804,0.067204,-1.445343,0.053172,-0.222071,0.393404,-0.303924,2.027848,-1.534488,0
-0.795013,0.497910,0.550025,-0.916144,0.583640,-0.639006,0.341568,0.315685,-0.352565,0.465342,-0.417969,-0.048177,0.548613,-0.014167,1.093107,1.447824,1
0.569195,-0.977581,-0.410301,0.100775,0.379547,0.924487,0.715759,0.269088,-1.117248,0.291850,1.654927,-0.640222,0.614221,1.224473,0.723932,-0.590481,0
-1.185587,-0.672918,-0.459790,-1.809701,-0.790983,0.426232,0.326726,0.494695,-0.096050,0.186071,-1.022448,-2.260767,0.845654,-0.405196,0.737727,1.012673,1
1.177476,-0.672852,-1.530286,0.229494,-0.750693,0.030288,0.153776,0.359669,1.956926,0.309368,-0.533972,-0.520741,-0.831727,-0.795660,-1.544039,-0.095785,0
-0.819731,-0.698731,-0.517509,-0.120859,-0.640661,1.328882,0.407027,0.564656,-0.164740,0.121903,-1.024786,-0.934741,0.282120,-0.504867,1.480817,0.461056,1
0.476329,-0.926845,0.997394,-0.872179,1.383144,-1.568801,0.711403,1.454942,-0.519091,-0.303003,-0.177977,0.336964,-0.006114,-0.773221,-1.005301,-0.157132,0
-1.136192,-0.239120,-1.089293,0.929310,1.332212,0.108789,0.192922,-1.259633,0.414354,0.417772,-0.834678,-0.915207,0.808480,0.655692,1.389562,-0.892066,1
0.899344,0.233368,-0.438335,-1.691386,-0.302742,-1.313074,1.048908,-0.150495,-0.697107,0.162014,0.216999,-1.242591,-0.925905,0.936955,1.742481,-1.250985,0
-1.295084,-0.094212,0.846931,0.098615,1.399765,-0.522892,-0.130098,-0.344097,-0.877561,-1.613896,1.093602,1.091219,-0.646757,0.144697,-0.267094,0.282902,1
0.680367,0.082505,-0.068030,-0.640850,-1.154565,0.338723,-0.375305,0.461470,-1.137576,-0.676895,-0.872805,-0.316010,0.623313,-1.352206,0.082629,-0.989223,0
-1.605820,2.840453,-0.447393,-0.398002,0.578825,-0.950216,-1.190660,0.361515,-0.287455,-0.233871,-0.165377,-0.361653,-0.031841,-0.742933,-0.978459,2.042452,1
0.955650,-1.482147,0.403204,0.874900,-0.092150,-0.076740,-1.354776,-0.978867,0.322028,0.557576,0.026041,-0.469815,-0.106911,-0.127284,-0.407813,0.786264,0
-2.759492,-0.260288,0.703755,0.416098,-0.326641,-0.319519,-1.063421,-0.297912,-0.179577,0.450110,0.280928,1.109047,1.164329,0.412271,-0.074960,0.157017,1
1.344339,-0.337496,-0.159354,1.379882,-0.069456,0.214183,-0.294297,-0.494275,-0.231475,-0.750390,-0.896180,-0.196634,1.223476,1.602733,0.345978,-0.506735,0
0.110433,0.792143,0.227349,-0.123809,0.020369,-0.920361,-0.163364,-0.205816,-0.848389,-0.189427,-0.578130,0.854252,0.164253,-0.998811,0.664818,0.435864,1
1.777457,-0.618496,-0.193967,0.608726,-0.036243,0.658262,0.046436,1.245916,-0.269507,-0.003475,0.297607,0.983141,-0.692398,-0.282705,0.773422,1.376473,0
-1.260353,0.055492,-0.258798,0.127560,-0.517265,-0.474088,1.186406,1.070799,-0.112360,0.856577,-1.100577,-0.125560,-0.518708,0.093930,-1.362195,0.215479,1
0.444611,0.993126,-0.539901,0.372307,-1.157864,-0.782180,1.566998,0.894079,0.752158,0.756840,0.221522,-0.645919,-1.187987,-0.230549,0.592264,-0.526452,0
-1.483992,0.123671,-0.513411,0.265588,-0.241714,1.007435,-0.511178,0.628648,-0.247472,-0.600382,-0.258312,0.702991,-0.341479,0.880186,0.221180,-1.218247,1
1.458188,1.111635,-0.640241,-0.083261,0.708647,1.727313,-0.200438,-1.642428,0.434839,1.280307,-0.835229,-0.303345,0.506752,-1.131567,0.942809,1.369095,0
-0.625391,-1.996931,-0.341002,-0.631596,-0.187521,-0.159756,-0.937376,-0.335773,0.515171,0.138776,1.845999,-0.647696,-0.627732,0.359049,0.603791,-0.964103,1
1.949661,0.297635,1.014306,0.621711,1.550999,-1.425725,-0.148292,0.039225,-0.910068,-0.594197,0.193405,-1.205055,0.340873,-1.825127,0.098724,-0.829911,0
-0.405688,-0.280172,-1.766334,-0.204253,-0.629122,-1.992829,-0.686387,-0.352571,0.031134,-0.645477,-0.233449,0.485488,-0.208234,0.754067,-0.830085,0.100360,1
0.628926,0.257932,0.732901,1.045246,0.265272,-0.130652,-0.302413,-0.418609,0.574540,-0.404336,-0.314946,0.029130,-0.201342,-0.722101,-0.311117,-0.806914,0
-2.164477,0.535005,-0.061275,0.160029,-1.006536,-0.496353,0.878034,-0.398928,0.164305,-0.262466,-0.005620,-1.054431,-1.699940,0.099869,-1.896660,1.837747,1
0.287843,0.321592,-0.201548,-0.926637,-0.303345,-0.058762,0.339153,-0.478012,0.443548,1.002197,-0.289286,-1.369123,-0.045918,0.528280,-0.242729,-1.338835,0
-1.007987,-0.292522,1.507289,0.496678,0.620998,-1.021384,-0.681770,-0.591233,-0.381906,0.495998,0.621690,-1.497939,0.652763,-1.032274,-0.200030,0.141941,1
1.486218,0.260269,0.065354,-1.661173,0.962835,-0.930835,-1.183201,-0.419975,0.217755,0.454180,-0.995834,-0.624397,-1.154184,0.244692,-0.596455,-0.100986,0
-2.271040,0.182714,0.861698,0.001101,0.606203,-0.328028,-1.664944,0.268591,-0.860389,-0.557942,-0.163085,0.589069,-0.647475,0.501691,0.785169,-0.316884,1
