-5.276901,-6.662842,-5.504185,-2.558924,-4.683170,6.622683,5.184393,-0.550768,0.704941,1.474188,-0.153421,-4.093592,1.193020,-5.581821,-5.258820,-1.843351,-1.278278,-4.587973,-3.007900,-4.239241,2.395523,-12.810338,6.035616,-1.638777,3.665173,10.014959,-4.661875,5.252443,5.171473,-2.526098,-4.462803,4.528194,0
-2.916662,6.086514,6.461552,5.393793,-0.934238,2.725708,-10.682720,2.274660,1.586870,1.517157,3.334629,8.880304,4.919870,0.596197,1.380537,4.760818,-0.287302,3.371460,3.215511,0.315098,4.409241,4.376776,-3.089558,-0.139147,-2.514254,7.438763,3.916712,4.213850,-2.038534,-0.322266,-6.511744,11.528257,1
-1.457911,-2.517565,-0.660933,-1.864006,-0.095150,-3.603262,4.960989,-2.095804,0.540415,-0.915691,0.699879,-1.731903,-2.391697,-1.828661,-0.816933,0.664030,1.736172,-1.379618,-13.073030,-5.252050,-4.295685,2.478884,3.049269,0.627714,7.686172,1.020643,3.482857,-1.312742,-5.227386,-3.112850,0.622292,-0.884279,0
2.044569,-4.333845,1.653875,0.651419,-2.951155,1.055742,2.310394,2.384947,4.077730,3.043167,3.441805,5.097416,-6.401463,11.762285,9.053141,-9.612068,1.309980,1.825827,2.526897,3.429024,-0.764572,-3.494240,3.295935,3.212357,1.838369,-5.836227,-1.958868,-0.726521,0.237125,2.591778,-0.140135,0.452257,1
-1.459269,5.084478,-3.940542,0.870594,4.270437,1.051277,-1.739466,-3.401213,3.696854,3.546652,-8.507434,-4.632107,6.197620,2.471855,-6.241806,-4.323866,0.855469,-6.931593,-2.629923,9.464685,-6.886230,0.007727,-3.536173,-6.648832,-1.294596,5.134800,5.841694,-2.765387,-0.888092,-0.325991,8.500767,-1.299423,0
-8.432883,-2.586697,2.737556,3.893652,-0.702978,2.258343,2.352571,-0.555334,0.398684,5.069036,1.005270,-0.466295,-1.304699,-6.414849,7.247355,-0.858232,4.286932,1.816841,1.957432,-4.364729,-0.136864,1.076538,-7.131737,3.510147,-3.853792,0.840971,5.619534,5.742628,-2.297966,-0.242485,2.992147,6.028366,1
3.684395,-1.300903,1.649017,0.569328,-3.364105,6.275175,-3.709597,-4.482073,-7.111463,-5.056612,-6.450157,0.438686,1.576849,0.488358,-9.912498,-7.932341,-8.245747,-1.681070,-5.459162,6.277575,3.677797,0.016985,-0.384733,-5.151045,-3.454445,1.627562,0.498585,-2.685356,5.660585,4.679182,-3.093473,3.263870,0
0.905994,-6.963718,2.206598,-0.682625,1.782980,-6.717159,0.968792,0.579155,4.431948,2.168821,4.479921,-2.875984,-3.174749,3.554600,-5.281907,2.512177,-0.799438,-1.526457,-15.916070,2.789640,0.186399,4.916586,2.085484,0.002878,-7.714203,1.618240,4.753258,5.614630,3.868599,-1.225887,-0.768812,-3.799940,1
-2.857372,-2.962070,-0.317526,2.046478,-1.554081,-1.099682,7.647057,2.878923,4.534927,-3.413588,8.882557,6.995443,-4.529686,2.477812,8.144514,-1.738821,5.634666,10.225466,-0.037428,3.721235,2.118452,-1.146791,-3.272371,0.344879,4.027239,-1.578827,2.646250,0.853113,-6.198334,-0.621473,0.508770,1.529823,0
1.184498,-1.626347,1.409662,3.175030,0.592087,-0.304808,-3.183437,1.260767,9.459826,4.089058,-4.244776,10.567404,4.158636,1.226727,1.788601,3.989471,-7.851842,-3.474735,0.269402,3.799164,6.172831,6.520521,-9.680144,1.299358,1.224239,-1.209257,0.833776,4.451662,2.097946,0.861624,-1.978010,8.029976,1
-8.454115,-1.813326,-3.159981,-3.108984,0.296740,2.711718,-0.722799,-11.819587,3.510376,3.895748,-7.495811,-1.183800,-5.091818,-2.955845,-7.670866,-6.313576,-2.049864,5.383024,0.607330,-4.453623,-0.432299,-5.355846,-0.962111,-8.519449,1.164906,1.954227,-0.497442,-4.959074,4.102871,4.199266,-4.160622,-1.012072,0
-6.263707,-5.683024,0.594990,3.339540,2.416691,-4.519756,5.721004,-0.998344,4.404388,-8.538383,-2.838202,5.382231,-1.292057,-3.202253,-5.688613,-1.165077,-2.289904,-1.418938,3.360426,6.050381,10.443329,-5.039463,11.099089,5.063713,5.209440,-7.702706,5.252769,2.537579,5.394239,-1.517689,0.189993,5.781475,1
-3.022093,3.986773,-5.658033,-1.763494,-0.351994,1.360298,-2.946121,-2.070208,8.632923,4.451706,1.725096,5.903147,3.158970,2.680679,1.011089,0.084728,0.056980,-9.205034,-0.054773,-5.729170,8.534386,4.019987,-1.780069,-0.773966,-4.717075,-6.529877,-6.997248,-0.544426,-6.925417,-2.625397,-1.329296,0.517847,0
-2.085880,-0.016064,0.343660,5.449116,-2.706705,-4.691219,2.608410,-4.735054,8.736572,-0.121748,2.738207,-1.010132,6.872931,7.585243,8.019596,-3.188419,8.352827,1.315556,1.592356,-6.709778,-1.263227,-6.349320,-2.232121,7.150118,-4.660976,2.863277,0.511585,-5.254608,1.259411,-0.729130,3.221941,1.296677,1
8.392601,-3.330776,2.416059,8.467754,-8.867354,-4.170408,2.969957,-4.403431,-8.908898,-6.247751,-3.008980,4.604212,-2.531096,4.851414,-7.962839,0.750872,-6.019743,0.172859,1.972353,-0.912584,0.724932,1.049559,2.573744,-2.439623,1.085617,-0.756851,4.055832,0.792799,-10.723593,5.801191,3.552994,6.042984,0
-2.983643,0.911493,-1.096386,-2.319605,-2.614832,5.625092,-4.120958,5.276325,1.452362,10.192829,-7.635038,0.244194,6.892920,-2.961737,5.618319,4.176073,6.551235,4.275023,-0.461706,6.589380,0.505474,3.907621,2.289368,0.566591,1.639435,-3.547976,0.570362,1.998175,0.435293,-6.203038,9.338121,-1.508574,1
6.224051,3.729382,6.808969,7.432201,-1.322887,-1.060638,-7.226968,4.836250,-2.150763,-7.775069,4.238651,-6.962788,-2.643866,-0.702173,-8.066358,1.309528,-4.067869,-6.903368,7.030592,-3.093170,2.659504,3.186586,-0.745979,-2.436533,-4.480848,-6.043890,-2.987728,0.967455,-2.778425,-4.061050,-1.935192,-1.312744,0
0.449059,5.291616,3.191172,-3.063675,-5.423785,0.182714,-6.777916,0.415483,4.178701,-3.083019,4.381817,-5.132743,5.976625,-4.273518,0.741756,1.725821,-1.209312,4.172642,-12.230437,-1.444218,1.147070,-1.803755,5.714823,3.932961,-3.340874,2.989576,5.791714,9.683332,5.527779,10.903990,3.734415,5.379517,1
-6.573954,-3.662958,4.482153,-2.514000,-0.728907,1.852875,-2.445679,-1.626371,3.890882,0.462347,0.047810,-0.031111,2.282278,0.510818,1.622772,-8.280767,-9.528735,-6.431202,2.174238,3.958061,-2.114969,1.624537,-7.116343,-1.952345,1.637375,1.882898,-10.510330,-2.788322,6.651354,-3.178139,2.241535,-1.517673,0
-8.182263,1.880903,-4.009411,-1.283785,4.330988,7.769058,1.057547,-1.015362,3.607641,4.244062,-2.925907,3.670021,1.043016,2.819601,-4.162645,1.587973,3.288984,-2.002754,3.053347,0.951649,2.222187,-2.701582,7.147764,0.913792,4.411194,-4.265543,5.357510,-3.210720,7.378881,-1.655073,-1.128714,-2.089987,1
-6.632301,1.916294,9.025167,3.406706,1.198338,-3.591925,1.889933,0.832094,-2.374359,0.254896,1.033922,-2.287895,2.265848,-3.667210,-3.783199,-6.397144,1.807747,4.755980,-2.528206,0.122374,2.191994,7.334820,-1.779428,-3.173035,-0.167105,-3.689619,0.382645,0.081556,-4.357113,-5.389536,-3.673084,-1.783604,0
1.907850,-5.707238,7.103939,5.778761,9.066326,-6.843392,-8.172481,6.579624,-5.316731,-7.123926,-7.991824,0.773966,-4.094732,-4.052238,-0.207869,0.504250,1.162502,3.037699,-2.517637,-1.354424,0.643543,1.394140,0.491554,-1.189028,-1.985731,3.359550,-5.383364,-2.449503,5.490202,0.561266,2.236252,-5.127068,1
-7.018238,1.002213,-2.275345,1.366262,9.036795,-2.555532,-2.752188,8.953905,0.728569,-5.673018,1.673124,2.694956,-3.789948,-3.158401,1.489023,1.994728,-7.588727,-5.627426,4.451523,4.814020,0.535971,1.241728,1.671234,-6.587410,4.255793,1.429247,-1.878956,-10.680579,-5.130367,-6.946062,-2.241116,-3.911222,0
3.752447,0.778942,-0.517277,-1.482332,-0.251156,2.553022,-7.082557,0.913208,7.452673,-0.415321,6.201302,3.280764,4.897743,-0.663292,0.041334,2.716114,-1.706343,-7.682096,-1.454847,-1.958900,3.874632,7.996967,-7.044457,1.887102,3.944986,3.738974,3.319624,-5.124978,-6.871352,-4.521950,1.118073,-4.971708,1
1.733303,4.111904,0.220215,-6.475719,-1.049599,4.554554,2.441250,-7.825271,-0.919531,0.877655,-2.122944,0.562422,3.355051,3.497890,-3.124643,-3.555563,9.605047,1.265503,-2.658379,-7.602875,-5.356171,-0.025524,-3.346291,-0.880072,2.412607,-3.384665,3.312841,-2.614559,2.997292,2.073149,-4.609205,0.890427,0
5.866507,3.853416,-6.595576,-0.912827,-7.151581,4.386591,0.279915,2.516563,3.840330,12.064558,2.486961,4.708963,11.656988,-0.768021,7.533596,0.221113,3.031536,4.002417,1.009407,4.317307,4.267202,-1.793800,1.401815,4.212587,2.149109,-2.196602,-3.467127,-3.787632,-4.384848,6.566780,5.266987,1.119314,1
-2.277716,-2.177593,-2.917772,0.605633,2.155998,-2.822548,3.241264,-2.946121,3.227509,-6.962973,4.299547,3.311457,-2.289242,-4.504465,-7.512046,-3.773441,-0.352119,-4.016151,-1.650589,-0.011383,0.148954,8.573078,0.081909,-4.960131,-1.990423,6.885170,-2.215124,3.145037,5.198698,0.101690,3.145046,-5.531343,0
2.437346,9.077288,2.353811,-6.021276,-3.555889,-3.086639,0.203131,0.020493,-6.489654,1.880718,1.577684,-1.122250,-2.460697,-1.182724,0.970976,-0.690037,1.115547,1.535507,3.018667,4.521280,-1.530529,1.381231,2.536589,5.952841,7.168703,-2.264868,-3.944345,6.471420,8.765352,1.421463,5.652573,-4.385050,1
1.653784,-3.310835,-8.628871,2.536785,5.962351,-1.548676,-3.121593,-1.387169,-2.931749,5.754698,-0.209665,0.696379,-6.369678,-3.523249,0.570549,-1.871193,3.099167,3.778622,-8.045223,-4.323542,-0.055372,3.364599,-1.528513,-2.419300,-8.903977,-0.629299,2.046185,-5.736969,4.447079,-5.525515,-0.411085,-1.233356,0
-1.513851,1.926798,-5.362297,1.504036,-4.004465,8.297653,4.486525,-2.958866,1.760406,1.041100,4.979103,4.020184,1.400171,-2.573704,1.713720,-3.703283,-0.109720,-1.609661,-1.023031,5.956854,-3.152124,-3.543102,-2.835295,-2.448391,-0.280087,-0.817375,-3.578962,1.945999,6.178827,-0.072569,3.506416,3.714231,1
-6.105616,6.936010,6.310753,-1.932756,0.295837,-6.522186,-0.098515,-8.819071,-6.044291,0.401897,-3.198170,-2.852928,-4.514017,-12.551032,-2.029793,3.099558,-2.414318,2.995802,-1.281736,-3.415995,0.637177,0.267529,-5.808136,-3.046768,1.906296,-7.347485,-10.078888,3.367041,-0.836607,-4.644873,-5.989367,0.332191,0
-0.211630,-4.256041,0.305511,-2.520464,-0.542150,3.578133,2.745308,1.576477,1.799328,-1.318306,-1.549219,1.469181,-0.190266,11.021967,-2.318054,3.980360,6.203396,-0.515232,8.568312,-4.780308,0.689180,5.186872,1.863882,-2.142618,-6.142463,-1.284386,-4.233263,1.573711,-2.560003,2.599094,2.184998,6.549982,1
2.445412,-14.278345,3.835741,6.493631,0.524263,-14.839972,-2.797342,-0.635380,-4.181452,0.470800,5.241627,-12.584352,3.600468,-6.716684,1.238642,-5.626621,0.378912,3.339121,9.780333,-0.239479,1.687490,0.234266,-1.957373,-6.686726,9.772753,3.323925,-6.637333,-6.151693,-4.960297,-2.657461,1.735317,-3.660286,0
-1.935305,-4.819176,2.785040,2.467497,9.463795,0.582905,-1.890158,-6.230667,-3.404308,0.570940,1.998823,8.439756,4.824938,-8.263413,7.662928,1.936394,2.620617,4.862827,-2.827141,-5.460837,-3.942636,0.781557,2.437368,4.233635,-6.247904,3.582026,-0.546764,-11.606573,3.903372,6.627123,-4.318552,8.363810,1
1.278608,-8.483521,-3.238449,2.298716,-6.583717,-1.681429,2.696857,0.612295,-5.995750,-3.310545,-7.208149,-0.695662,0.890577,-7.875656,-2.533964,6.759350,4.135460,3.225355,0.059193,-1.221258,2.617525,1.050035,3.096937,-3.060188,8.951490,5.129139,0.081429,-0.099899,-5.662939,-1.241631,-5.256681,-2.474566,0
-1.984959,-1.211882,5.862600,5.292414,-4.045134,4.751616,4.821390,-0.994297,-1.583551,3.188490,0.187317,2.210270,7.857758,-4.354336,5.765707,1.099981,-3.727976,3.572733,0.212431,7.875647,4.856455,7.972540,-3.370661,0.380785,8.331219,-0.970308,5.738785,-6.447042,7.113543,4.148411,0.675129,9.284428,1
-5.459183,-5.918951,-1.067448,1.645016,2.880243,-2.185476,2.126148,-4.998966,1.115585,-3.699768,-7.356772,4.043142,-8.236683,9.141577,4.945951,0.474930,-1.564352,-1.258801,-1.504002,-4.522902,-1.609133,1.040682,-2.989609,1.390059,-8.689730,-6.896557,-0.628052,-3.872738,3.598793,4.370193,-5.277336,-2.972370,0
7.306635,2.497910,-2.742718,0.401207,1.967327,2.486145,-4.449387,2.946169,-9.304535,11.084269,0.479937,-5.335246,4.464031,0.308352,1.612885,5.286184,5.591509,3.954084,-4.782429,2.340414,-2.247677,-10.649971,5.703564,3.479507,3.253551,1.020575,4.279421,-0.597643,6.607159,-3.719427,4.661215,1.349436,1
1.181713,-2.301426,-2.680376,0.363960,3.905787,2.435743,6.878401,-4.704481,7.567562,-6.115189,-2.146578,-5.895992,-3.330437,-9.091766,0.609438,-0.510387,-7.946831,-8.498678,-2.346550,-1.737675,-0.388115,-3.268887,3.366468,-1.174713,-0.063457,-3.223232,2.260504,-4.754738,-3.020821,6.005005,-10.514325,-3.256023,0
2.539454,-3.814697,-7.575401,-4.065187,0.033705,-2.487556,-3.682528,2.781652,0.676149,1.188066,-0.434841,0.071550,1.707167,2.228878,-5.785380,7.053242,-0.451317,-2.418184,2.111309,0.996075,0.816896,-4.826397,-6.807854,7.431688,-3.757202,11.317171,-4.124552,-5.571479,3.163813,1.430056,1.188231,0.277983,1
2.910122,-6.505833,-5.783045,-2.654604,8.588741,2.702000,-3.717838,2.447437,-4.982994,1.388685,0.426975,-5.623926,-4.789902,-1.711819,-2.171272,3.426693,-3.973986,8.113409,-7.558839,2.440203,3.307867,-11.141838,-0.140562,-4.652544,-0.744242,3.436420,-3.454910,6.869087,-5.402658,5.830633,-1.950434,-3.234783,0
-0.223637,7.126282,3.796343,-0.891190,-5.486332,-2.888906,-7.856684,2.297915,-4.688372,5.450354,3.965843,-3.510269,1.562014,-4.534742,7.040026,-0.454405,3.843719,-2.558743,-5.866407,1.998344,0.416452,8.652111,-1.193130,2.298883,-4.386002,0.253340,4.922424,4.575275,-2.025089,-4.083420,4.957613,-1.498806,1
-1.738344,-0.073036,2.120766,6.547007,1.873398,-1.313879,2.138533,-12.205971,0.123568,6.164404,-7.369363,-8.978077,10.168436,-4.013344,1.653234,-1.138483,0.141342,-6.378428,-4.252615,6.453566,6.523642,-4.758192,3.149433,-2.801062,1.590139,3.112988,3.466476,-6.161432,-7.633571,-2.848574,2.007702,1.113016,0
-4.588749,-3.812929,5.119188,0.372292,4.045115,10.196856,3.469688,1.440245,-8.506540,-2.571972,-2.380840,-2.031981,0.612951,1.311666,-6.568639,3.381399,-2.048361,4.987387,-0.027029,-5.253637,-3.675007,-0.542248,-2.746698,-5.935780,4.799383,5.816055,10.982363,5.336529,8.711548,3.513891,8.047962,7.142477,1
4.416523,-0.069080,8.321535,-2.208874,0.400322,-0.355513,1.250925,-5.003176,2.534611,-0.066465,-2.127344,-7.062949,7.326368,0.739012,0.552229,-7.920133,-5.623911,-0.500959,5.575823,1.249470,0.780251,2.938765,-6.135099,-8.039337,1.209904,-7.531659,0.463814,-2.959251,-9.329466,-6.629648,-5.083635,-6.514652,0
4.344582,-2.596764,1.470310,4.240139,-2.084023,4.313725,-5.019350,-3.436737,0.895144,-0.996666,-3.939976,-2.623169,0.624697,1.708263,7.202190,3.404531,-5.928009,6.698208,-7.944914,3.008749,-7.297260,-3.710739,-0.065641,5.736328,8.768150,1.444193,2.277046,7.148977,-0.679178,3.273983,7.086248,0.026600,1
-7.000853,-4.843914,4.964706,-1.807520,-4.018297,5.613230,-2.115589,11.289240,3.598730,-6.012794,4.526096,-4.167578,7.895374,-4.855860,3.899349,-4.510786,1.866913,1.625206,-5.899704,1.341354,-4.794079,-4.292814,-2.757269,-2.562889,0.789141,1.173861,-0.173346,-3.190790,-3.658648,-5.961710,-0.067707,4.480133,0
9.057095,-1.713118,4.898729,-6.937459,-0.966393,0.204645,-2.113552,1.205086,-1.964806,6.668941,-8.271172,-3.130266,-2.283794,-4.438564,-2.705547,3.919205,6.193506,1.096664,-0.784184,-0.050846,2.996328,4.763638,-1.638437,3.405882,2.910250,6.185825,2.460361,-0.852621,-5.192685,-4.884798,3.680470,2.745245,1
1.896833,-4.980745,0.805162,-0.386477,1.472061,-0.471819,-3.220394,-7.974373,0.986742,-8.324001,2.213882,2.739367,4.234249,-4.845860,7.205318,7.022896,-1.285086,-0.443056,-2.750402,4.627663,-3.303225,-6.343937,-3.703239,-0.510887,-7.788047,-1.175306,-0.543030,-3.064980,5.829659,-3.137968,0.634657,5.576868,0
-5.109028,2.788374,2.972692,-2.852711,-3.660696,4.492258,2.440531,3.961609,2.360727,0.640785,2.549448,-5.696937,6.931805,0.509874,-7.263060,-5.496781,-2.499250,-1.692410,-3.135092,5.800879,1.300014,12.200712,-0.876133,-1.973394,-1.012512,0.436405,3.460884,-1.841347,-2.007948,-0.797167,-5.713633,4.086189,1
1.595009,5.332867,3.686460,4.290974,0.090004,-2.852400,-2.101265,-0.765047,1.117792,-3.142052,-2.697184,1.246744,1.553747,6.718124,2.050377,0.429419,0.086998,-6.479553,-3.357859,-3.766436,-4.970512,-3.487423,0.936806,5.577316,-0.501207,1.225185,-9.245649,-0.180923,-1.982216,-9.217364,-13.673496,8.509951,0
2.185421,-6.565163,0.718277,1.283514,6.058231,6.610115,2.584438,0.133602,-1.705647,4.423361,0.026594,-0.385965,0.569525,7.401613,-2.394424,-1.225357,3.713976,3.014452,4.193420,8.129282,4.868015,1.564795,3.999798,-1.013409,4.640692,0.249300,5.287945,3.998894,-1.429565,-4.886757,-5.243100,8.251265,1
-1.929510,0.739576,0.655270,-6.661917,1.378866,1.010347,3.424431,0.028090,0.459768,-5.716848,3.094315,-0.045576,1.721947,3.529575,-4.262896,3.508663,-1.434467,4.885782,-0.210787,-6.200552,1.756445,1.263414,2.637186,-0.636240,-1.827703,-3.728811,-4.196491,0.442381,-2.568186,-4.529093,-4.899223,0.320433,0
3.609095,1.492414,0.840614,0.429279,5.460876,0.870359,3.602566,4.676163,2.605978,-0.959036,-3.281956,4.053440,4.567926,2.555401,-2.912350,-0.617474,-0.561954,1.761709,-4.058823,6.808704,5.682804,-2.333107,-2.532499,2.483479,2.312645,-4.598076,-3.366350,1.230007,-4.899324,-1.362778,1.646723,10.798225,1
3.018723,9.321249,-1.806223,-2.437260,-1.571714,2.550220,3.941248,-8.771921,-8.467727,6.505524,0.816673,2.199757,-1.952127,2.283016,3.593651,3.281141,3.437691,-7.122763,-1.867315,3.622652,1.850574,-1.419556,-2.602333,-0.843716,-0.279537,2.285200,-5.331558,1.489141,-1.393616,1.323309,7.445930,1.350334,0
4.096579,-0.197405,2.999540,-3.002216,-2.276735,6.214779,4.653820,3.351843,7.864483,3.177116,-9.036023,0.563065,-3.103340,0.684435,-7.716736,-6.204258,6.157671,7.231939,-1.444334,1.045816,-6.088774,0.811205,-0.760347,0.220015,-0.069700,7.261293,-11.433493,2.590906,-1.769789,-1.298618,-2.368624,4.667723,1
3.800304,-0.958757,6.614944,2.035492,-5.919483,0.455591,0.323294,8.718788,5.350307,-9.109129,1.353626,4.329651,2.404711,1.547970,-2.590042,-2.421108,-1.404301,3.892572,-4.465469,0.733170,-2.130859,-3.751663,-6.329304,3.029030,3.861731,2.461224,-8.334249,-0.863468,-1.990986,-4.829538,-0.080021,-7.984550,0
-5.112289,-3.631962,-2.762491,-1.242399,0.935659,-8.093913,-1.419004,6.864431,-1.972013,-3.987154,4.747730,-4.180780,0.816376,-2.309879,5.228367,8.757244,2.736301,0.860626,-1.242363,2.576397,-3.721767,-2.889048,4.710686,4.287804,9.111931,7.543505,2.166634,2.005983,-0.476711,-0.213301,-1.667627,-5.385559,1
-3.986362,-6.559278,-1.402670,3.013048,-0.933081,1.731556,-7.446550,-7.173009,4.091713,1.095341,3.156305,-1.871773,-1.537708,-5.019915,-13.357765,7.027338,-7.931531,-2.093533,2.682339,-2.272316,-0.937735,3.542547,-1.214954,2.421839,2.216259,-4.277924,-8.713821,-3.178247,0.877459,2.024155,-2.568743,-8.409197,0
6.139254,1.116486,0.652065,-0.947979,-2.813400,3.659361,-6.573282,-1.053345,7.331587,-0.774401,3.455408,-1.079090,7.576952,1.735672,-5.094171,-3.762648,-3.178509,0.863667,-1.805178,5.701176,-2.006817,1.809887,1.837593,-0.018656,2.017279,-1.011698,-1.862621,-2.332474,5.336823,-0.968256,-3.322283,-0.133451,1
1.278276,0.281950,-0.654589,-4.610773,-1.092262,3.134947,0.361122,3.854935,-0.306637,-7.453328,3.040506,-3.138847,3.533926,-2.120296,-6.842216,-2.211647,-3.798948,-4.645168,-4.439764,1.371088,-1.494289,-5.623508,3.953024,-3.642683,-4.046305,-7.240250,3.652954,-1.878710,1.529314,-0.570169,-1.101009,-4.891510,0
8.381504,-0.109819,12.295176,-1.480892,-0.555357,-0.201748,-1.035364,3.257236,-1.770979,-5.066094,-0.564547,-3.172581,-2.711723,1.212215,-4.260305,2.971399,8.274033,1.339144,-1.655571,-1.782351,-2.873632,3.421715,0.373507,0.151329,2.874176,5.640879,-3.958776,7.499598,-0.728998,9.985079,3.808924,-1.899254,1
-3.909094,-2.194551,-3.758007,3.210909,-5.206566,-1.122166,2.832186,-5.872173,-5.954189,-7.406798,-1.839083,6.395300,-4.257219,-4.025333,-7.931730,-2.992317,0.913698,-3.530485,-0.915798,-1.046745,-0.326279,-2.809265,-2.498726,2.436676,2.936769,0.451551,-2.932589,-2.752945,-1.042622,-14.027369,5.233475,-0.729618,0
1.476868,5.813673,0.973362,3.465387,5.452152,-1.491203,5.786531,0.761169,9.492996,3.233427,-3.044146,-0.022392,-0.807045,8.952873,-1.251041,-2.883577,-1.494585,-4.419706,2.164881,-6.776870,6.695454,-0.528721,-3.049612,3.428736,4.869907,-2.075878,3.432987,-3.077974,-0.788702,3.285505,1.006123,1.660095,1
4.555906,-4.729891,1.619541,4.784719,-7.323610,-4.381020,1.843163,-3.705320,4.556828,-5.161482,2.845352,5.245178,-3.524935,-8.627371,-7.075140,-6.599623,0.500017,-4.528467,-4.761044,-2.794531,6.471294,-5.599838,-6.469070,-2.058371,-0.581059,-2.614904,-1.691710,-3.294184,2.418135,5.139631,-7.368181,5.824450,0
-1.939013,-3.133968,6.925518,-3.775793,-0.481045,6.999464,7.064411,4.103970,-4.304857,-9.573536,6.590796,0.236837,-2.768366,9.440979,-7.162777,-0.843557,0.621189,-3.735607,-1.031963,4.901575,1.325798,-5.537971,1.497894,2.117979,-6.695658,-3.700241,6.871750,4.060040,0.773148,-2.554268,-4.854576,2.411324,1
-5.603434,-1.767088,0.714630,-6.432920,1.045691,-3.674297,-7.206918,8.490772,-2.597128,-0.387463,-3.391487,0.227348,-8.944240,1.787804,-5.208570,-6.478926,-6.828796,-3.350368,-0.660913,4.579643,1.634840,-1.689316,2.145075,6.226847,-5.877914,-3.241343,0.577717,-5.458654,-5.389685,2.655945,-1.644592,-5.799839,0
-3.680912,-0.634991,6.773413,6.018970,6.962826,2.835360,1.948437,5.534134,-1.324833,5.294880,2.842308,-3.635746,-1.343098,-0.582926,0.789326,-3.968838,4.888746,1.387905,5.893566,4.399904,2.989748,6.215565,-0.119757,6.432590,5.199055,0.001369,-0.532854,-4.663050,-1.991358,5.454355,-1.969372,-3.085312,1
-1.302116,-2.290937,-3.582655,-7.805010,-6.673962,1.161190,1.818993,-9.478937,2.044388,-3.047874,-0.526670,-4.065424,-0.321987,-4.796932,1.889523,-5.206858,-3.182846,3.546516,5.432787,-0.604916,-1.408772,6.727118,0.455755,-4.365023,-4.264685,-2.065594,-8.609390,-5.818485,-13.964148,-0.399591,-1.930620,-6.540640,0
-1.552143,-2.512156,-0.785273,-2.038731,8.694271,4.204777,-0.028742,2.021818,-2.728504,0.627972,3.101551,-1.775845,0.222124,4.631956,4.754282,5.514156,7.403234,0.577139,5.776941,3.223455,2.899380,5.919336,0.558180,-0.253822,6.683937,-0.108179,4.150389,4.445305,9.537737,-8.281792,0.282734,2.483362,1
0.560513,2.256777,7.576153,-8.447778,-7.195136,-8.344168,-1.660524,-3.497309,-5.543781,-4.242283,-2.615757,-0.859037,-6.820202,1.311274,0.246998,-0.022827,0.233099,-7.257845,-0.469296,-4.910006,-1.228790,-0.442413,5.220184,1.030943,-2.259550,2.159319,-3.489594,1.581886,3.719938,-7.302670,1.625828,-4.200478,0
-0.551249,4.846897,6.205706,4.919111,5.706507,-4.268358,4.119295,2.126785,0.319366,-1.632406,5.390301,1.375896,-0.228807,5.102457,0.906534,1.698683,-5.740861,2.191542,-0.204355,6.017410,-2.465637,-0.294851,-2.926449,-0.410166,-5.123064,2.780130,4.470669,8.136490,0.657288,7.123367,10.525063,4.669548,1
-4.265507,-2.377924,-2.882149,-7.177053,-10.354807,0.215261,-1.162689,1.044647,-1.197212,-5.204140,-11.277782,-5.540749,0.000357,-5.099627,6.797062,4.499546,0.070063,1.252666,3.576839,-1.638475,-11.975600,-6.228672,1.988735,0.993851,5.675781,1.162296,-4.215691,5.912718,0.570543,-2.138298,-5.625967,3.553289,0
-1.132776,6.220037,1.614466,-1.371681,-6.088085,-0.494310,-1.603865,-4.451929,7.613832,-3.239328,-3.750658,9.415947,2.274977,-0.469215,-5.279636,2.384815,-3.104519,10.888802,-3.300608,4.381750,1.889046,8.653824,5.464520,7.943731,4.633139,8.457397,-6.852683,-5.155406,-5.244298,11.965754,-3.748999,11.535704,1
-10.195655,-2.348682,-4.869495,-0.404999,-5.086395,-3.510664,3.798998,-2.471725,-0.825169,6.388166,7.136654,4.576363,-2.135883,0.238499,2.990717,-3.849894,0.782742,-2.629757,-4.877268,-2.290087,1.719549,4.191399,-8.015659,2.200842,-0.955511,-3.096403,3.525881,0.877882,-1.185246,-1.007828,2.116999,4.457331,0
4.890162,5.011036,3.856958,-0.691967,-1.147661,-3.149151,-2.329258,6.677988,0.264181,-0.959593,-3.160095,-9.595616,-0.866781,6.103710,-1.805733,7.674376,-0.810337,-1.539326,7.271748,4.334021,0.599133,-2.783432,-1.408194,5.862854,1.342566,-3.918001,0.607374,2.510141,0.744507,-3.857519,0.254337,-2.415569,1
0.450583,-10.574151,1.362928,0.540945,0.419428,2.121817,-5.932550,-1.231407,-7.480350,-1.394377,-4.883694,5.355696,4.102003,-0.808577,-5.750265,3.933077,13.167124,-3.251869,-6.701740,-1.638172,-1.594805,-0.841192,-2.917496,-5.412333,-6.876604,-5.715307,0.249489,0.010624,-1.089607,1.268312,-1.474506,6.809893,0
4.811920,-5.253363,-1.463688,-2.809824,-4.979227,4.617699,-1.906233,-1.216072,-0.287697,3.728825,-0.909073,6.090757,4.831018,8.351641,1.604095,3.050371,-1.795856,4.238241,-3.991093,2.794291,1.660875,2.860649,4.751621,2.423294,4.453909,-2.860422,-0.391455,5.636328,-5.841359,-3.071865,-0.254353,4.739510,1
0.493996,-1.802776,4.780766,-0.292452,5.128904,-1.410654,0.640154,5.487457,-4.914650,-4.068054,-6.591055,5.357243,-6.952448,1.929956,-2.756723,-1.530882,4.332062,-5.760496,-0.190359,1.237471,-6.852045,-2.411633,7.415123,0.627228,-3.769247,-1.262733,-3.246969,-1.989727,-2.291220,-2.443707,-1.852753,-3.718578,0
-0.408928,1.985607,3.870785,-3.319502,-1.137716,4.579945,-1.548616,-3.325508,-3.805824,0.814436,5.345234,-6.561076,4.474087,-8.430781,-6.087888,-1.049427,-1.689589,0.954773,9.865599,1.289841,3.237844,6.566519,3.460695,-2.087439,-6.178154,4.496717,2.274572,-5.846766,2.560282,3.271086,3.582380,-0.030327,1
-5.090464,-4.484297,4.360874,-0.278797,2.406647,-4.355354,4.349495,0.738520,2.260015,2.134604,3.597876,-1.828863,0.436960,-6.898771,4.781900,-2.734585,-4.650658,-6.128620,0.978773,-4.921284,0.464334,-2.625633,-6.100039,0.130253,-4.198029,0.292543,-3.226740,4.295116,7.365847,4.329222,-1.640873,-0.458727,0
2.027956,1.257011,0.125088,5.804615,2.636976,1.745930,-3.457314,4.671787,4.345499,-2.017080,-2.027857,-3.987898,-5.495493,-1.115227,0.608692,-5.741574,-5.788250,5.885849,4.260498,-4.878193,-0.565619,9.354696,-5.124995,2.510824,1.764040,-3.924881,-0.387188,3.667328,1.361902,-1.596766,-7.592235,-6.256070,1
10.062174,-10.210321,-1.565989,-6.163692,-6.760975,4.650011,0.464128,-0.078220,2.271465,0.025242,-0.272541,-2.757467,-0.843210,-2.095156,-1.354628,3.305836,-9.718108,4.823387,-1.174826,1.307962,0.080647,2.910275,-3.261572,0.609550,-4.529593,-11.887659,-0.311960,-1.225058,4.739321,-1.021559,2.481167,2.057901,0
8.900747,-1.672983,2.783632,5.780851,4.485840,5.277750,5.511002,8.135221,-3.096012,3.093426,9.224232,0.876652,2.073784,7.852150,3.026880,3.144796,5.895496,-4.819254,5.507093,7.274601,-0.412111,-0.719490,-5.263247,-3.203106,1.520737,2.403572,4.092226,5.428408,-7.012635,3.789709,-0.667034,-4.646385,1
3.016384,6.403372,1.369118,3.414909,1.022190,-4.305931,-6.012510,-4.351103,0.830381,4.250072,-7.283854,-4.138172,2.960442,-2.157896,2.010237,-1.993746,2.261417,-1.451036,-7.155627,1.818514,-5.770212,-5.479574,-3.931433,0.666918,-7.873192,-1.525030,-4.850666,-2.365311,-10.000443,1.637575,-1.432257,-1.143440,0
-4.299341,-1.817053,-1.040384,2.898981,0.327324,4.037859,-4.969606,-3.963844,2.783649,0.216066,-5.067657,11.808348,-3.823757,-0.814945,2.978249,7.179533,1.218468,-2.732819,-0.486464,-1.342710,7.923605,-7.300271,4.085140,5.830643,1.044691,7.031540,6.046499,2.548260,6.844933,-3.519371,-0.588421,3.140223,1
-4.383400,-8.727219,7.085373,7.547434,1.293001,-1.548826,-0.072571,-5.104746,-6.168217,6.560404,3.356760,1.898748,-4.100363,6.600372,2.105589,-3.431746,-5.991856,3.343376,0.318508,-7.902445,-4.790258,-1.725893,-2.642164,3.639786,0.345772,7.965036,-5.990417,-2.260906,-7.643464,-4.564301,6.346788,-9.472752,0
-2.397337,4.467850,12.657797,-2.067606,2.645309,2.249014,-2.233698,-2.902073,-5.381627,-9.798475,5.914074,-4.546295,3.209553,6.459185,1.627472,5.391378,-3.604519,-5.196893,1.812780,-1.586992,0.227095,-5.952854,-1.128195,6.377867,-1.240757,5.869673,-2.130024,-2.050009,-2.168474,-0.027899,7.497673,7.778067,1
-4.247032,11.285830,-4.545015,4.165838,0.905703,-6.307508,4.556032,-2.975662,-8.385654,-1.956245,-0.275034,-5.009867,4.265417,-4.687105,-1.013517,-10.292549,-7.052814,-2.260906,-9.381303,-2.079437,0.410002,0.807806,4.729828,6.807825,5.629263,-1.215330,-3.957932,-2.652672,1.857763,-2.864044,-3.487789,-0.873688,0
-3.283649,7.802485,7.670282,7.822878,-0.522522,5.263189,1.688765,-3.098476,1.789022,7.752542,-4.272602,5.646326,0.795971,-8.933088,3.409164,4.903866,6.203983,1.569441,-6.936453,-4.880024,-0.404577,0.494135,8.136566,5.883396,0.504686,-7.754107,2.423508,4.171417,2.491020,7.373362,3.826853,-0.895123,1
-2.107107,1.827780,1.634218,-4.701864,-0.300510,-0.041313,-2.762877,-6.218405,-0.841360,-0.538607,-0.104076,-3.666771,-7.778521,-4.449966,-1.411947,-6.500942,1.444202,1.426527,-3.256069,-2.638115,1.109491,-1.730362,-2.451574,-4.941387,-9.102807,3.699566,3.145008,-3.799772,-1.569132,-5.043854,-0.586214,-2.907494,0
-1.288326,-4.705805,-6.512405,-1.547815,-4.841562,-0.438776,-8.520024,4.946281,3.033003,-6.308268,-1.662266,2.899828,6.083771,5.019743,11.141134,1.696423,-2.703091,-0.061857,6.548588,3.260685,2.561262,5.829506,-3.940697,-3.203264,5.077660,2.396732,-3.308578,-1.949743,-2.780970,2.546589,5.458549,2.362469,1
-2.426863,3.507208,2.545782,1.910112,1.012030,-5.767164,-0.115269,-5.597258,-3.113514,-9.946877,0.800127,1.241385,1.620905,-4.205921,-3.895460,1.613626,3.543852,6.509367,-0.398556,-8.186243,-3.433243,-10.462393,-1.837309,-2.001434,2.155725,-8.785460,-2.163662,0.447338,3.552959,0.715433,-3.942348,-2.157261,0
1.746031,-8.452341,-4.922497,2.266222,-3.035242,-0.038439,-0.690994,0.714952,-1.107882,5.337049,7.446495,1.581379,2.181147,3.659006,7.473022,-7.149193,4.075258,-4.713970,12.919371,-3.237055,-1.840736,2.746405,4.039888,-4.525740,-12.358517,-8.419333,0.213486,-0.437939,3.345692,-0.968281,4.381742,-1.714853,1
-4.849554,4.078962,7.380663,4.153484,-0.017281,-3.591095,-4.533442,-4.050064,5.626394,-2.539955,0.678629,-1.515045,0.530924,-3.290691,-2.159826,-2.517410,1.003023,-7.193288,0.367941,-6.077850,-3.582104,-2.307173,2.987597,-4.487946,-10.209410,-3.648344,-3.204447,2.655367,7.242493,-3.095453,2.200853,1.808695,0
2.325207,-0.904615,3.898777,3.394135,1.217361,-7.612752,3.443087,6.184179,1.498583,-1.076815,0.762079,1.355202,6.518476,-0.111816,-1.213943,1.809944,-7.968324,5.942451,2.022076,4.389605,1.604748,-2.829666,1.504768,1.082333,5.852242,-4.549402,-6.819892,1.867907,1.410397,-4.316031,-0.114740,-1.602602,1
-6.545307,-1.961910,-1.741915,-1.229305,-4.711039,-10.730343,-1.273643,-2.456051,7.630140,-2.205677,0.732056,6.113550,0.198433,2.355873,0.909367,3.276901,3.228746,2.989412,-4.586874,-0.731634,1.608562,-0.052130,0.514170,-4.128986,-1.244415,-7.810989,-4.906393,2.357037,-5.739006,2.110027,-0.847773,-7.096524,0
-0.189131,-5.364931,-3.655094,-0.480371,-0.597401,-2.807724,-2.473484,-0.671284,0.302593,2.091290,3.388111,-0.230234,-2.141117,-0.302828,-7.009921,-0.057255,-2.482859,3.358757,-1.541586,-2.809542,1.671774,-1.513926,0.116293,-1.026609,6.100864,0.068975,3.779747,-0.802507,-7.406175,-2.335337,1.844944,0.318203,1
1.305593,2.171444,1.327141,-5.655510,4.379377,1.095860,-10.151668,-1.796604,-5.010681,2.903738,1.407169,4.751280,-3.607079,1.358610,-4.130087,-3.968256,2.066347,-6.081327,-1.357569,-14.069844,-4.237986,5.287886,-3.096537,2.574423,-3.295700,-1.860901,-7.475546,5.169117,-2.115170,-1.297091,-5.074020,-2.871012,0
9.153244,-6.232999,5.446182,-5.272810,-3.097746,-3.075523,7.705526,6.252512,0.875866,-4.899591,0.275200,4.184740,-3.864264,2.021833,-0.942638,2.224890,8.468769,-8.164159,4.917698,-1.985533,3.244482,6.580666,-2.613747,4.021881,-4.172739,-4.766108,-5.933059,5.912962,-3.709843,1.715858,-3.863686,13.870375,1
5.363693,0.913023,-0.843021,-4.097061,0.542128,5.517914,-2.360420,-3.291157,1.250151,-4.553415,6.565563,-7.627251,-3.919010,-2.199785,-0.251646,-4.373526,-0.897350,-7.443125,-1.732956,4.549505,-7.295938,-4.078241,2.804125,-6.745314,-3.394857,2.430267,-0.635153,-5.389502,2.679676,-8.297873,1.656322,-5.311096,0
9.972691,0.617134,-2.603785,-4.730753,0.395901,0.906244,-6.628739,-0.111216,3.044638,-1.797400,0.636616,0.978039,3.731894,3.269154,4.838940,0.326296,0.667292,6.197254,-4.736008,7.007723,-1.784664,2.951820,0.436943,10.408798,-2.111332,1.628376,-1.543392,5.392050,-1.213764,0.854486,-4.794235,1.507071,1
-3.714851,7.688389,0.551481,2.869038,-1.627884,2.707449,-3.977781,-1.782173,3.981312,-3.805937,-6.282339,-6.154377,-6.161161,-9.118040,5.833569,-0.949568,-0.317869,-1.956154,2.169538,-0.077463,6.891386,2.890829,-2.022942,3.631788,0.416990,-5.468472,-5.796680,5.398394,3.636311,-3.669249,-7.576660,-0.627733,0
8.541937,-2.524384,4.771673,-5.318232,1.448130,4.801744,-0.320826,11.851274,-1.732052,12.096869,0.403400,-2.755432,-5.645270,9.168608,-3.355547,-1.107985,3.687658,6.474239,5.024698,-0.930910,6.623882,1.130114,-4.513056,0.892511,2.766962,-2.795435,10.726898,4.650625,7.041977,-5.356216,-2.299232,5.359041,1
-1.933840,0.701704,3.036821,1.793377,-4.640581,-1.721134,-4.176332,-0.600857,-2.334494,5.571117,-11.629304,6.921736,4.423887,-2.211559,-0.231680,7.968195,2.359283,-0.139450,5.748537,-10.785792,2.792234,3.827738,1.179335,-5.007318,-0.469934,-1.269848,-2.078939,2.218119,-2.463053,3.225069,-4.383089,-0.573811,0
0.027596,6.891941,1.146532,6.656187,3.288654,-4.856171,7.588728,3.317049,-5.144579,4.909370,-0.124372,3.548956,-5.942208,5.130503,-1.336241,-5.260469,-0.570303,-7.012705,7.916634,3.286436,-1.479786,2.784927,5.341345,0.389694,3.277439,-0.767681,-5.734332,1.600752,4.026781,0.983681,1.032503,3.803139,1
-2.171036,5.674730,4.292139,1.638254,-4.576014,-0.864445,5.772930,-2.379965,-0.260790,-3.687805,1.466986,-0.882282,-3.224052,5.635977,-9.144038,-3.202787,4.852156,-4.986826,-4.316082,1.674290,-2.444944,-5.882532,2.782297,-4.919188,-1.498968,-6.206486,4.352423,-1.456720,1.203241,-8.916973,-5.917978,-3.992458,0
-5.938782,-5.332200,1.361938,6.590332,2.808914,-5.022730,4.072752,-0.487698,-10.248399,2.728176,-0.430424,-5.065851,0.446646,1.813461,3.816311,10.167419,-0.384525,-0.232040,-1.943323,-3.008324,8.962040,6.558187,-7.465635,1.267498,2.169378,-4.002930,6.250114,8.254112,0.745085,-11.564425,3.090424,8.718946,1
6.521004,3.159113,0.497271,-3.001993,0.908718,-0.795694,2.940504,-1.784126,-6.710575,-8.576455,7.023306,-8.980531,-0.864746,-5.580584,2.457224,3.282536,-6.940355,-0.067888,4.043406,-7.300096,-9.226483,4.786057,-8.082397,-3.396700,-1.669724,-2.873135,2.816389,-5.600531,-3.659893,-5.016165,1.152220,2.457132,0
3.635983,4.717758,7.831532,2.640001,1.711397,1.908329,2.760466,9.023825,5.857540,-0.388905,4.136831,0.090723,-4.150654,-1.556236,-0.879168,-1.125687,2.428995,9.213514,-0.186972,9.709812,2.892912,2.174231,4.453247,4.404701,-0.826094,-11.396639,0.300600,-9.569856,-7.150988,-1.695639,-0.375664,-1.985744,1
-7.661232,3.691906,3.392351,-1.842323,-6.205292,3.491096,4.646490,-5.433203,-9.165804,3.991619,5.856009,1.200417,-5.837400,0.616999,-6.887957,-5.951027,3.096457,-0.545124,1.287350,1.210781,-1.499126,-1.548891,-2.717381,-6.225775,8.528002,-1.523268,1.082500,1.722219,-2.267965,-1.234903,-1.545156,-5.099777,0
-4.837708,1.186148,-2.776892,3.961082,6.253193,1.438499,-1.373795,5.456272,-6.082489,-1.353653,0.856583,1.030422,5.918695,2.622360,4.072050,6.032181,9.556334,-1.072872,-3.263632,11.749781,-0.617975,3.677425,2.361984,3.699600,9.569134,-7.968396,-1.188211,0.516567,-0.687965,1.574865,1.676020,-0.389692,1
0.243261,3.668047,-3.318295,-7.754539,-2.720629,5.776257,-10.077108,-0.926140,7.237610,-0.376043,7.625860,-0.216879,-1.860521,3.576830,-2.849983,5.243635,2.010496,-5.999750,-2.285128,-5.968710,-4.772129,-1.121372,0.330833,4.541859,-2.303108,-3.670288,0.480160,-4.148117,0.745361,-4.860622,-2.549473,-4.581036,0
-0.704424,6.599728,2.013908,5.284279,-1.221224,-0.624641,1.679646,1.423357,6.231123,5.751585,-5.634946,-0.324135,-6.051518,-2.418858,-6.996918,1.261021,2.816177,2.654459,-4.541895,11.560316,7.231369,4.342455,3.463917,1.947788,6.677502,0.301678,11.674730,3.520252,2.599121,-4.207964,-1.132652,2.324490,1
-0.807781,-0.298363,-7.846799,-1.013796,-0.844517,-6.936911,0.524433,6.129314,-6.683907,3.135914,-2.262138,-1.832438,4.930307,0.255547,-0.271708,-3.852642,2.994944,-2.926069,-3.969406,0.915253,4.559776,0.039635,-0.371380,-2.171148,-7.249886,-5.233723,-10.982793,-0.381197,-3.322721,-4.763010,7.182241,3.028503,0
-1.528229,5.510695,-4.087112,-4.868341,-0.846445,-3.303236,-5.690452,-1.408308,-4.114336,3.599182,1.370399,-3.606243,1.501112,-7.007408,0.678297,1.525404,-6.849384,6.451342,-3.232786,-1.204388,-2.386917,-2.904245,1.244352,-4.921097,-0.594145,7.390686,-5.755722,-0.583008,-1.727722,-3.493010,-1.618219,5.759960,1
-2.429884,4.581917,-2.039612,-5.798199,2.842682,2.768616,-0.741220,3.532139,5.643774,-9.875942,-0.243359,-0.192677,1.984470,3.431875,-0.383047,-4.296181,3.673779,6.063217,2.386223,6.492460,0.928129,10.015005,-5.068729,-0.518089,-5.987465,0.427526,-5.020985,-5.307583,-3.260878,-0.085375,-2.811003,4.636696,0
0.007616,-7.493416,-1.667122,-0.810163,-1.577808,4.665579,-1.579687,5.472260,2.491201,1.273191,2.213520,-0.498760,-0.018835,14.061602,-0.545435,4.151630,0.725233,-4.876074,4.268805,1.712744,0.196373,-2.797659,-0.393999,-7.472119,2.328499,6.719528,-5.111447,-1.778727,-0.773561,-2.213135,-3.180027,6.074614,1
0.111588,0.072567,5.043415,-7.526599,-1.351427,-1.832146,-10.122248,-2.278009,0.737209,1.206598,-2.226944,-3.768614,4.533415,1.864704,0.595612,5.224348,-1.498075,0.564489,-7.074983,-3.776348,2.782297,5.468616,-10.689773,-3.083746,-9.632795,2.038542,10.539831,-0.064606,-5.882942,6.244738,-5.249294,0.594307,0
-2.875854,-5.594829,0.662863,2.674011,3.309937,-3.502451,7.154060,1.088720,-3.342772,1.283993,3.355028,0.830265,-1.988464,3.147434,0.706011,-4.441500,-3.692297,-4.610329,5.545374,10.870089,2.008148,0.004202,-1.212685,0.176695,4.264132,7.326832,-2.892004,-5.184517,3.305067,-4.262363,-2.242826,-0.364847,1
-3.000853,-2.455366,-8.688896,2.083614,-0.595583,0.162638,-0.725367,5.235218,2.567314,4.864054,5.941765,2.033194,-0.376177,0.599850,-1.587715,-3.157707,-4.400507,0.176142,4.402922,-2.076830,4.134214,3.854799,5.282131,0.627609,-4.900547,-4.122005,3.958427,8.779030,-2.396961,-3.567616,-5.995291,1.073687,0
-5.382383,-5.498475,-3.469727,-7.715066,0.988295,8.027718,4.835518,-2.875595,0.747919,2.748663,0.357744,1.981001,1.611374,0.353285,2.296261,-0.883276,0.759592,7.743544,-0.452267,-3.540632,8.206896,3.154697,4.409515,4.945408,3.795830,0.666014,2.890238,2.964520,-0.422272,2.617826,3.106096,-0.914433,1
-0.666088,-7.038464,-2.089470,2.207954,-4.872118,-3.825588,5.056520,-1.201803,5.201389,1.472073,-2.793352,0.184359,8.952982,6.064386,3.705631,-0.566664,-4.288525,-5.332321,-6.298283,-1.845091,2.373772,-2.787472,4.898460,1.435026,-0.916220,0.682125,5.948557,-6.243143,0.991558,0.102839,-2.554873,-6.236038,0
0.107332,0.709946,-6.528749,-5.935794,2.016539,-0.505535,2.495842,1.145699,0.741634,2.260805,7.687284,-2.801920,0.388351,1.272541,-4.102812,3.335430,-1.059034,-4.851566,-0.545395,5.224676,2.158632,-7.008404,-8.721685,0.890533,4.598913,-4.417850,2.560240,3.809710,-1.893322,0.758465,-5.884415,3.292007,1
-0.894096,3.473486,6.104502,1.990942,-11.134345,-0.977581,-2.829563,2.091599,3.439302,-4.641428,-2.500105,-2.210791,2.382830,1.395422,0.140167,-8.334721,0.441748,-1.639099,0.579691,5.876419,-6.819462,2.484375,-1.295290,-5.975489,2.511305,-4.109573,4.829664,-0.853273,2.416517,-2.715218,0.438887,2.253948,0
-6.006438,0.027956,3.356113,0.783472,0.007980,7.918947,-2.321400,6.994644,5.435181,10.583881,-4.911741,-4.137112,3.610573,-1.815697,-5.703114,1.415001,-1.145939,-3.058239,2.537422,6.164892,-0.658176,8.371721,3.103012,-6.279477,4.047289,5.371389,-4.480743,6.679667,-0.779362,-7.699544,0.106178,3.668146,1
-3.011711,1.458582,6.121344,-2.591381,-5.777950,0.989050,4.263327,-4.681725,3.884697,3.948668,-3.080215,-2.190758,8.117146,-0.452713,-3.676268,0.262821,-3.978743,-2.178469,-6.648108,5.623236,0.357065,-5.703699,9.333689,0.139282,-3.820675,-6.159636,3.000320,-1.526077,-4.459913,-1.651203,2.152498,-5.516514,0
-0.429649,1.813471,2.807291,1.598049,7.502792,3.915621,4.302156,5.405594,-2.176508,2.539373,-6.399572,7.612785,6.458626,2.665514,6.233133,-4.021910,2.513536,-3.929586,6.636745,8.427794,-0.911453,5.036493,-1.224295,2.997934,0.676188,5.872122,3.911022,0.009733,-3.112795,6.389963,4.792301,2.228149,1
2.904125,-6.105841,1.208517,-5.978716,1.828470,-0.292847,-9.202592,1.297485,-4.284349,-2.419548,-5.017349,-5.926394,2.053291,3.645416,0.494116,1.777977,-7.391591,-5.027685,-6.895218,-2.394514,-1.088221,-7.068842,-6.912853,2.778006,-2.537710,2.803709,6.793169,0.889532,-12.842690,4.085428,-0.554605,-2.657211,0
-1.402178,1.692524,-4.713017,2.638700,2.876741,2.648355,5.493645,-6.457644,0.739788,3.909771,2.802053,0.948641,3.087435,0.075823,-2.246485,7.935108,1.702398,3.140642,1.925970,3.300617,-0.540140,-6.758654,2.082287,-4.482473,-2.607388,4.639433,3.464684,-0.959120,1.033230,-6.330467,1.304390,7.056437,1
-2.643145,-0.457510,-12.177571,-10.062540,-2.146791,3.440565,-2.997576,5.398138,-5.442907,-7.534197,2.600618,-0.791475,-3.643454,-1.078800,-4.615128,-5.149292,1.631382,6.703203,-3.048807,-4.549511,-2.161606,-1.854273,-8.350917,-1.016991,-2.286011,5.926647,0.109358,-5.982828,-0.019085,-4.077917,0.735901,-4.581951,0
1.664898,1.460569,-4.612856,5.536572,2.828754,-2.546898,1.054688,1.118708,5.571959,1.097570,-1.913553,2.889196,0.690481,3.839680,5.654135,1.017883,-12.230512,8.599752,8.197403,-6.695083,9.144060,-1.507587,8.674265,-6.528700,1.078331,-1.617998,4.748417,-1.810528,2.060560,-4.125565,-1.509403,9.310390,1
-0.647720,-2.222219,-7.159549,6.162683,-3.168676,0.146116,-6.338495,-4.192019,-7.206116,-2.780647,-4.794868,0.726734,-2.465185,-3.958973,-1.822601,-5.172211,-0.587734,0.746477,-6.193367,-6.298941,-1.747782,4.345800,-0.917654,-3.735409,-3.421394,1.925093,-1.760357,-8.780913,-2.206079,1.922504,-4.083035,0.855391,0
-2.057297,-2.719187,3.238531,-4.207153,-2.321583,7.788033,-0.514647,-0.997261,-0.060991,-3.329016,1.552176,1.460915,-5.453833,-5.920753,-2.625242,3.731821,-0.360950,-5.314148,-7.980579,0.484053,0.949661,1.545479,1.283545,7.134998,-7.395654,7.796074,-7.202187,2.648037,-6.392478,-8.366118,4.544704,2.508581,1
2.837645,0.468409,-1.411554,4.764904,-9.079695,-4.355928,1.624496,3.633595,3.642403,4.929949,0.888634,2.820871,3.324009,-10.160012,-10.153461,4.434809,-6.229046,0.506254,0.363773,-11.763176,2.455187,2.293814,4.211111,-0.397284,-9.384925,-2.687241,0.429783,1.687445,-4.809099,-2.144857,-2.553944,9.127745,0
-0.402931,0.307785,2.452585,3.774553,-1.441437,3.154610,2.059814,2.378668,-3.580545,1.018202,4.269316,-4.322361,7.169863,1.496262,3.647352,-4.176687,-7.559237,-2.581404,3.637125,-2.592916,-0.766291,9.061783,-4.275023,2.064665,-2.205231,9.134851,5.602100,3.186823,6.367702,5.702244,2.978065,6.785023,1
-5.482033,0.063387,6.684391,-0.804970,-5.943922,1.905666,-0.415226,7.403091,-0.599112,4.950090,0.676548,6.232798,-7.798632,-2.946239,-9.185467,0.377441,-0.282253,-3.584095,-9.890494,-5.109247,-4.536818,4.685583,0.157600,5.903112,-1.049934,1.603521,-1.599417,5.097132,2.671915,3.924955,2.561678,-13.987395,0
2.279531,2.268503,4.987164,5.514128,-0.978041,4.155144,3.827917,-7.204357,8.305609,-2.628202,9.042967,1.977644,0.336308,7.048359,2.189371,-4.361300,3.822512,4.523603,6.029734,3.243025,9.367157,3.933916,-1.930862,-8.142852,-3.397430,3.146448,1.896856,7.471310,0.442026,0.463364,5.978176,7.635748,1
-4.885426,7.657064,1.831985,0.707516,-0.740307,-3.986931,-7.649063,-3.081142,1.174044,0.441912,-5.489683,3.611242,-0.808487,-5.479301,-1.501766,-4.185984,-2.865068,9.027079,5.743658,-2.517946,3.021013,-5.964828,0.413177,4.462992,1.324106,-8.315276,-2.920031,3.751955,-2.090363,-3.276682,4.099297,2.714956,0
7.954323,-0.102877,7.085157,-0.032032,-5.414448,3.268230,2.591772,1.564528,-6.591584,7.195082,3.472101,-1.280207,-3.621819,3.019800,6.798773,-5.035028,6.745415,-2.439177,-0.478392,0.674660,-0.862959,5.790218,-6.462863,6.596272,-2.205933,1.742733,0.959892,5.065472,-7.945468,8.915035,-3.276049,5.894932,1
0.788906,-4.734665,0.580021,2.168446,2.084650,-1.703243,-2.246477,2.955528,3.095892,1.779375,3.920431,-5.563923,2.334629,0.226744,-3.646248,-6.397839,4.695143,-1.323887,2.802076,1.179188,-4.248377,1.611471,3.804522,3.743126,-3.578379,-0.663881,4.062901,1.990049,0.462765,-5.077610,2.133331,3.888807,0
-5.010645,-0.186668,2.788605,8.324936,0.252684,-3.913559,0.846064,-4.767918,-0.711218,1.323797,4.518526,4.286486,2.066769,-3.278637,2.055857,3.606930,4.091997,0.576475,-2.811993,3.220112,13.148840,2.393564,11.763483,-5.176084,-3.234734,-0.133684,6.218081,-0.891171,4.221525,9.737444,2.920662,-2.555365,1
-8.198752,-12.970369,1.113447,2.483044,-0.935743,7.459553,-3.349865,-9.326790,-3.538296,0.518805,-2.956968,-2.400866,1.381666,7.372179,1.701797,-1.061991,-0.292261,-1.284388,-1.342361,4.564625,-0.951408,-1.215586,-2.682169,-0.378489,-7.424232,-4.437565,0.418522,-4.275885,-2.216774,-1.070089,-1.748207,-5.822168,0
-0.474375,2.129171,5.766899,5.024641,5.732683,0.163958,-1.298843,7.326441,6.515079,-2.128370,0.062025,3.710075,1.584177,-0.966505,2.670679,0.281445,2.273869,10.663761,0.267002,0.544748,-6.874595,-7.457179,-4.983849,6.093853,4.014334,5.054636,-0.530697,5.350216,-1.164398,-5.829116,-9.003532,6.948862,1
-1.309057,-8.699090,-6.926479,-2.325769,3.627359,0.291405,-6.822603,-1.912815,5.631186,4.616997,-2.716183,-8.255877,-0.741024,0.842163,-1.467033,6.726091,4.447584,4.930510,0.661566,2.153175,-0.558378,6.184937,-1.876484,-4.078444,-3.702198,0.098433,0.741583,5.646835,-2.693487,-2.093294,3.652576,2.468237,0
6.846819,-1.155525,2.615746,3.397999,5.761866,6.220623,-7.710868,5.280968,-4.401512,4.768509,-5.247888,-1.475624,2.816748,-2.224007,9.715464,0.049099,-5.372365,6.456539,0.808674,3.910034,1.637310,4.603426,1.552757,-4.645054,-2.119511,4.722548,-1.694817,10.304855,0.215023,2.245703,-4.074114,-2.069403,1
-4.720278,-1.303947,-4.435820,1.649412,-12.003164,-12.247675,-1.663891,0.912325,-5.614798,-1.072767,1.234690,0.102608,2.811533,-4.389280,5.467659,-5.147469,2.987303,-9.298651,1.107693,-2.150414,-1.618567,-1.867611,-3.640038,-2.413599,-0.367630,-2.916136,-1.935377,-0.612696,-4.299744,-4.870737,0.727644,-8.200796,0
-2.814823,0.846333,2.826416,7.180595,1.961065,9.617655,6.664562,4.977682,-0.928749,3.510572,-2.598269,1.774363,-3.236732,-2.059879,1.112560,-3.079546,-1.942436,-0.390430,1.722607,0.698997,1.041759,-0.160389,10.990503,4.884686,-0.972425,4.709366,-2.133924,-3.005878,9.132425,5.179855,3.887506,6.713308,1
-0.058470,-0.536137,-5.569448,8.607195,-4.229094,-2.251156,0.227518,-6.538231,2.198792,-7.321249,-3.642508,2.920523,-5.097397,-4.872400,-6.712709,-0.047977,-1.974899,-0.179455,7.914841,-2.505493,-1.460028,0.727587,-0.267401,-5.474352,-2.283714,0.943058,3.287413,-8.394280,2.270182,5.541544,-10.074994,2.308664,0
1.838654,-4.829346,-0.846172,7.082756,5.987286,9.719608,2.462767,-6.037037,1.784370,1.474848,-0.186153,1.745272,-1.899353,1.269796,1.214958,-4.570959,5.078880,-4.327585,-0.763493,0.049772,-6.161139,5.003204,2.897625,-2.767080,3.573343,-0.583801,-3.776960,3.080719,5.582670,3.708570,6.377661,2.319283,1
1.250681,-0.689098,-5.351353,-4.165640,0.273596,-7.419389,3.005419,4.840412,2.281015,-1.873760,1.395916,-2.528824,2.388723,5.036367,-9.284945,2.975632,-0.749790,1.876001,0.806103,-3.055136,3.900578,-4.385122,-7.575102,-5.751423,2.999228,-3.442585,8.976824,-0.995054,5.918365,-3.455229,-4.902273,-10.985909,0
-1.783403,3.315495,-1.442905,-1.199440,6.598354,-3.802071,1.761723,-1.175282,0.932068,0.963898,-3.034590,5.609177,3.132948,1.656122,11.580732,2.001125,2.790638,-6.733969,-1.986574,1.895077,-4.215759,4.353621,6.042429,5.163578,-10.714309,-2.426804,3.572313,3.034298,-1.216654,-9.160162,2.555679,-4.342739,1
-0.437757,-2.172142,-6.318735,1.628717,-8.797744,6.051079,-4.239155,-0.456776,-0.822433,-6.037594,5.691536,1.632269,-6.722921,-3.126963,2.418659,-2.936668,9.190023,-4.747458,0.561262,-7.372708,-1.847534,-5.011974,-5.209490,0.818651,7.087297,-0.230787,9.796949,1.646084,-5.310486,-3.366995,-5.549963,5.681276,0
5.876047,-0.249674,6.956326,-0.412298,5.955336,2.931669,8.456083,3.549414,3.062168,-8.054259,-4.362638,6.457111,4.638092,2.348738,-8.406764,-4.050329,4.119297,5.039274,6.258686,-6.464696,-1.041679,-4.970888,12.478289,-4.326948,4.642498,6.762167,-8.512915,2.972694,3.528414,-1.678377,2.615803,0.871634,1
2.311848,5.472857,-5.783260,-6.593164,4.259684,0.576622,0.591740,8.113489,-5.624140,-0.699493,-1.760599,-3.517195,4.708714,3.927666,-1.892000,-1.093685,-3.554949,-6.363083,-3.644949,-3.762165,-6.337732,0.969357,-4.787004,4.289562,-5.688883,5.169865,-1.283838,2.381763,5.399498,-6.575043,3.718100,6.735483,0
-0.727509,2.658360,2.416143,10.372677,2.930260,4.302958,6.957859,4.226503,-1.181194,-0.817385,3.560104,2.018768,2.061663,2.587202,-0.013884,-4.910910,-0.588224,5.384485,-0.785334,4.257090,-6.855183,-5.597204,3.408182,-14.430424,2.705448,6.382273,4.477232,4.053574,-4.796764,1.185335,-3.023909,-1.386148,1
8.207865,-2.989559,0.654007,-4.610451,5.800222,4.522375,-2.853073,5.873533,5.393997,-0.739380,-0.879631,-2.537626,0.036348,-5.919989,-11.398380,-6.644171,0.050365,-0.132629,-1.959383,0.062729,6.577854,-8.987309,-5.703133,5.777235,-3.794060,4.290625,-3.682640,-3.940786,-0.246042,-2.859520,1.525904,-1.927580,0
-4.275034,-1.068438,4.661201,2.151428,-1.862625,0.426056,-0.245502,7.873383,3.414316,9.027031,6.549257,5.839636,-1.397840,7.301489,3.250820,2.067303,-5.007441,4.298092,-0.109838,10.856678,-4.336176,1.883827,-4.575228,6.265123,-0.954802,3.750042,6.580767,-15.955187,-9.919623,-2.599571,1.830799,2.373089,1
-6.095406,0.718372,0.270039,1.771633,-3.832165,2.852880,-2.555887,-2.528143,-6.871975,0.136282,6.776365,3.552067,-2.187366,-8.033960,-5.687572,-3.276962,-3.598499,2.372795,-7.154593,-7.050264,5.177856,-0.922888,-4.151737,-3.008337,-1.071943,-1.251301,-1.490139,-8.418230,2.401659,-0.681383,-0.308588,-3.791410,0
-1.102690,0.620382,1.865473,0.943968,1.462303,2.620911,6.520472,-2.957657,6.288866,6.397379,-1.937063,0.197870,-1.716757,8.992788,9.125885,-1.315821,6.876066,2.812464,3.325310,4.544613,2.187922,1.517599,-3.030846,-1.224047,3.080709,0.289549,2.429777,-5.210670,2.516645,-1.876865,2.749449,0.759888,1
-4.697369,-0.969200,-5.446112,3.158854,-7.969484,0.678551,4.697739,7.457712,2.836973,0.031519,2.970154,2.801918,-3.684307,-8.775592,-1.697100,5.212309,3.412344,2.071579,-5.881866,-11.407758,-5.468439,-6.146570,0.251614,-5.208513,-3.220837,4.279051,-0.056559,-4.194727,-6.923529,-3.064838,-5.856947,6.565825,0
-3.687658,-2.960217,4.112995,-6.867935,-1.292421,8.512787,-5.279917,-8.058377,0.962820,2.826374,7.245615,2.256538,-4.886719,9.314512,7.634958,4.541050,6.187077,2.725590,4.506264,-3.785789,9.223167,-2.689110,-1.281679,7.058737,-3.684008,3.106157,2.151041,-0.981363,0.976887,-4.928295,4.502922,2.662373,1
3.754837,-0.640244,1.461790,-0.178701,-3.044621,-0.621660,-5.216539,-9.924939,-1.116165,5.054386,-0.800280,-1.289316,11.424177,-0.364668,-1.226664,-7.017763,3.042889,-3.718599,-0.575148,-12.054111,-8.318040,-6.066372,7.073759,3.656172,-5.144392,4.596298,9.473787,-6.071890,-5.881771,-1.252516,-5.868891,10.727255,0
6.718252,8.087294,2.521049,4.715591,5.071163,3.415956,4.198128,6.437420,-1.257690,-5.597905,-3.049480,-3.743786,1.380754,9.183363,9.985962,-1.772377,2.298162,-0.194866,2.516056,5.130415,-1.217087,-7.141205,-3.299183,-2.702103,-1.859699,-3.234039,1.235836,9.248547,3.832430,2.091848,-4.850779,10.357946,1
8.718040,5.494230,-0.441479,-2.778284,4.158634,-2.675770,-2.173437,-0.125317,-2.112555,-1.864677,5.313776,-0.303209,-11.856949,4.699993,6.316351,-0.851974,-0.307741,5.291491,-0.916704,4.434326,-4.552864,-5.421619,-10.558919,-4.301123,2.908115,1.127712,7.347879,9.269423,0.873114,-2.954992,-6.454662,-13.199206,0
-4.487782,9.149586,-6.939939,-0.841629,6.414412,-2.181568,5.276930,7.483444,-0.503557,1.656380,-4.134981,7.091656,-0.624374,3.398819,-3.908426,-6.178638,4.515160,-1.767145,4.291502,9.273390,6.889700,0.627151,1.973866,-1.131601,8.593092,-4.133005,0.142174,0.421440,-2.277092,-4.111595,2.645947,-4.912878,1
-3.755817,-2.380491,4.630123,-11.153505,4.455639,-2.264311,0.826744,-3.668022,-1.481567,-5.329996,1.182734,3.754667,4.729937,0.170206,6.533764,1.462198,-3.485548,0.475224,-10.059776,2.395504,-4.110415,-3.885857,-7.701819,-5.741123,-5.876381,-0.130236,1.504185,6.143049,-6.610075,-9.587039,-0.813507,6.320934,0
-2.067522,-7.539700,-1.860348,8.571909,-2.084972,2.996298,-0.568077,1.075935,-5.649905,-6.638860,3.865433,0.331379,0.234362,-0.351248,-1.228292,9.038084,0.432577,-1.249292,6.256205,-3.660297,-8.502697,0.056767,1.798790,9.574640,2.377012,3.195667,-2.285761,-3.285444,-0.115618,2.423119,1.046837,-3.837126,1
7.568602,1.926163,-0.550671,-2.010262,-5.327845,5.962080,-8.829251,0.404875,2.915861,-7.374805,-7.233886,0.711699,-2.819296,1.041754,-1.715178,2.350452,-3.565912,1.241381,-4.686296,-0.870142,-4.271719,-3.470364,-7.319124,-7.975923,-2.868418,-0.242334,6.061632,-5.495365,0.611181,-3.109501,-10.131684,2.050968,0
-4.340839,-6.029656,-2.361042,-0.112740,-3.465708,6.643393,0.301659,0.698111,4.054024,-3.922991,9.971285,2.800077,5.100328,-3.481567,0.387384,5.025013,-3.621197,5.889931,1.382591,3.602167,2.558214,3.119734,2.121983,8.392153,6.499426,0.768057,1.928989,-0.355917,-5.432696,-4.015940,1.414284,-3.945246,1
-5.212351,-6.942898,-2.225410,-0.814060,-2.504023,-6.036076,-5.038227,5.708961,-7.230324,1.145523,0.054415,-2.465055,-4.911894,-3.512110,-8.320288,-2.261879,3.387028,-3.272335,-8.919902,-4.147472,7.117760,-0.980373,0.877939,5.262503,0.467754,-3.829044,1.446938,-0.745171,-4.228354,-4.448917,-4.846420,-4.367168,0
-0.465109,-4.000414,-0.008791,7.437954,-3.405807,-1.090008,4.628193,2.202166,2.956806,-4.174370,-0.657928,4.648062,0.669050,3.195253,0.735397,-6.849828,2.747738,1.298361,5.308487,6.878805,-6.050772,3.319996,6.095900,-2.131815,-0.698145,5.460638,2.797394,0.948483,1.525723,5.942730,-3.374508,1.245634,1
15.072729,-4.347279,-0.110020,-0.987888,-2.732643,1.930515,4.745630,-0.872019,-7.059763,4.655275,-0.718878,-1.621304,-2.347708,-0.741358,2.894997,2.842989,-5.204853,-6.858932,2.755045,1.960238,0.847652,1.408897,0.219482,-3.356653,1.670835,-1.628807,-1.902416,-6.114826,-2.623379,0.050598,-2.628788,6.271765,0
-2.072979,-2.875742,3.835526,-5.561945,-1.559126,4.855862,-5.326324,9.731636,-0.147627,-0.139004,-5.312618,-0.773096,6.118017,0.311430,-1.153925,-1.803928,2.771048,-1.278326,7.485233,-12.418651,0.658445,-5.019728,3.573641,-4.845736,-3.309792,2.913116,-0.950830,4.960875,-0.543842,4.259510,-0.852011,4.314259,1
1.468052,3.239649,4.490524,8.402908,0.367464,-8.664496,-0.075378,-9.217267,4.329880,-0.282671,2.956015,-4.218609,1.443626,-4.544956,4.587883,-8.046027,-3.042917,0.213293,-15.507366,-1.453014,-4.354237,-4.138702,-1.847771,-2.314262,-3.625990,-2.680264,-2.549871,0.299223,3.491856,-5.344717,-6.836174,-2.142874,0
1.022535,6.797155,0.361708,2.318609,7.320421,5.250978,1.043934,-7.186657,4.278620,-0.369192,4.074783,7.742502,-3.612705,4.860518,3.289171,-1.694397,1.607960,-4.039955,-1.228912,-3.626406,-0.246405,4.167681,2.435661,-6.127358,10.011366,-2.264986,9.333523,9.396620,8.970007,2.024147,4.953751,-8.890158,1
-4.244751,-0.279764,7.150076,-6.924839,1.734325,0.060678,-1.836924,1.088667,4.414871,0.811939,-3.505726,-2.134998,-1.844286,-10.097598,-1.084354,0.138586,10.590509,-5.094120,3.317192,-1.293203,-2.771790,3.425514,-2.821739,-10.492019,3.341272,-0.645058,10.562429,7.334812,1.376451,-4.747026,6.560741,2.957670,0
0.872911,4.557432,3.024031,2.677505,-2.027849,-2.562050,-1.854000,-0.852591,-1.458080,0.224026,1.517159,-1.236286,2.444233,2.243320,-6.203675,2.752380,5.919861,-1.816832,0.135750,-1.939581,0.529869,4.717646,-1.165102,0.228542,-4.685488,-3.265465,6.182882,3.785257,3.037252,2.013672,-1.844395,7.909462,1
-5.531113,3.416227,-4.406597,-7.938266,-2.584211,-7.505022,0.547421,4.347364,3.871895,-4.642187,-2.793516,-0.394970,6.007673,6.713991,1.367327,-0.033394,-4.712502,-8.992254,1.001307,-8.736237,-1.511059,1.633810,0.006466,-6.710649,7.016987,-7.863544,1.127176,0.770004,-5.174503,3.797546,-3.743544,-3.542250,0
2.005342,-5.860435,2.978024,-0.394484,-2.819265,6.891834,2.099977,-5.719986,2.796568,3.804741,-4.049662,-0.516117,2.341026,-2.858700,3.439760,0.991213,5.631050,1.747986,-1.166904,-7.612462,-1.908501,-5.633375,-0.231533,2.308491,0.414921,0.109343,-2.244318,7.186272,7.884445,2.549374,4.353518,-3.623423,1
1.237144,6.822329,3.173588,-7.922560,-7.575148,-4.017471,-12.350151,-6.525364,1.311935,-4.059019,0.994335,-4.691225,-0.818024,-4.165474,3.743008,-0.508009,2.603136,3.016743,0.872250,4.166574,-1.383717,2.913155,0.879002,2.066870,-2.867304,-0.367542,-0.950157,5.703333,7.469776,-1.019804,-7.920626,2.976339,0
2.305838,0.299206,-5.547468,4.123159,0.678617,7.139677,-2.039433,2.273647,-0.088633,-4.666603,-1.786623,7.193090,-0.382921,-3.025621,1.173426,7.603607,-2.639870,1.181145,2.570141,-0.567755,4.610352,-0.559475,5.167213,-3.027126,2.872210,4.400198,-0.898623,8.273491,2.553110,-12.853948,-4.762987,3.591871,1
6.175318,-2.867538,-6.371120,0.767744,4.150953,-2.068611,5.692017,-4.307262,1.122400,-2.901220,-1.074194,7.911301,4.309801,-5.350945,2.734978,-1.945705,-3.430378,5.020048,0.581362,-4.807503,-5.856127,-2.495422,-0.431856,-7.976536,-4.581123,-10.485298,5.090469,-0.180061,2.293406,-2.758202,-0.768469,-6.775906,0
2.194998,4.759293,1.512875,1.022154,-2.780073,-2.820595,6.079836,2.876350,-0.602991,-9.247094,-1.071234,5.198683,0.439735,-0.657730,1.998127,4.865690,3.674168,0.533749,0.053995,-3.071222,0.188965,3.644732,3.520365,-1.364050,4.702858,4.898834,2.740431,0.056595,1.066566,-0.006430,-0.003780,0.912579,1
-7.144950,-0.929897,-1.808722,6.824289,2.969259,0.257168,-1.750628,-1.725870,-6.011457,-0.782616,0.825960,-2.212526,-1.521397,5.292606,3.763983,-0.080009,5.724674,1.821014,-3.475286,5.089815,1.934963,-7.459702,-1.693832,0.682436,-1.469473,-1.647753,10.812952,2.299961,-2.127851,1.542261,4.515772,-1.149624,0
2.912828,1.991417,2.820385,-1.172718,0.511307,-3.174999,7.101646,2.356348,3.476118,-4.710575,6.036158,5.331255,-6.415154,-3.073053,1.279650,1.692394,-3.545324,-2.478764,3.874189,6.201925,4.842663,-4.716951,-5.362123,-4.510254,5.356533,-2.139297,-0.661036,4.349493,7.700085,-5.316924,5.979021,-5.290882,1
0.119736,-3.128147,-6.078512,-7.990116,7.365910,-4.395144,-5.988560,4.276464,-3.271757,-8.193792,-0.102697,2.454617,-1.410429,-1.392784,-2.938728,-1.828724,-0.719519,-6.411716,1.119566,12.235369,-2.141710,-0.506302,2.692595,-6.515823,-0.166285,0.826859,7.480276,-0.440039,-2.672907,0.033112,-5.227251,-12.370482,0
-1.682419,7.438560,2.222721,1.784748,7.050280,1.714176,1.892664,6.368029,0.598055,2.238291,-5.346810,0.650227,5.879660,1.855717,-6.159506,-4.596926,-5.108550,-6.997246,3.720299,2.502865,-0.793324,0.367006,5.553885,1.956293,1.982807,5.747934,6.146713,6.083450,-2.441025,-1.583584,-1.470211,-2.421257,1
-1.747116,-6.014746,-7.475084,0.636934,-2.005976,-6.612186,-4.977911,-4.412764,-7.660318,3.400351,9.639193,-2.926947,-0.084351,2.946281,-0.986059,-0.559156,-2.010244,1.602695,11.400434,-5.914349,-4.737604,0.794973,-3.296980,-0.646835,-2.047726,-3.351067,0.601164,-1.692692,-0.432230,-0.021118,12.409140,-3.754213,0
-3.394144,-6.831176,-4.065277,2.809559,-2.970175,2.949970,5.730474,-4.427282,-7.242856,-4.279253,-4.798143,5.001854,-0.367737,-4.990711,2.665150,-0.131136,8.041664,4.777887,-2.754869,4.685118,1.718241,-8.407763,0.346741,4.455881,2.326431,1.174171,-3.134920,-1.334890,-3.924816,1.261681,6.909567,-1.472178,1
-3.044138,-4.638788,6.090069,-2.958681,1.200235,-3.031471,-0.820190,-4.350868,-1.082495,1.254164,-0.153143,-4.313057,2.369360,-5.825445,-5.568396,-4.289724,5.981153,-0.338940,-2.700905,-3.799883,3.460463,-0.804649,3.296730,1.590090,-1.913012,3.515139,-4.636204,-6.927048,-3.767757,8.889067,-1.950754,-2.126110,0
-2.855185,3.743160,0.930340,-2.578260,9.450981,8.205143,7.408249,-4.944374,-0.294477,2.230833,2.100103,4.992737,3.285461,3.415998,7.283121,1.676464,3.668982,9.715286,7.890909,1.911373,-1.818125,4.687651,2.695330,-1.506599,9.245457,-7.229076,5.780624,2.515003,0.758778,3.367683,0.252361,-4.308750,1
0.870544,2.486702,5.226799,4.174229,1.276367,-0.477161,0.490389,0.900652,-2.888393,7.037233,-0.528000,-2.203993,5.777250,2.053400,-12.615434,3.492197,0.819750,-3.663448,-5.238020,2.643473,-2.212107,-2.397152,-5.023567,-5.870178,-3.520193,-0.364260,2.733181,-2.538048,-4.514763,-6.809679,-5.703112,-6.134857,0
1.221111,-5.314183,-0.339520,-7.912522,4.506321,4.986292,4.596359,5.012428,3.478466,2.869596,0.657534,4.182453,-2.761858,-0.065910,5.061543,6.213890,4.113600,4.107187,4.166058,6.137478,0.693111,4.594341,0.746935,-4.410948,5.796202,-10.358987,9.164993,-4.547283,9.721169,-0.328703,-15.695417,2.077328,1
-10.581575,-1.154297,-0.236616,-0.713152,-3.724203,0.254930,-1.843088,-1.737463,-1.803644,3.953390,-1.916349,-5.227091,1.423355,-6.254755,-6.833351,5.182390,-4.838118,-3.344038,-2.649498,-2.007853,-3.889490,-3.657778,-4.169561,-5.800810,-3.366858,3.262011,-0.606197,-2.740145,-0.410341,-5.947256,-1.107275,1.528730,0
2.465225,-0.922270,0.250675,-5.270521,-1.761190,1.003174,-0.503494,-1.819660,-4.180210,-1.127409,4.987911,5.727030,-0.790937,-12.035951,6.366291,1.682858,-1.375666,4.810070,-0.489361,0.993700,2.248634,-0.505215,1.149939,3.596010,4.146896,-0.820351,0.381845,2.440483,12.219027,1.574383,8.020472,5.075201,1
2.756727,-2.340721,-4.840738,-0.486801,2.124262,-7.772595,-0.373371,0.697380,-5.695942,3.830877,2.886086,-0.550137,-2.839426,-3.994579,-0.983274,10.309958,-2.082165,-1.641161,1.823513,-8.155453,2.988958,-3.636679,-5.473753,0.777620,0.055079,-7.910149,1.729485,4.563564,2.234329,-2.596035,-5.491356,-3.509823,0
9.622643,-3.809330,2.701941,12.149698,2.731462,-0.650906,-5.824829,-6.341615,-4.639681,6.142904,-1.159000,-1.554201,1.972818,6.089165,1.759563,7.909472,6.180313,-3.962971,-5.338078,4.083248,4.300962,-2.716805,-2.041124,4.360010,-4.133484,4.639425,-1.966869,7.691410,1.019218,0.701490,-1.914549,-6.186233,1
-6.172182,-2.870493,5.923822,-1.087727,4.150551,-2.151844,8.758999,-3.165995,5.041334,-1.499018,-6.072021,2.132788,-3.801855,-1.494953,-6.834435,-2.794514,-5.636497,9.733549,-5.062155,-4.075760,-6.613750,1.245075,1.155447,0.056086,-0.380676,-4.216312,4.081564,3.381763,0.741144,-5.007603,-5.691076,3.124784,0
-5.091638,5.863190,9.577921,-8.411845,-3.812870,3.052668,-5.983922,0.555559,-6.867534,2.737909,2.962038,-0.742050,7.568012,-1.505171,-5.238068,1.369907,-1.870922,0.230801,4.661520,-2.093939,5.521971,1.709562,3.980127,5.466078,6.294683,0.641981,4.805433,4.177372,4.023249,-3.198805,-0.629831,7.091164,1
2.597296,0.821894,-9.262480,-0.648127,-4.827415,-2.407047,4.358978,-1.124723,-2.994293,-3.770632,0.052288,-7.207638,3.902937,-1.588568,-2.853291,-1.116581,-3.762686,3.952240,4.697729,-0.529568,3.149462,-1.902086,-5.008259,2.243591,5.176455,-6.281536,-8.983822,-0.340906,0.138397,-10.471573,0.098093,0.177191,0
-0.976686,3.442041,3.226271,6.208822,11.982588,4.733442,-2.569002,0.194160,-2.909149,1.636265,9.284435,1.307331,-2.179384,1.285528,-5.381804,-1.361893,8.185659,-1.467007,-10.876369,-8.628318,0.977135,-0.487335,-3.661798,-1.109404,16.756376,2.675591,-0.314222,-4.784777,-1.785707,-8.778676,-0.525396,5.930000,1
7.081003,2.659952,3.459957,-6.953365,-7.433094,-4.526621,7.775738,-3.564201,9.385019,-3.308516,-2.740133,2.301191,1.739834,-0.075693,-1.701792,-4.571377,1.650377,1.465794,-2.679174,-0.668699,1.101349,-6.410786,0.529705,1.112539,-4.349945,-4.900917,5.564785,-3.999275,-2.272156,0.911985,-3.164143,-2.183403,0
-4.617506,-3.054592,-4.637077,-7.322983,-0.959198,2.393881,-0.704340,-0.329416,1.685196,2.219065,2.103830,-0.073370,-4.396610,-6.019815,0.955029,-1.503160,0.063847,0.688032,2.709696,0.700916,0.108261,-1.702696,-0.820826,5.918003,-8.123533,4.659529,1.061455,-2.567368,2.575729,-4.473442,-6.060046,0.010298,1
2.277632,-6.285698,-5.656248,2.985641,-1.759029,5.674669,-0.948368,-1.677397,4.388479,1.871109,-2.833986,1.517431,-7.085657,-3.534868,-3.211380,9.775694,-5.305281,-1.351179,2.228910,-2.211327,-4.549505,5.194557,-1.687012,-1.020908,4.689293,-2.106020,-3.973043,-1.764164,-10.194836,-4.668133,-5.432604,5.455450,0
3.669857,6.237856,3.147041,4.293095,1.721777,-0.101215,0.928869,5.759655,-0.814941,-1.587191,-2.430756,6.475544,4.392065,-0.807714,-4.818216,2.064051,-5.319908,3.859360,1.900240,-2.449877,0.360748,-8.913831,2.548029,0.954453,-4.834949,-4.521009,6.386736,1.765036,-1.063017,0.173811,-0.890926,5.689985,1
2.525644,-1.233734,5.087738,7.120136,3.024136,3.649944,-2.770180,-2.887289,3.573334,-4.080544,-6.622488,0.542774,-2.517506,-0.445831,-5.158220,-1.460358,-1.880157,6.733967,8.432690,-2.596619,-0.017859,7.841478,0.915203,-4.634007,-5.524071,-4.181242,-4.150179,4.717152,-6.129784,2.271688,8.962366,6.202059,0
3.495638,1.689573,1.115963,6.248428,2.105993,2.211626,-2.629141,-1.365120,-7.028967,-0.888638,-6.357810,1.900534,7.807640,1.552732,5.453690,11.357016,3.964157,-5.581155,-1.968998,2.481804,7.094065,2.193922,-0.463287,11.822351,-0.220131,-5.320891,2.245108,-3.804443,7.982437,0.506653,6.203579,4.524282,1
1.206047,-0.824949,-6.594099,3.837677,3.914354,1.528692,-1.979069,-1.254696,-0.196877,-9.982028,-6.847786,-5.263102,-13.330942,7.010178,5.910040,6.977489,5.251404,-7.876891,7.520821,-1.871481,-6.568977,-0.110985,0.525951,9.112703,3.703688,-1.780338,-6.252625,3.045771,-2.528732,-2.303350,-5.766430,1.663826,0
-5.182133,1.540800,-2.158072,-3.378336,-2.123878,0.839109,3.896505,3.917900,1.354414,2.493895,-0.983503,5.708212,-0.300934,4.637585,2.755642,-4.414104,2.985556,4.662937,1.086948,4.586985,-0.625750,1.594040,9.362720,-0.565399,0.152077,4.653526,3.373329,-10.837345,-3.707212,1.992527,-3.397190,-0.290205,1
-4.631212,-4.541086,-0.617098,-0.712950,3.824739,-0.210274,0.400742,1.784847,3.091728,4.819609,-0.206715,1.283600,2.210812,2.448673,0.443678,-0.323681,4.034994,0.161711,1.239204,-11.483002,-5.639460,-3.060266,3.845293,0.056438,-3.504782,-3.643408,3.125425,-6.752117,1.792971,-4.648933,-0.858992,2.056190,0
0.166222,-4.067266,0.321531,3.311920,4.611099,-2.483477,4.466890,1.701742,-10.081596,6.982327,10.521132,-2.208763,-1.814917,-1.362814,8.987249,-3.907675,-1.341055,6.367268,2.758980,-5.408122,-5.630490,4.023340,-11.696774,6.443172,-9.383051,4.503614,-1.933306,-0.484955,-0.497316,2.557293,-4.959936,4.656803,1
-9.973866,0.979361,-2.466873,-3.003668,2.270210,-2.207584,-3.124140,-0.727356,-0.938610,-7.953300,-1.074223,1.440268,-3.448158,0.665230,-2.539635,-0.072508,2.542971,-1.845413,-3.906939,-4.595667,-4.524773,-2.127512,-2.109880,2.264826,-0.165182,2.967819,-2.452278,2.859148,2.295200,-6.250080,11.495871,2.757811,0
10.969263,-1.743341,-1.244080,-1.537106,2.292091,3.246891,1.591860,0.817133,3.117186,-8.105302,2.362663,3.520439,-3.832932,-2.324833,-2.561605,-0.890312,-3.437767,4.183737,-2.347345,0.286505,-5.499069,9.038296,9.614033,0.514460,1.654188,-0.610479,6.094055,-2.869303,11.246771,-4.182549,3.640804,0.316322,1
0.202158,1.066587,-5.939329,-3.542040,-3.984560,-9.449611,-6.058212,1.441010,-0.222910,0.069237,3.106678,0.142096,5.325480,-3.717630,-0.417097,0.030628,-7.971738,-2.634783,2.481853,-7.482502,2.197744,-7.043991,-3.793238,0.973185,-3.178854,1.627039,-0.967123,-4.046583,1.737671,1.290907,0.395994,0.175135,0
-4.187057,-1.092741,2.376522,3.805531,1.516956,-2.121574,1.636141,1.814173,-2.224247,7.317991,-2.248882,4.882961,1.900187,-3.436110,5.353918,-4.451477,10.006203,0.497917,8.111000,1.012774,6.169167,-1.086784,1.075478,-1.896048,8.456978,-5.679547,1.998816,-10.291943,1.154968,4.329395,-0.676237,0.016333,1
2.947908,-2.581829,-5.049616,-1.995270,-9.848903,-4.724823,4.217648,-7.832128,-4.879635,-3.268436,0.276854,1.944202,-0.896084,-11.063973,-1.378689,0.020765,2.062527,-6.047882,-7.108674,-2.755739,-3.210751,-3.775166,-3.356737,-9.640727,-2.824755,-3.887135,-6.207504,-3.902290,-4.920183,0.958624,-5.590446,-7.771070,0
5.972649,3.260885,2.955721,1.310781,2.768505,3.836321,-4.266260,2.168283,-3.340862,-3.470623,3.777470,0.774368,-3.963810,-0.743767,-1.491512,10.189846,0.659773,8.022812,-2.267441,1.894863,0.198412,-4.430128,-6.425407,1.116371,1.119501,0.809782,6.994951,-0.123493,0.521835,-4.352348,-1.566051,5.283474,1
-6.498756,-6.355370,-1.890873,-2.595470,-4.784990,-0.831139,0.828245,7.703724,-7.483121,-7.500185,11.502985,-5.411640,-2.410219,-2.338408,2.028309,4.439215,-2.922787,0.534613,-9.359957,9.836332,-4.444679,0.853447,-3.401638,3.015514,-4.580437,-2.715397,0.054113,0.954277,-6.552210,-0.233030,-2.173851,2.000807,0
8.633699,-0.068106,2.592634,-0.350218,4.825129,10.596363,-0.596357,-3.436977,8.944088,0.793192,1.241871,-4.954853,-6.751274,9.099802,5.823532,-1.428495,1.123695,-0.295280,7.454433,-3.039684,-2.112947,-5.147049,-8.636373,6.175133,-2.214333,5.570179,3.218004,-1.079905,-0.161457,-2.341867,-4.415482,3.874870,1
-5.229733,-1.166571,0.542160,0.401089,-3.393749,2.528866,0.833981,-8.463020,-3.905891,-3.609722,-3.723816,3.333590,-5.315403,2.189875,-9.874508,-0.019255,-2.623596,5.474743,-7.117892,-5.566982,-1.148937,-0.883724,-6.976686,-7.462772,-4.951788,2.149303,2.771053,6.574501,0.727743,-2.759243,-1.757973,-10.105352,0
-0.761400,3.466486,2.024117,-2.280640,-0.848873,-1.383753,-12.761703,3.397020,-2.133423,-0.540785,4.287222,-1.610212,9.427879,6.062681,-5.032423,4.334848,0.952654,-1.273832,-0.474535,3.061169,-3.671286,-7.041939,2.470432,-4.093102,3.047758,-7.825187,-3.899496,4.476994,-1.772697,-3.411341,4.125931,1.341496,1
1.629042,-0.259117,-4.826696,-6.655117,-5.364876,3.596649,1.949511,-1.282007,3.125338,-3.910637,-1.876236,-2.298885,-2.793461,3.149805,1.054819,-2.281187,7.131802,-3.630552,-8.658544,0.014734,-2.267836,-2.750505,-3.714527,0.021561,-2.493179,3.939890,-0.914528,-0.653820,-8.097951,-0.792013,-9.674305,0.373262,0
-0.224213,-1.275511,-1.761965,-4.300297,-5.964492,3.848827,-2.237553,-1.249710,-0.250109,1.996010,3.547068,6.411058,0.667965,-2.537882,-6.719052,1.008751,2.692833,-4.501181,1.255047,-6.229032,1.584986,-5.694444,2.842445,4.134705,6.612936,3.768190,6.722876,-7.675047,1.239386,-0.200171,1.531969,6.677713,1
2.596497,1.161264,-1.350569,-7.220075,-4.091656,-1.564709,-3.952761,14.471342,-0.436863,4.232735,3.866325,1.165340,-5.130939,-6.738140,-3.449188,-4.776577,-0.895296,-2.405197,1.114975,1.895287,4.697271,2.698933,-1.843718,-0.975906,-1.754946,7.127460,-2.775812,-7.195630,9.599310,-3.627350,-2.674974,0.762909,0
1.834558,2.887426,-2.662317,1.571753,5.085226,5.435591,-1.980721,-3.763716,0.166473,4.247961,-1.404015,2.351099,8.239277,5.790842,7.318039,2.131998,4.606874,0.669901,3.534935,-0.396452,1.161322,6.551929,-0.444834,-3.339827,1.847719,-1.272413,1.236216,4.311907,2.758900,3.353407,4.516785,1.339479,1
8.249037,7.576471,-2.476473,1.408571,-3.518991,0.389862,0.502424,-2.546612,-2.260654,-0.177507,-3.749487,6.030785,0.472162,-3.820358,-2.400991,-3.898426,1.273169,2.142300,4.049942,-0.091513,0.913361,-0.750605,-7.302317,7.513948,2.888479,9.083982,-0.984398,-1.857286,1.907726,0.686083,-6.610271,2.740574,0
-0.261251,8.825603,-0.521404,-0.451471,1.431980,10.001879,-1.907152,0.866367,2.242378,-0.588940,7.083656,-5.454129,0.494312,4.884987,-5.728561,10.282101,5.691793,6.753181,-4.763407,0.162037,5.083578,-1.578808,3.271965,1.007320,4.078247,6.960026,7.884602,8.940414,1.139307,-7.970930,-1.319668,-2.111792,1
-3.866594,-2.552223,-7.226302,-11.263206,-3.060125,-2.351778,3.200611,-8.143925,-2.947172,1.933256,7.924627,0.623327,-6.921942,-6.640379,7.964733,-3.386639,-8.662661,-5.030077,-3.584303,-1.963789,-6.051582,-2.666479,-3.165113,1.537285,0.953043,0.475676,9.404322,-0.930017,-0.648176,-6.641115,-7.151431,-2.461288,0
5.096115,6.838173,-4.263283,-6.339827,-7.016252,-0.145588,3.509598,2.198420,-1.347429,4.971516,1.883488,-4.347338,2.271599,1.713932,2.142139,0.510900,1.749193,-2.612270,-3.427046,5.915482,2.647696,-6.075970,-3.556564,-2.720989,0.076128,-0.752884,-2.876793,3.300730,4.047585,-1.571131,-2.155758,2.398954,1
-5.035192,-0.288868,-7.168698,9.335196,-10.069139,2.226368,-6.825874,2.242722,7.772211,11.489649,-2.214178,-1.141752,-7.581430,-1.893841,-3.253805,5.950281,0.468420,2.028389,1.082783,3.895061,2.792944,-4.679094,8.236668,-4.424755,0.761316,-15.284801,-4.076780,0.287748,6.332811,1.629232,-0.640224,-3.682123,0
-4.463270,-0.560593,-5.957187,-0.407574,2.466055,-0.271791,10.124962,-2.521217,4.034525,-2.903641,-2.683441,-1.734701,-5.501940,3.657087,-8.266060,0.434507,-3.089863,-2.955315,4.784395,-1.895977,1.238277,-2.213717,-1.237366,-4.100988,7.449081,-7.735144,1.790442,5.639853,4.075356,7.079370,0.239756,5.019279,1
-1.508301,0.040827,-8.927466,1.847324,7.868240,0.467693,2.087807,-3.171267,-10.305223,-2.693262,3.390057,-3.428473,-1.055614,-10.307610,0.757544,-2.092505,2.542332,5.826216,-1.741564,0.280369,-2.928524,4.181152,-0.348104,-1.582272,-4.398733,-3.446505,-3.854616,-4.027700,2.877586,3.992950,-0.331795,2.308533,0
9.883240,-2.334860,6.435450,3.773348,8.555466,4.293085,0.241302,-5.189278,7.849052,-0.537548,5.417603,7.454412,-6.325848,-5.653956,1.705065,0.154253,-3.701385,3.572145,4.811050,6.723389,6.742102,4.742577,3.585436,0.859068,-4.887978,5.656878,-2.896999,-9.203305,1.820295,1.706055,1.149668,5.072664,1
-6.137077,3.660213,-9.016153,-2.621290,-1.013294,-3.118547,1.778191,-4.684362,7.916868,-1.307007,-3.842855,-4.839315,3.035965,0.275301,-10.863766,2.149584,-6.022783,-1.263569,0.375965,5.473370,1.657650,-8.919770,-4.509279,1.088680,-1.651920,-4.245373,-1.894714,-1.187893,-2.619440,-5.032108,-0.070467,-0.656506,0
3.214064,1.578827,-0.387917,7.083359,-1.905685,2.310902,1.402491,1.454269,0.723879,6.514647,-3.891846,2.408871,5.140501,-2.679171,2.766415,0.401381,-0.560875,2.659822,3.933283,-8.191131,5.996914,2.321619,10.702030,-2.722635,2.897362,4.356215,-1.797119,-3.952375,2.061522,-4.276703,8.166821,2.951084,1
3.462893,-8.498032,0.912127,3.007761,0.296238,-6.933094,-2.331047,-10.814590,-0.192415,5.242147,-0.657133,4.257811,-0.948160,1.880190,-3.327366,-3.489897,5.132647,2.345654,-3.867840,-2.530268,3.148718,4.283997,3.318161,0.744036,5.252991,-8.453084,-0.027252,-5.102415,0.115530,4.913950,6.107958,0.760172,0
-0.877712,1.347301,-7.638653,3.076658,6.563606,-4.000109,4.167507,-10.792918,-3.279242,0.633505,5.971401,-5.729435,4.964123,2.723953,-11.503917,2.917181,0.138704,14.506678,1.909927,0.819687,-3.827425,-3.711870,0.132263,-2.591936,-3.219374,-3.324783,1.104355,-6.873401,-4.278030,4.517525,-1.358202,-1.140862,1
-6.021542,-2.239286,-2.377996,-3.359787,2.821880,1.677568,-9.059520,0.997351,-1.752274,1.432686,5.309700,5.153137,1.055401,-3.589788,-5.117142,2.255253,6.528008,6.539209,1.361992,-9.209537,-1.438553,-6.428429,-7.211468,-0.534109,1.017229,-9.374400,1.361593,0.104582,1.668564,-1.673265,-6.380682,-1.386639,0
-0.749025,3.300207,-0.515911,0.484865,-1.321960,-5.681500,-0.475004,3.990545,3.824558,0.536976,-4.704767,4.012560,-0.793858,-4.667665,5.619333,4.841105,2.584921,4.875452,4.943048,-3.192465,-1.814251,5.037806,2.411390,3.865877,5.151430,-8.834142,-0.789993,-4.226233,4.512341,-4.632238,1.840368,-5.672812,1
-1.162045,-3.907583,-2.275995,-6.970716,14.132051,3.139933,-1.644859,-5.777168,4.131794,0.053503,-6.332575,-4.136143,-2.998669,6.428493,1.547302,-4.541548,1.015453,-0.372585,-7.872610,0.413937,-1.477394,-6.748720,-0.455334,0.159267,-3.676853,0.773117,0.275806,-2.615072,0.721481,-8.335601,-1.328930,0.179232,0
-1.105766,-5.202976,-0.544670,-0.012690,3.245441,9.710594,2.736284,-8.967860,-0.990580,-3.306896,-6.974000,-2.715755,1.973948,-2.376333,4.502779,-0.090027,-0.647074,-1.461535,-2.027378,6.068954,-6.758249,-0.731453,0.854681,-4.831026,-0.636593,5.972277,-2.991653,3.628153,3.213964,5.482008,-2.950737,0.464861,1
0.295574,-1.311676,-2.853136,-9.897564,-5.330221,-10.287450,0.888338,-8.107798,-10.545776,0.420603,6.977028,-0.517750,-7.015863,-1.637783,2.111492,-1.137337,1.933432,-1.602783,-4.076736,-8.708979,-3.188257,-3.061167,-3.231159,2.386423,1.439173,-1.413662,0.525749,-4.309963,-8.802792,-4.179504,3.166620,-5.174463,0
-0.125753,4.064009,2.625015,0.406099,-1.317762,-1.302216,-1.290363,0.615585,5.825943,-0.328028,0.806854,-0.910547,3.360180,-6.432968,0.044676,-0.224117,0.203463,-3.170372,3.898096,5.970293,2.024445,0.346489,-2.659843,0.665220,3.995518,-0.713966,-2.489311,2.256536,0.676815,-5.350915,-3.836948,0.652494,1
5.126593,-7.572750,-5.031467,1.658937,-3.160852,-5.196999,-7.852269,-1.688896,-0.519245,-0.102777,5.171009,-2.309664,0.827271,-1.136816,-7.768757,-1.110319,-8.311256,3.828463,-9.316661,2.333401,1.515827,-4.825205,0.874815,-3.480740,3.036100,3.639721,1.802755,1.952259,-2.521994,-1.862013,-2.221235,5.984449,0
-2.831776,1.963968,-6.729159,0.024492,0.954908,-0.996336,-1.311913,7.807232,0.690851,4.222370,-2.524937,-2.349871,-2.235481,4.384121,2.332834,-5.845624,-8.040318,-0.157669,-1.368862,0.642832,3.888680,-1.923590,6.638010,-7.119950,-1.953175,3.430979,4.917969,10.293039,2.144558,-3.199417,3.590672,-9.923024,1
-5.493641,2.148043,-5.427944,-3.890875,1.271301,-8.328510,0.811453,-3.020596,0.031567,0.770418,0.849926,-6.315296,-1.688463,-6.258175,3.887575,3.413074,-2.979836,4.944277,-2.581059,1.763123,7.977215,0.962461,-0.411222,-7.059240,4.520496,-1.379993,1.801994,-4.326286,0.363340,2.637833,3.044367,-7.922964,0
-3.452843,-0.477364,4.133699,-1.441624,-2.494139,-3.244511,6.943907,-4.391424,-0.430403,4.438686,-8.722247,3.331429,2.938229,4.387304,-0.437029,1.439007,7.270832,4.232924,1.201464,-1.755272,3.288975,-5.773638,2.564295,4.691420,4.228788,-7.358438,-4.264923,0.573648,1.609594,-0.911268,2.039093,0.610310,1
5.385889,1.471348,-4.542303,1.849314,2.609573,8.273241,-0.505260,-0.860613,1.853209,1.789743,-1.541880,-0.837486,-5.264597,-1.409361,1.677513,2.565556,-0.200699,3.928123,-10.304823,-2.463860,-3.016338,1.005138,-1.403227,-4.122538,-0.991323,-0.346178,-3.449141,-5.674107,-3.020935,-3.452471,2.888079,10.287268,0
2.224415,5.059805,-1.035151,-0.551132,6.518192,7.682671,6.393526,-0.879177,-3.641542,-4.460701,8.233681,-3.326742,2.399733,1.946016,-5.591867,5.698019,-1.221731,-4.638039,-7.004313,10.066097,-1.502001,0.525467,0.905928,5.331842,-0.721100,4.054714,-0.106575,1.485544,6.069422,-1.155575,-5.475196,-2.024137,1
