2.701154,-0.969912,0
-0.737085,-0.996386,1
0.825276,1.217452,0
0.062620,1.439796,1
-0.135411,-0.737592,0
-0.966313,-1.195302,1
0.034443,-0.254524,0
-0.751779,-0.156557,1
0.530773,0.530823,0
-0.104191,-0.385088,1
1.150971,0.826259,0
-0.281317,-0.684131,1
1.176340,0.425828,0
-0.479483,0.848799,1
0.759233,1.341223,0
-2.141078,-1.636435,1
0.545661,2.136340,0
-1.013241,0.485778,1
1.207333,-1.476023,0
-1.573499,0.582185,1
0.028547,0.389176,0
-1.395151,-0.349297,1
1.404540,-0.357493,0
0.196696,0.175891,1
1.456314,-0.539837,0
0.051480,-0.276433,1
0.171606,-0.353659,0
-0.697559,0.566224,1
1.195145,0.025043,0
-1.425574,-0.038130,1
1.564880,-0.481811,0
-1.297045,0.033902,1
1.095634,0.427810,0
-0.256392,0.722132,1
1.354429,-0.920323,0
-0.878361,-0.448850,1
0.269446,0.259459,0
-2.546125,0.756136,1
2.340762,0.029461,0
-1.238559,-1.581314,1
1.134664,0.540488,0
0.210467,-0.551758,1
-0.290552,0.067816,0
-0.570535,0.578289,1
0.314068,0.207054,0
1.077668,-0.384583,1
0.146010,0.766591,0
-1.806931,0.074080,1
1.054625,-0.181237,0
-1.936409,0.616683,1
2.000983,1.431247,0
-1.103580,1.619668,1
-0.683988,-0.732882,0
-1.811487,0.536441,1
1.725741,-0.201019,0
-1.248096,0.785681,1
0.326642,-1.132586,0
-0.951983,0.442222,1
1.318228,0.327321,0
0.209213,0.942201,1
0.975884,0.297347,0
-2.450983,0.077706,1
0.741887,0.092620,0
-2.747355,-1.080664,1
-0.460877,-0.351338,0
-1.579777,0.638954,1
0.688308,0.176196,0
-1.342474,0.635633,1
1.764061,-0.469579,0
-1.267091,0.186777,1
0.964021,0.538782,0
-1.154177,-0.000614,1
1.782467,-0.014052,0
-0.737165,0.424361,1
-0.193706,0.361820,0
-1.265516,1.086366,1
0.987531,0.367142,0
-0.251190,0.584214,1
1.335346,-0.197629,0
-1.103888,0.415709,1
0.886531,0.229760,0
-1.796839,0.639574,1
1.047399,-0.631243,0
-1.520218,-0.003110,1
0.726938,0.462593,0
0.407110,-1.123975,1
-0.438058,-0.682048,0
-1.250735,0.838125,1
1.272481,-0.673547,0
-0.361220,1.034937,1
1.850480,-0.172931,0
-0.463951,1.307648,1
0.836753,-1.119799,0
-1.667083,0.308188,1
0.783628,-0.570936,0
-1.454360,-1.139893,1
1.064674,-1.750669,0
-0.701717,-0.772246,1
2.330799,0.733983,0
-0.074399,0.718476,1
1.349275,-0.585952,0
-0.081758,0.747844,1
1.439527,1.500336,0
0.032596,0.213547,1
1.099865,-0.827587,0
-1.729437,0.078358,1
2.366084,0.445403,0
-0.710656,-1.029319,1
0.402226,-1.598732,0
-1.602048,0.176608,1
1.275479,0.688362,0
-1.548743,0.311219,1
-0.020828,-0.324956,0
-0.873169,-0.660901,1
1.144224,-0.614929,0
0.224329,-0.410603,1
0.145538,-0.859688,0
-1.381966,0.562950,1
2.040198,0.403221,0
-1.666531,-1.333263,1
0.632350,-0.554006,0
-1.803740,0.025695,1
-0.359058,1.154638,0
-0.545039,-0.266476,1
0.582144,0.555699,0
-2.204548,0.113661,1
1.451087,-0.287011,0
-1.697463,-0.137974,1
0.741849,-0.761340,0
0.280180,0.019259,1
0.499249,0.899076,0
-1.007936,0.224601,1
2.739358,0.597488,0
-0.892939,0.172899,1
1.176081,0.531671,0
-0.480688,1.608021,1
1.792983,-1.582980,0
-0.931856,0.207017,1
2.010697,0.817455,0
-0.578300,0.911857,1
-0.010696,0.086334,0
-1.193934,-1.519192,1
-0.807844,0.020861,0
-1.972692,-0.438539,1
0.400002,0.309908,0
-1.913731,0.589998,1
1.059760,0.218296,0
-2.931955,-0.068042,1
1.928710,0.205298,0
-0.036510,-0.636006,1
0.493469,-0.674397,0
0.199859,-0.048669,1
0.824183,0.495178,0
-0.189017,0.772275,1
1.343309,-0.824405,0
-0.697102,0.813213,1
3.078990,-1.856430,0
0.006660,-0.354745,1
-0.066923,-0.471655,0
-0.645920,-0.222221,1
0.524025,1.388448,0
-0.724402,0.244043,1
-0.346006,-1.774781,0
-1.721987,1.212235,1
1.427882,0.348009,0
0.022363,-0.037209,1
0.931043,0.966833,0
-1.588792,0.752536,1
1.296912,-0.216180,0
-1.924089,-0.248925,1
1.870640,-1.086301,0
-0.649866,-0.984338,1
0.986557,0.768373,0
-0.440868,-1.073778,1
1.617734,1.018249,0
-0.194284,1.102916,1
-0.778578,-0.433239,0
-0.997609,0.447852,1
0.377979,-1.072344,0
-2.000518,1.017039,1
1.359810,1.240570,0
-0.298778,0.979898,1
0.425019,0.317917,0
-0.636314,-0.840267,1
0.941340,-0.730048,0
-0.856560,0.736249,1
-0.258124,0.229423,0
-1.226678,0.470252,1
-0.918494,-1.215370,0
-0.476429,1.126634,1
0.992067,-0.692837,0
-3.100880,-0.273778,1
1.812971,-0.589048,0
-0.690829,-0.896304,1
1.253147,0.502454,0
-1.402488,0.182046,1
0.305078,-0.565672,0
-0.811315,-1.121392,1
0.494492,-0.059845,0
-1.387157,-0.522000,1
1.440471,0.840980,0
-0.901515,1.002512,1
0.359866,0.182456,0
-2.467963,1.031866,1
2.062330,-1.579747,0
-0.756789,0.183430,1
1.077766,0.547619,0
-1.831054,0.766724,1
-0.292023,-0.150200,0
-1.600169,-0.481484,1
1.405903,-0.764142,0
-1.380797,-0.044609,1
1.472196,-0.657959,0
0.157710,-0.614649,1
1.439976,0.687789,0
-0.499423,-0.073125,1
1.834074,0.111659,0
-0.849815,1.517755,1
0.461818,1.052794,0
-0.719216,1.040287,1
0.991465,0.420917,0
-0.711497,0.883451,1
1.430788,-0.880959,0
-0.326013,-0.175344,1
1.700368,0.887175,0
-1.210653,0.742308,1
0.016299,-0.389000,0
0.684613,0.992083,1
0.815859,-1.009984,0
-0.633853,0.047447,1
2.354845,-0.413864,0
-0.860559,-0.371127,1
0.109465,-0.014539,0
-1.085615,-0.251796,1
0.918627,0.147708,0
-1.839767,-1.978102,1
1.061771,1.559397,0
0.688490,0.380613,1
0.672453,1.364624,0
-0.787639,-1.408613,1
1.816349,-0.017415,0
0.105796,0.030406,1
1.042277,0.367935,0
1.326066,-0.969916,1
0.935343,-0.129208,0
-1.587969,-1.611058,1
1.418473,-0.281027,0
-1.549424,0.073440,1
0.781662,0.342106,0
-1.875780,-0.240056,1
