1.040768,-0.550073,0.271604,-0.534831,-0.483755,0
-0.596649,0.280513,-0.523385,0.741140,0.690608,1
1.776989,-0.112839,-0.915183,0.159858,0.483876,0
-1.078334,0.057431,0.199977,0.431730,0.184278,1
1.032455,0.236864,-0.336193,0.015074,-0.174593,0
-1.178250,0.462678,0.774741,0.096078,-0.233801,1
1.000515,0.235727,0.275253,-0.095159,0.586293,0
-1.046958,0.389294,-0.100946,0.975076,0.894430,1
0.663094,0.492870,0.363208,-0.712398,-0.436343,0
-0.334521,-0.076114,-0.177873,-0.435687,-0.145092,1
0.666186,-0.037880,0.841565,-0.386384,-0.106795,0
-1.241613,0.372402,-0.107397,-0.952351,-0.116162,1
0.892213,0.855084,0.121475,0.400746,0.467491,0
-0.761301,0.460558,0.483000,-0.267713,-0.043681,1
1.271910,-0.923581,0.012177,-0.295551,-0.023656,0
-1.088558,0.252816,-0.016505,0.486383,-0.110893,1
1.312400,-0.247574,1.017352,-0.040380,0.672509,0
-0.515579,1.057485,-0.041465,-0.401428,-0.252537,1
0.791267,0.095873,-0.185472,0.248065,0.006383,0
-1.044508,-0.378153,-0.584493,-0.543748,0.606849,1
1.512962,0.651336,0.849684,0.007417,0.033728,0
-0.914098,-0.005095,-0.265846,0.415403,-0.337270,1
0.973134,0.635019,0.468607,0.324435,-0.600475,0
-1.220997,-0.004764,0.259754,0.391858,0.475224,1
0.897929,-0.614981,0.966146,0.603507,-0.117648,0
-0.902684,0.167913,-0.614008,0.027432,-0.877899,1
0.827231,0.060974,0.511779,-0.725134,-0.296794,0
-0.492022,-0.852873,0.485877,0.558845,-0.038707,1
0.171833,0.155786,-0.181430,0.138793,-0.091527,0
-0.682327,0.902747,0.283431,-0.077346,-0.448361,1
0.613635,0.414779,-0.124958,0.216633,-0.090801,0
-0.846902,-0.123320,0.946289,0.060892,0.632743,1
1.240951,0.017727,0.807969,-0.141118,0.193011,0
0.194712,-0.225263,-0.132506,-0.167125,0.232230,1
0.763732,0.377277,-0.208531,-0.616460,1.121006,0
-1.145470,-0.458274,-0.343714,-1.023589,0.047882,1
0.557784,-0.461743,-0.101871,0.112924,-0.265027,0
-1.041998,0.715921,0.073580,-0.360426,0.377377,1
0.467298,-0.753154,-1.020888,0.689286,1.010814,0
-0.449892,-0.837770,0.327692,-0.460162,0.158328,1
0.820313,0.696306,0.213402,0.200708,0.017807,0
-1.617525,0.553137,-0.054727,0.279577,-0.083581,1
1.160324,0.160754,0.867917,-0.233041,-0.243289,0
-1.494515,-0.239764,0.050003,-0.031370,0.899786,1
0.910385,-0.658904,0.145958,-0.163059,0.251120,0
-1.830219,0.016074,0.263646,-0.002686,0.807166,1
1.708416,-0.667201,0.934706,0.287180,-0.102171,0
-1.056283,0.583047,0.326484,-0.492669,0.151033,1
0.488081,-0.439203,0.126625,0.604575,0.423825,0
-0.223806,0.409088,0.871084,-0.401402,0.303769,1
0.261968,-0.207888,-0.439464,0.804598,-0.342009,0
-1.116189,0.104222,-0.265469,-0.122276,0.010319,1
1.943383,-0.950128,0.388345,0.291157,-0.710365,0
-0.483595,-0.940276,0.162351,0.425815,-0.407803,1
0.873627,-0.199192,0.018397,-0.957361,-0.674090,0
-0.597099,-1.225377,-0.118415,-0.738788,1.272788,1
1.885841,0.075768,-0.404623,-0.295224,0.852683,0
-2.141151,0.442004,0.826225,0.862930,-0.592097,1
1.362856,0.360128,0.126495,-0.183308,0.229143,0
-1.581368,-0.184029,-0.790171,0.366447,0.753583,1
0.578412,0.628807,0.093359,-0.405868,-0.089354,0
-0.734237,0.364033,-0.463409,-0.637335,0.019020,1
0.613884,-0.855600,0.376828,-0.012415,0.316511,0
-0.466947,-0.382929,0.457961,0.171454,0.023013,1
1.691052,-0.101109,-0.803403,-0.144698,0.428566,0
-1.077123,-0.499189,-0.951398,-0.055094,-0.154082,1
1.329422,0.128163,0.356037,0.610224,0.071834,0
-1.492424,-0.083909,0.574167,-0.573528,0.299166,1
1.017361,-0.357033,-0.375966,0.119357,-0.139045,0
-1.165178,-0.795950,-0.184289,0.072834,0.416785,1
1.766960,0.033206,0.565340,0.245529,-0.108446,0
-1.424724,0.056264,-0.160061,-0.586449,0.133798,1
0.485510,0.046246,-0.578151,0.863783,0.315034,0
-0.323631,-0.102273,-0.810759,-0.547413,0.108013,1
2.192599,0.347912,0.012614,-0.399356,-0.655439,0
0.000779,0.291963,-0.094526,-0.117537,-0.951992,1
1.278913,-0.844859,-0.719482,0.035190,-0.115899,0
-0.911860,-0.204622,-0.089734,0.301786,-0.210035,1
0.160789,0.183222,0.154586,-0.051230,0.434052,0
-1.069436,0.143571,-0.086537,-0.063625,0.006945,1
0.505338,-0.042826,0.020062,0.502987,0.783399,0
-0.376193,0.039119,0.588615,0.795774,-0.043760,1
1.220233,0.113729,-0.471407,-0.010619,0.649019,0
-1.270895,-0.022048,0.551975,-0.335212,0.060405,1
0.840617,0.316114,-0.739365,0.488744,0.319344,0
-0.951980,-0.649417,0.454372,-0.406422,-0.465109,1
1.698502,-0.172993,-0.133986,0.092074,0.175699,0
-0.458115,-0.052840,1.037225,-0.598474,0.403679,1
1.325933,-0.245966,0.393032,-0.847032,0.851051,0
-0.756248,-0.764739,-0.607970,-0.006548,-0.917293,1
0.888427,-0.845735,0.253036,-0.057004,-0.028719,0
-0.682139,-0.379148,-0.209299,1.201940,-0.519460,1
0.808148,0.235280,0.584246,-1.139301,-0.436328,0
-1.473889,-0.166590,-0.101812,0.573848,0.187769,1
1.674342,0.299717,0.410886,-0.510923,0.172419,0
-1.123621,0.714349,-0.277815,0.107235,-0.039209,1
0.199644,0.091003,0.341639,-0.025536,-0.373865,0
-1.309191,-0.288227,-0.003942,0.280074,-0.213395,1
1.112851,0.429005,-0.515328,-0.388611,0.544042,0
-0.529352,-0.036290,-0.113684,0.045530,0.302417,1
1.359267,0.494293,0.461519,-0.087316,-0.612613,0
-2.066971,0.184932,-0.176102,0.100905,0.480605,1
0.987591,-0.117248,-0.222645,-0.394649,0.193102,0
-0.987968,-0.379452,0.265353,0.394382,0.277189,1
0.970917,-0.125541,0.355951,0.643679,-0.471505,0
-0.652209,-0.394585,-0.171838,-0.888026,-0.313055,1
1.035698,0.200722,-0.038736,-0.920986,-0.566470,0
-1.739959,-0.431040,0.315430,-0.041792,0.077014,1
0.908586,0.152572,0.501697,-0.392911,-0.826776,0
-0.863848,0.484903,0.024672,0.816439,-0.145631,1
1.009086,-0.369776,0.804780,-0.267313,-0.362901,0
-1.349797,-0.667994,-0.112775,-0.076914,-0.361823,1
1.529394,-0.567622,0.470388,-0.377031,-0.697669,0
-1.773066,0.554312,-0.749744,-0.878535,0.051197,1
1.632906,-0.299887,0.837117,-0.112432,0.281748,0
-1.774887,-0.805258,-0.280798,-0.186149,0.236902,1
0.177742,0.543466,-0.135386,-0.190795,0.626809,0
-1.139598,-0.455257,0.495291,0.168123,-0.425801,1
1.910713,-0.486151,0.063622,-0.588929,-0.193254,0
-1.706515,0.446099,0.121227,0.147588,-0.350021,1
1.510629,-0.080836,0.749853,0.136794,0.250144,0
-0.808220,0.234027,-0.252811,0.189282,-0.336100,1
0.625100,0.043686,0.594196,-0.160946,-0.072911,0
-0.273401,-0.026072,0.939884,-0.142524,0.305470,1
1.060852,-0.104851,0.257942,-0.063529,0.800474,0
-1.696750,-0.479998,-0.171635,-0.240510,0.181572,1
0.253782,0.114203,0.192045,0.484560,-1.012477,0
-1.374083,-0.265717,-0.068494,-0.170553,-0.217722,1
1.165520,-0.132766,0.370149,0.688374,0.317801,0
-0.517570,0.425737,-0.720746,-0.253740,-1.291095,1
0.709168,0.089551,-0.425439,-0.030200,-0.244587,0
-1.444225,-0.786089,0.141422,0.640953,0.304363,1
0.975569,-0.402261,0.191195,-0.360846,-0.436360,0
-1.683067,-0.127306,-0.532430,0.544225,0.777179,1
0.894546,-0.185749,-0.051801,-0.065032,-0.519119,0
-0.590320,-1.404458,-0.330101,-0.281193,0.705667,1
0.988618,0.333628,0.323983,-0.090387,-0.121043,0
-1.350901,-0.164256,-0.630605,0.376253,-0.273214,1
1.363370,0.325234,0.351413,-0.041147,-0.031983,0
0.169573,-0.555496,-0.517018,-0.053518,0.972165,1
0.673994,0.484159,-0.727211,0.272029,-0.062444,0
-0.895014,0.059485,0.032232,-0.268016,-0.386305,1
0.865230,-0.309356,-0.219952,-0.620639,0.426870,0
-0.487884,1.048306,0.359649,0.476040,0.095710,1
0.574450,0.752832,-0.339267,-0.000741,0.685750,0
-1.292785,-0.374098,0.407666,-0.310899,0.906853,1
0.982800,-0.708999,-0.855999,-0.613428,0.988627,0
-1.725201,-0.663353,0.599186,-0.085140,0.716430,1
1.033182,0.457560,0.310535,-1.089869,0.116853,0
-0.620185,0.109989,-0.136307,0.273451,0.062236,1
0.466334,0.211392,-0.631353,0.407576,-0.591069,0
-0.775706,-0.366311,0.879678,0.411196,0.140610,1
0.929240,0.065349,0.602191,0.420932,0.168044,0
-0.844439,-0.622509,-0.064266,0.039681,0.413981,1
1.549154,0.633820,0.302725,0.627295,-0.679508,0
-0.161727,0.940306,-0.466190,0.275310,0.808971,1
1.303545,-0.233917,0.729541,-1.089740,-0.569054,0
-0.091975,0.054822,-0.069922,0.216937,0.870515,1
1.746932,-1.308273,0.069357,-0.340280,-0.145116,0
-0.740921,-0.670619,-0.100228,0.251203,-0.141594,1
0.637245,-0.045705,-0.185989,0.843962,-0.078567,0
-0.727945,-0.318447,-0.262495,0.081016,0.517500,1
0.920236,-0.120657,0.417394,-0.086351,-0.959611,0
-1.530658,-0.693856,0.963833,0.024632,0.390290,1
0.694083,-0.001162,0.477553,0.120547,-0.067697,0
-0.874947,-0.165789,-0.220384,0.183302,0.658327,1
0.724674,1.253986,0.291333,-0.000388,-0.711516,0
-0.478782,0.825738,0.345458,0.409858,0.030356,1
1.346675,-0.319839,-0.948654,-0.335662,1.095380,0
0.354770,-0.031240,-0.780998,0.073751,0.071415,1
1.772337,0.228068,-1.231384,-0.950536,-0.123132,0
-1.329336,-0.297063,-0.547802,-1.143109,0.986403,1
0.220964,-0.682652,-0.178846,0.020276,0.934274,0
-1.050330,-0.427373,0.047154,0.582086,0.480983,1
1.422147,-0.200497,0.014982,0.131903,0.870452,0
-0.522747,0.867093,0.701477,-0.263288,0.908912,1
1.395030,0.081011,-0.854140,-0.350973,0.395050,0
-1.584994,0.053141,-0.303360,-0.545505,0.214821,1
1.317796,0.202578,0.406804,0.634315,-0.247141,0
-0.664827,-0.092396,0.270593,-0.047995,0.480432,1
1.965098,-0.336707,-0.048986,-0.105563,0.043822,0
-0.845163,-0.190808,0.693923,-0.240979,0.841659,1
1.797919,-0.070575,-0.008385,-0.171174,-0.671199,0
-0.519316,-0.356339,1.004923,0.072515,0.651927,1
1.043579,0.218809,0.508408,-0.219028,0.085377,0
-1.124803,0.306714,0.017871,0.423732,0.098357,1
-0.417846,0.191004,0.481723,-0.299279,0.548391,0
-1.370581,0.321525,0.498332,-0.217561,0.336759,1
0.863231,-0.047049,-0.646097,-0.622300,0.559428,0
-2.257766,-0.860559,0.288979,-0.525749,0.066165,1
0.412362,0.747382,0.139705,-0.181275,-0.684713,0
-0.953134,0.139561,0.811944,-0.089220,1.041448,1
0.352108,0.756382,0.174425,-0.055449,-0.119709,0
-0.718702,0.435628,0.022436,-0.009089,0.912572,1
0.465375,-0.491733,0.422685,-0.678102,-0.177949,0
-1.110299,0.419600,-1.110570,-0.301556,-0.335234,1
1.107322,0.371143,0.209958,0.367454,1.163616,0
-1.186612,0.625168,-1.104037,-0.989686,0.200146,1
0.730096,0.328528,-0.071949,0.116168,0.199499,0
-0.980329,-0.413914,-0.588485,-0.120287,0.057222,1
0.474360,0.544464,0.537893,0.606605,-0.473010,0
-0.914309,0.153846,-0.259045,-1.180724,-0.342056,1
1.300999,0.645330,0.273311,-0.440491,-0.513549,0
-1.009375,0.615366,0.626152,-0.876806,-0.013393,1
1.315852,-0.308086,0.759189,0.168759,-0.534886,0
-1.373001,-0.146610,0.499395,0.214875,-0.274066,1
0.708597,-0.063140,-0.640202,-0.364689,0.856316,0
-1.469766,-0.081913,0.439409,-0.173349,0.004363,1
1.212163,0.532105,-0.579101,-0.101605,0.405466,0
-0.937757,-0.111233,0.167411,-0.518681,0.060842,1
2.339039,-0.150584,0.290763,0.349096,0.342028,0
-1.273354,-0.615361,0.049802,0.635734,-0.715307,1
0.570930,0.013597,-0.180076,0.200409,-0.048977,0
-1.307955,0.067186,-0.014927,0.248653,0.764911,1
0.288802,-0.009515,-0.468462,0.108449,-0.575850,0
-0.266757,-0.097298,-0.138380,-0.094971,0.199134,1
0.845037,0.094500,-0.880569,-1.110525,-0.066157,0
-0.745549,-0.383290,-0.731619,0.079979,-0.128021,1
0.951021,-0.437141,-0.065874,-0.454957,-0.470670,0
-0.936544,0.112309,0.001073,-0.011825,0.777958,1
1.177056,0.197655,0.581458,0.091501,0.391630,0
-0.037169,-0.021240,-0.723488,-0.046858,-0.114390,1
1.429470,-0.153314,-0.075966,0.279075,-0.920856,0
-0.919419,-0.065696,-0.487392,-0.173938,-0.149206,1
0.628508,0.023184,0.520484,-0.711720,0.436406,0
-0.114681,-0.507413,-0.505002,-0.066396,-0.035826,1
1.311271,-0.253908,-0.492579,-0.603225,-0.101482,0
-0.768561,-0.637326,-0.307454,-0.285547,-0.620213,1
0.640808,-0.109348,0.120791,-0.092685,0.432639,0
-0.746853,0.203134,0.524461,-0.172574,-0.511935,1
1.185922,-0.278529,-0.434575,-0.199297,-0.344348,0
-0.449773,-0.302679,-0.010876,0.177987,0.348547,1
0.441015,-0.797560,0.195127,-0.580376,-0.080558,0
-0.797086,0.191119,-0.347807,0.297113,0.969491,1
1.521940,-0.155303,-0.055907,-0.146352,0.398841,0
-0.705951,0.150383,-0.234576,0.239796,-0.786121,1
1.142896,-0.180578,0.287810,0.030388,-0.456409,0
-1.174181,-0.905419,0.477434,0.338106,-0.015356,1
1.238617,-0.235130,-0.920754,0.780501,0.584184,0
-0.907521,0.304620,-0.011260,0.376590,-0.069407,1
0.929990,0.261260,-0.551733,-0.035193,-0.035184,0
-0.822916,-0.208952,1.058261,-0.486449,-0.061181,1
0.819015,0.057318,0.540197,-0.035149,0.508903,0
-0.450891,0.581474,-0.259079,-0.333570,0.139463,1
1.240135,-0.523877,-0.215708,-0.428353,0.125331,0
-0.651280,0.548838,-0.830596,0.719682,0.255487,1
0.602616,-0.133648,1.166477,0.357313,-0.356087,0
-2.079368,-0.811496,0.409093,0.207366,0.562752,1
1.348679,0.046580,0.776007,-0.155345,0.473813,0
-1.306824,-0.189376,-0.259718,-0.052332,-0.965841,1
