0.464144,-0.754527,-0.198351,0.068554,-0.199067,0
-0.665558,-0.082744,-0.021163,0.515802,-0.876138,1
2.093173,-0.999736,-0.328409,0.620109,-0.948351,0
-0.797636,0.042093,1.203653,0.248968,0.320977,1
1.459652,0.397040,0.435854,-0.190857,0.334085,0
-0.703356,-0.209434,0.694796,0.191589,0.434127,1
1.305918,1.332689,0.237908,0.105140,-0.311531,0
-0.596505,-0.697290,0.331499,0.253772,0.400519,1
1.699606,-0.319839,-1.437854,-0.251730,0.124952,0
-1.135370,-0.235071,-0.677801,-0.448037,0.546925,1
1.192702,0.580035,0.107457,-0.908070,1.033468,0
-1.124388,-0.075177,0.569581,1.326439,0.186430,1
1.285114,-0.080594,-0.514001,0.794417,0.442821,0
-0.793348,0.376768,0.496673,-0.218375,-0.031243,1
1.301350,-0.305438,0.471831,-0.094973,-0.002000,0
-1.074887,-0.152789,1.086651,-0.313739,-0.374034,1
1.309007,-0.756688,-0.463112,-0.136298,0.022526,0
-0.879647,-0.667994,0.024367,-0.332296,0.628835,1
0.959212,0.290516,-0.248590,-0.592477,-0.140384,0
0.088840,0.296005,-0.210491,-0.431747,-0.437059,1
1.446254,-0.085164,-1.351783,-0.538414,-0.215941,0
-1.769810,0.650846,0.351317,0.412112,0.833709,1
0.613422,0.045947,0.000709,0.683259,0.172167,0
-0.714492,0.025333,0.137608,0.028680,0.280452,1
0.901331,0.133016,0.003320,-0.351097,0.582849,0
-1.121926,0.394561,-0.243243,0.801988,0.418024,1
0.676072,0.511853,-0.557644,-0.557233,-0.691753,0
-0.160869,0.489594,0.207798,-0.268324,0.294154,1
0.413627,-0.546160,0.504457,-0.534056,0.630644,0
-1.155495,-0.794276,-0.060688,-1.022213,1.414543,1
1.807966,0.345041,0.032727,-0.412508,0.370351,0
0.114832,-0.154545,-0.307562,-0.742215,-0.643901,1
0.454830,-0.029465,0.249685,0.678049,0.031952,0
-1.035330,-0.363873,-0.867062,-0.592507,-0.111582,1
1.162912,-0.690031,-0.422179,-0.565440,0.074004,0
-0.720999,0.070596,0.255340,0.408020,-1.587882,1
1.567828,-0.430229,-0.051154,0.342815,0.398437,0
-0.504307,-0.519447,-0.376491,-0.347113,0.004056,1
0.748843,-0.141078,0.679025,-0.352814,-1.002181,0
0.013200,-0.505240,0.572462,0.683839,0.070431,1
1.275857,-0.668346,0.426714,0.345751,-0.001014,0
-2.235962,0.362752,0.337741,-0.734941,0.280566,1
2.020619,0.235217,0.733390,0.678971,0.332710,0
-1.014880,-0.756023,0.303916,-0.085797,-0.187182,1
1.505486,-0.474638,-0.388407,0.393302,-0.194006,0
-0.810699,-0.780485,-0.109995,-0.314106,0.473727,1
0.486572,0.923260,-1.088480,-0.553141,0.023170,0
-1.489295,-0.900362,1.104555,-0.571690,0.369296,1
0.277994,-0.754316,0.041977,0.479130,0.295749,0
-1.319422,0.275970,0.584277,-1.184670,-0.373013,1
1.503180,-0.383562,-0.197429,0.717833,0.301811,0
-0.159447,-0.092015,0.194697,-1.421022,-0.132708,1
0.664564,0.416394,0.557679,0.550241,-0.740137,0
-0.898461,-0.355760,0.118373,0.149374,-0.081483,1
0.414483,-0.786320,-0.079116,0.107677,0.073220,0
-1.351933,-0.406407,0.219667,0.209486,0.266807,1
1.312578,-0.495276,0.480689,-0.649872,0.271479,0
-1.455487,-0.010056,0.065741,-0.208747,0.230937,1
1.709242,-1.011658,-0.103375,-0.114069,0.887383,0
-1.159949,0.446924,-0.143445,-0.149309,0.294972,1
0.668010,0.407331,-0.089121,0.425844,-0.306517,0
-0.636136,-1.538534,-0.032300,-0.007932,0.276952,1
1.587641,-0.038347,0.848800,-0.001241,0.349400,0
-0.983911,0.168097,-0.422318,-0.610237,-0.653975,1
0.930825,0.395880,0.141668,0.708368,-0.089961,0
-1.228869,1.029572,-0.120971,0.065478,-0.661771,1
1.002037,-0.718486,0.018224,0.216249,0.216105,0
-1.368134,0.183906,0.419152,0.573295,-0.612394,1
1.350931,0.214114,-0.514858,-0.524025,-0.346853,0
-0.833047,0.051896,-0.282153,-0.420204,0.328490,1
0.933786,0.518050,0.865433,0.312784,-0.492606,0
-1.058852,-0.173217,0.041629,-1.158654,-0.964207,1
0.610410,-0.035802,0.201569,-0.598304,-0.808247,0
-0.330715,0.431723,-0.378707,0.193100,-0.326922,1
1.437634,0.279007,-0.825539,0.645713,0.233689,0
-0.919770,-0.807764,0.861548,0.308321,-0.130390,1
0.543528,-0.131971,0.017106,-0.371264,1.064759,0
-0.210131,0.205413,0.672737,0.296642,-0.492489,1
1.927085,-0.261556,-0.730625,0.266811,0.199826,0
-1.808322,-0.066630,-0.309682,0.237225,-0.171341,1
0.730312,0.325720,0.202436,-0.487850,0.571129,0
-0.778800,0.531372,-0.446182,-0.650938,-0.315451,1
1.470309,0.305134,-0.126730,-0.556661,0.795541,0
-0.483500,-0.077486,0.185989,-0.608540,0.215898,1
1.222342,-0.728038,-0.980265,0.809314,-0.293723,0
-1.561622,0.009779,0.051028,-0.657628,-0.652328,1
0.296789,-0.080054,-0.606153,0.240678,0.003047,0
-0.437021,-0.715808,-0.426312,0.039182,0.658426,1
0.827003,-0.478781,-0.152371,0.735652,-0.146980,0
-0.993721,-0.163224,0.312741,-0.116638,0.769196,1
0.379773,-0.535737,-0.689499,0.070593,0.386463,0
-1.364087,0.134473,-0.117391,-1.440140,0.121023,1
0.744324,-0.719607,-0.183783,0.232237,0.556169,0
-0.525777,-0.049277,0.527533,-0.050804,-0.502451,1
1.541654,-0.232507,-0.207378,0.410832,0.554669,0
-1.088659,0.891482,0.188063,-0.033699,0.339001,1
0.617911,0.033653,1.129637,-0.005534,-0.492451,0
-1.113976,0.648721,-0.197284,1.051164,-0.191938,1
0.933472,-0.624840,-0.562392,0.353784,0.800654,0
-1.126589,0.057885,0.182151,-0.479949,-0.773332,1
1.481057,-0.119385,-0.432415,0.521965,-0.087422,0
-0.519346,1.741767,-0.026366,0.141083,-0.682666,1
0.857938,-0.314575,-1.069856,-0.101127,-0.339547,0
-0.343655,0.342308,1.094597,-0.550979,-0.809199,1
0.755613,0.296483,0.458614,-0.826149,-0.074718,0
-0.825419,-0.047965,-0.059406,-1.315847,0.193768,1
0.723488,0.005333,-0.013235,-0.128576,-0.293652,0
-0.772317,-0.324991,0.756924,0.782633,0.484948,1
1.283420,0.983209,-0.318366,0.311168,-0.138195,0
-1.147045,-0.462012,0.107679,-0.041707,0.183287,1
2.010483,0.110862,0.640446,-1.136883,-0.623697,0
-0.234251,-0.179342,0.552730,0.001483,-0.268914,1
1.941985,-0.361447,-0.033673,-1.091578,0.041217,0
-0.190795,0.071089,0.465760,0.027385,0.042860,1
1.697424,0.121719,-0.287149,-1.199119,0.395081,0
-0.868487,-0.371340,0.095044,0.780239,-0.435167,1
0.844363,-0.292883,-0.540914,0.099441,0.803928,0
-1.148319,-0.489654,-0.660091,-0.243801,0.608458,1
1.027972,0.007335,-0.699794,0.557834,-0.167043,0
-0.237907,-0.142246,0.425382,-0.221498,-0.215971,1
1.229709,-0.290755,0.004756,-0.758059,-0.016382,0
-2.103258,0.073380,-0.384085,0.395698,-0.059690,1
0.632730,0.454959,0.719285,-0.080070,-0.643164,0
-1.273380,-0.110073,-0.085511,0.355926,0.123242,1
-0.025055,0.126318,-0.093239,-0.047832,0.074088,0
-0.283608,0.397316,-0.149836,-1.293028,-0.688296,1
2.033649,-0.069524,-0.210974,0.697100,0.685132,0
-0.123811,0.559420,-0.077256,0.364831,0.271397,1
0.883741,0.462844,0.549064,-1.034651,0.024371,0
-0.672883,-0.191268,-0.103529,0.312896,0.520430,1
0.671478,-1.066389,-0.096893,-1.176490,0.511727,0
-0.420888,-0.614661,0.898211,-0.383067,0.269342,1
1.181785,0.304980,0.412644,0.028468,-0.061200,0
0.090069,0.415770,-0.385668,-0.295251,-0.145030,1
0.593027,0.330362,-0.489104,-0.564118,0.057638,0
-1.934650,0.220912,0.578633,0.987071,-0.285948,1
1.851617,-0.416229,0.130003,-0.524526,0.541761,0
-1.075672,0.600050,-0.255049,0.843250,-0.326181,1
0.795159,0.574584,0.279801,0.168269,-0.021008,0
-0.052247,0.249760,-0.316249,-0.541803,-0.065777,1
1.054864,0.201868,0.029818,-0.616732,-0.674259,0
-1.160615,-0.215356,0.100040,0.025867,0.235058,1
0.500838,-0.364137,0.299797,1.037149,-0.029167,0
-0.098736,-0.023429,0.095668,0.228889,-0.306701,1
1.628672,-0.073716,0.467235,-0.975092,-0.687620,0
-1.120480,-0.290092,0.043019,0.345471,-0.388165,1
0.753407,-1.152126,-0.292631,0.258742,-0.586641,0
-2.246578,-0.368798,-0.537917,0.120283,0.097156,1
1.483932,0.682588,0.199802,-0.311039,-0.170084,0
-0.970792,0.081350,-0.105588,-0.103728,0.428927,1
0.644359,-0.093590,0.846416,0.094957,0.088335,0
-0.961827,-0.487582,-0.389370,-0.753966,-1.085889,1
0.591035,0.410942,0.037572,0.675490,-0.037119,0
-1.251678,-0.076299,-0.936318,0.462807,0.042482,1
1.231022,0.436282,-0.279516,0.568919,0.157633,0
-1.134514,0.551965,0.744453,0.393195,0.413750,1
2.063655,0.305883,0.502534,0.200036,0.040935,0
-1.436588,0.438356,0.394481,0.630898,0.362010,1
0.013385,0.119661,-0.407138,-0.250295,0.582288,0
-1.496221,-0.418025,-0.104420,0.632759,-0.300404,1
0.751857,-0.148628,0.291322,0.429645,-0.448077,0
-0.967521,-0.461254,-0.262042,0.051953,0.343019,1
1.557535,0.481543,-0.576457,-0.387331,0.500806,0
-0.914351,-0.210171,-0.464324,1.482742,0.330941,1
1.508772,0.100930,0.806197,-0.288706,-0.384007,0
-1.508298,0.705173,-0.342866,-0.383766,-0.063904,1
1.771013,0.236623,0.660738,-0.825403,0.245916,0
-1.484785,0.219261,-0.404907,0.068758,-0.550191,1
1.094962,-0.857009,0.454856,0.767988,-0.185457,0
-0.622883,0.129849,0.875742,-0.389433,-0.308364,1
1.469419,0.089666,-0.507994,0.799642,-0.792504,0
-1.327669,-0.100073,0.005593,-0.080778,0.211873,1
0.774420,0.107331,0.321494,0.442025,-0.699457,0
-1.429117,0.480619,-0.258895,0.312306,-0.831099,1
1.019585,0.494898,0.485153,-0.543178,-0.591103,0
-0.648173,0.163615,0.359829,-0.122136,0.771048,1
0.279323,0.537180,-0.214653,0.694605,-0.076420,0
-0.238656,0.475874,0.738147,0.738451,-0.343712,1
0.473835,-0.497372,-0.398465,0.050196,-0.323282,0
-1.018683,0.685426,0.133271,-0.661435,-0.901564,1
1.575810,-0.107128,0.680402,0.624315,-0.173253,0
-0.706421,0.550003,0.198017,-0.939806,-0.383550,1
1.348653,0.528113,0.455488,0.426451,0.529326,0
-0.111079,-0.060834,-0.074741,0.208293,0.327898,1
0.429783,0.408339,0.290457,-0.225636,0.170581,0
-0.351829,0.079560,-0.293365,-0.518806,0.120033,1
0.614340,-0.320647,-0.340395,0.289217,0.621058,0
-1.636382,0.356918,-0.615702,0.134231,-0.254362,1
0.810967,0.741380,-0.647781,-0.175170,-0.437414,0
-0.361794,0.971726,0.455294,0.649282,-0.068363,1
0.826077,-0.444432,0.048636,-0.016934,-0.415068,0
-1.220929,-0.286865,-0.649376,0.791740,0.105620,1
1.194855,-0.285529,0.553136,-0.267881,-0.361083,0
-1.350364,-0.485133,0.204515,0.316006,-1.504230,1
0.905522,0.017629,-0.752763,0.187313,-0.601118,0
-0.886453,-0.899707,-0.593452,0.296476,0.214515,1
0.518340,-0.400002,-0.098222,-0.643245,0.125267,0
-1.886988,0.156400,0.057371,-0.265803,0.688847,1
1.475613,0.321898,-0.267637,0.625754,-0.123779,0
-1.646889,0.268558,0.393858,-0.296810,-0.278193,1
1.170629,-0.363681,0.593013,0.173555,-0.718997,0
-1.212139,0.319809,0.551158,1.416489,0.372742,1
0.831805,-0.455353,-0.149359,-0.073920,-0.067098,0
-0.347483,-0.609021,0.015162,0.373276,-0.213861,1
1.003170,-0.251405,0.138129,0.083071,0.348333,0
-1.009478,0.425820,0.015326,0.654237,-0.792959,1
1.626783,-0.259776,-0.404497,0.666075,-0.308598,0
-1.292932,0.454002,-0.252088,-0.690468,0.756563,1
0.838507,-0.384251,-0.175149,0.377166,0.268260,0
-1.644332,-0.131378,0.091626,0.502140,0.424741,1
0.335429,0.735622,-0.676246,-0.234303,-0.309067,0
-1.337726,0.466219,-0.397136,-0.091326,0.357088,1
0.504480,0.570339,-0.397396,0.317898,-0.586954,0
-1.568072,-0.308531,0.491621,-0.499685,-1.100583,1
1.820268,-0.736372,-0.505601,-0.148909,-0.357981,0
-0.429574,-0.088141,0.366355,1.017398,0.234921,1
0.837196,-0.018137,0.718020,-0.536005,0.122875,0
-1.320663,0.180542,-0.662199,0.002870,-0.184594,1
1.017058,-0.358389,-0.119559,-0.624919,-0.374497,0
-0.705783,-0.156420,-0.812176,-0.295761,0.491103,1
1.553024,-0.556861,-0.107445,0.072970,-0.146748,0
-1.084462,0.707548,0.052640,-0.150404,0.021092,1
1.168623,0.455019,-0.505559,0.367291,-0.060278,0
-1.094328,-0.744794,-0.557813,0.361949,-0.962563,1
0.586667,-0.117328,-0.109395,0.641967,1.314341,0
-1.256385,0.000533,0.184889,0.001831,0.677247,1
0.593673,0.094508,-1.090553,0.019734,-0.155204,0
-0.481169,0.506677,-0.035914,0.051613,-0.567808,1
0.904387,-0.030536,0.485754,-0.150414,0.378399,0
-1.098544,-0.248272,-0.149974,0.192869,-0.283393,1
1.329488,0.361126,-0.466197,-0.416378,1.286216,0
-0.483141,-0.223660,0.875786,0.172506,-0.022974,1
0.548746,-0.505129,-0.066246,-0.419626,-0.150490,0
-0.941115,-0.374184,0.225802,-0.239897,0.623151,1
1.979463,-0.598184,-0.683806,-0.279197,-0.408943,0
-1.191305,-0.750413,-0.167326,0.489485,-0.292551,1
1.637951,-0.163042,0.436146,0.000195,0.086605,0
-1.462946,0.428890,0.109292,-0.995559,0.430264,1
1.763766,0.188529,-0.163363,-1.328369,-0.601060,0
-0.845872,-0.490766,-0.151031,-0.615839,-0.342314,1
1.123796,-0.163431,0.275081,0.215034,0.516467,0
-0.860449,0.322577,-0.257121,-0.573418,0.036972,1
1.516673,0.661297,-0.085103,0.186667,-0.409323,0
-0.244978,-0.530983,0.196182,0.408581,-0.154866,1
1.933456,0.128387,-0.295186,-0.091667,0.235998,0
-0.365347,-0.489959,0.097217,0.005115,-0.143698,1
1.111852,-0.327568,0.303842,-0.004935,-0.625189,0
-0.343490,-0.169555,-0.037033,-0.399101,-0.581496,1
0.660717,0.096048,-0.508384,-1.108529,0.871641,0
-1.579282,-0.017508,0.039840,0.325486,-0.729251,1
