-0.556124,-1.225282,0
0.650392,2.666366,1
-1.548401,-1.144695,0
0.879186,0.468468,1
-0.374310,0.132294,0
1.309867,2.090806,1
-0.907675,-1.009388,0
0.693920,0.465810,1
-2.438426,-0.436550,0
3.502726,1.289974,1
-2.441672,-0.851896,0
0.090061,0.482378,1
-1.523407,-3.888668,0
0.482366,0.148662,1
-1.006032,-1.759449,0
1.686437,-0.806156,1
-1.437079,-1.694255,0
1.456152,2.350904,1
0.076787,0.365156,0
2.289940,0.843812,1
-1.496481,-0.863225,0
-0.237410,-0.052611,1
-1.321110,-1.000910,0
0.840685,-0.509323,1
-1.874830,-3.269646,0
0.766010,2.193596,1
-0.470002,-0.834021,0
1.094295,1.288356,1
1.584808,-0.167596,0
2.161402,0.718013,1
-1.881081,-0.569502,0
-0.030041,0.752638,1
-2.105716,-0.833109,0
3.227685,1.680481,1
1.338127,-2.963225,0
-1.970443,1.271117,1
0.011131,-0.816536,0
0.935055,0.475842,1
-2.176302,-2.429749,0
1.458318,-0.955167,1
-1.248302,-2.583025,0
0.486372,0.109753,1
-0.952940,-0.071729,0
-0.683947,0.513447,1
0.392498,-1.089511,0
2.414208,2.826141,1
-0.160318,-1.381275,0
1.902613,1.021497,1
-1.865144,-0.219982,0
3.024535,2.978753,1
-1.419036,-0.412485,0
2.038032,1.152917,1
-0.368140,0.807435,0
1.251770,1.521941,1
-2.471258,-1.952612,0
2.783398,3.012938,1
-0.364779,0.004719,0
1.038332,-0.041182,1
-0.190270,1.936754,0
-0.170125,-1.345770,1
-2.452620,-2.784856,0
1.397841,1.868512,1
0.718276,-0.151085,0
4.020744,0.331505,1
1.209794,0.431297,0
-0.099635,0.384989,1
-2.196432,-2.243479,0
0.103432,-0.202337,1
-1.960798,-1.237589,0
1.276386,0.603179,1
-0.111458,-2.054659,0
1.328933,0.227810,1
-1.926996,-1.914904,0
2.630438,0.436700,1
0.286951,-2.186454,0
1.475403,2.136062,1
-1.699595,-0.012038,0
-1.600321,0.382588,1
-0.203232,1.011049,0
-0.475525,-0.147837,1
-0.048610,-4.068869,0
1.136231,0.118299,1
-1.697974,-0.814062,0
0.831609,2.237114,1
-1.202699,-1.250288,0
0.429878,2.256157,1
-1.390454,-1.754490,0
1.633119,-1.837939,1
-1.950840,-1.985234,0
1.704047,2.327842,1
-0.318143,-1.403773,0
1.321817,-0.421947,1
-0.775566,-2.167488,0
0.595642,-0.601136,1
-1.317092,-1.879035,0
0.933421,1.198923,1
-2.013311,-0.651171,0
1.336411,1.299182,1
-1.677007,-0.122167,0
1.523903,0.501118,1
-1.287738,-1.672526,0
1.142503,1.471673,1
-0.801972,-1.593394,0
1.643365,0.456425,1
-2.331317,-0.516650,0
0.293690,0.840744,1
0.394105,-1.812244,0
1.087683,1.010583,1
0.319232,0.411822,0
0.985201,2.083246,1
-0.708684,1.409510,0
1.734896,1.253916,1
0.091296,-0.764978,0
1.437528,0.021690,1
-1.681649,0.633765,0
1.320304,0.230445,1
-1.513840,0.924650,0
2.733182,-0.116476,1
0.092268,-2.611722,0
1.869646,-1.176004,1
-0.584287,-1.798951,0
0.259461,-0.504038,1
-0.524032,0.240505,0
3.864839,1.864927,1
-0.537717,0.250604,0
1.257171,2.544512,1
-1.057825,-1.534442,0
2.322398,1.323514,1
-2.582748,-2.307147,0
2.548005,2.804087,1
-1.412961,-1.420438,0
0.336512,1.439888,1
-2.464469,-1.440906,0
0.976249,2.461495,1
-0.020634,0.461051,0
0.794359,-0.905510,1
-0.098684,0.120006,0
1.323765,2.622187,1
-0.831276,-2.066553,0
-0.752214,0.087633,1
0.631603,-1.984417,0
0.421687,-0.857135,1
-0.522471,-1.366081,0
1.634187,-0.283167,1
-1.297892,1.474463,0
2.343333,1.179767,1
-1.260026,0.597219,0
-0.355265,-0.855755,1
-0.986009,-1.969766,0
2.167191,0.468760,1
-1.718936,-1.083862,0
0.216403,-0.639083,1
-0.116014,-0.069506,0
1.375417,-0.175261,1
-1.827109,-0.254333,0
-1.125556,-0.627723,1
0.708257,-1.068276,0
0.844444,1.413427,1
1.102650,-1.258255,0
1.310373,-0.473885,1
-2.696974,-1.067240,0
0.073956,1.469793,1
-2.043505,-0.657711,0
1.418569,0.251712,1
-2.694088,-2.844769,0
1.882105,3.004219,1
-1.437677,-0.517428,0
1.096838,0.996156,1
0.688746,-1.269439,0
0.449252,1.289268,1
-1.844741,-0.527553,0
1.741583,-0.614520,1
-2.047993,-2.275448,0
0.500388,1.868403,1
0.029655,-0.770275,0
0.833880,0.188712,1
-1.280069,-2.724548,0
1.907698,0.838637,1
-1.176442,-1.701242,0
1.204523,-2.670102,1
-0.658463,-0.156950,0
1.924945,-0.731690,1
-2.027227,-2.659704,0
0.051114,-0.243056,1
1.432447,0.935668,0
1.575477,-0.244625,1
-0.015529,-1.181075,0
2.713694,-0.036927,1
-0.558992,-1.369209,0
-1.023767,1.668771,1
-0.828278,-1.305409,0
1.582043,1.304220,1
-0.969669,-0.567215,0
2.503673,3.380693,1
0.077710,-1.237216,0
2.688446,0.903724,1
-1.417537,-0.803594,0
0.495037,-0.094245,1
-0.163814,0.353452,0
-1.326481,0.211229,1
-1.889052,-1.299757,0
0.387522,0.362941,1
-1.251663,-0.428375,0
1.544074,1.832192,1
-1.388395,-1.758010,0
0.400174,1.340745,1
-0.410690,0.073307,0
1.562011,-0.216284,1
-1.002603,-0.571429,0
0.990860,-0.123628,1
-0.099793,-0.690637,0
1.388708,0.135014,1
-2.589893,-1.848383,0
1.421916,1.939877,1
-1.006059,-0.402834,0
0.657357,1.195646,1
-0.941168,0.959424,0
3.069623,1.617638,1
-1.274952,0.408025,0
1.299004,1.493508,1
-0.634010,-1.060595,0
0.560551,0.240382,1
-0.666670,-2.539077,0
1.196340,1.330171,1
-1.082820,-1.339140,0
2.418668,-2.564410,1
-2.322517,-0.414426,0
0.995064,-0.227103,1
-1.233634,-0.974590,0
0.030113,0.917070,1
-0.170957,0.206250,0
0.253284,1.496143,1
-2.725578,-0.128609,0
-0.005710,3.682379,1
-3.319728,-0.845858,0
1.190231,3.759422,1
-3.155538,-0.452514,0
1.662133,2.149934,1
-0.610928,-2.171922,0
2.026988,0.425155,1
-1.235478,-2.430224,0
2.150385,-0.263925,1
-1.821987,-0.091835,0
2.726270,2.626481,1
-0.297013,0.654153,0
2.197467,0.294552,1
-1.525926,-1.113822,0
2.216269,1.273372,1
-3.206426,-1.431245,0
-0.066378,2.335525,1
