Train, Validation, Test
0.113785,0.112932,0.103910
0.122865,0.140804,0.116720
0.157826,0.132635,0.146753
0.121314,0.141824,0.117091
0.189980,0.219977,0.184899
0.159511,0.134030,0.147328
0.122480,0.154656,0.119767
0.122068,0.137100,0.116673
0.115363,0.113074,0.110208
0.130264,0.143103,0.124026
0.119531,0.141306,0.114790
0.121918,0.143205,0.117073
0.124660,0.137575,0.117713
0.123981,0.140706,0.118240
0.196250,0.196983,0.186491
0.179119,0.172585,0.168191
0.137519,0.143447,0.128003
0.118650,0.173525,0.119518
0.109408,0.094094,0.107921
0.122245,0.138609,0.116183
