Train, Validation, Test
0.124779,0.135721,0.117652
0.124923,0.144552,0.117870
0.134507,0.115158,0.121590
0.125074,0.142868,0.118126
0.190398,0.225417,0.184444
0.147931,0.123289,0.135424
0.122284,0.149076,0.117940
0.125990,0.152687,0.120681
0.131087,0.143979,0.124745
0.126838,0.142942,0.118512
0.135602,0.164347,0.133118
0.139624,0.165421,0.133996
0.125899,0.128641,0.116596
0.124170,0.142547,0.118552
0.195702,0.196511,0.184656
0.133354,0.119343,0.120854
0.126376,0.136561,0.119536
0.134990,0.181717,0.135267
0.129147,0.114514,0.116247
0.124624,0.137247,0.117214
