Train, Validation, Test
0.048781,0.042561,0.048525
0.121939,0.137955,0.116089
0.165005,0.144932,0.155322
0.071691,0.100864,0.078678
0.190423,0.225635,0.184471
0.139549,0.117636,0.128421
0.104098,0.142170,0.102591
0.136009,0.135387,0.128331
0.088073,0.096617,0.095369
0.086670,0.083933,0.083071
0.079540,0.090554,0.081139
0.137009,0.156999,0.130707
0.124003,0.126624,0.116208
0.113483,0.131765,0.108897
0.197216,0.198118,0.184525
0.078096,0.078315,0.082882
0.087806,0.100146,0.086582
0.119877,0.167579,0.120804
0.048008,0.049624,0.050080
0.046369,0.056233,0.051476
