Train, Validation, Test
0.049122,0.038391,0.048541
0.122743,0.140973,0.116954
0.109852,0.112266,0.100879
0.063894,0.093285,0.068896
0.190395,0.218902,0.185594
0.127321,0.109783,0.115736
0.106049,0.146008,0.104322
0.122776,0.140592,0.118983
0.099680,0.116578,0.106270
0.088403,0.083654,0.088683
0.068471,0.074645,0.065191
0.122436,0.141149,0.117989
0.127271,0.121381,0.118008
0.108306,0.127642,0.101746
0.207700,0.208765,0.191739
0.067383,0.081684,0.070145
0.075142,0.083275,0.070896
0.114403,0.166914,0.115952
0.053134,0.051549,0.054003
0.045999,0.055991,0.051606
