Train, Validation, Test
0.053308,0.046145,0.054009
0.148539,0.169887,0.141678
0.110916,0.115290,0.102540
0.067518,0.095054,0.072074
0.192042,0.217645,0.187765
0.128362,0.110033,0.116832
0.106584,0.143424,0.104708
0.121801,0.139393,0.117950
0.074474,0.083015,0.078891
0.072240,0.067481,0.070986
0.068028,0.078670,0.068059
0.142565,0.161968,0.139915
0.138903,0.165865,0.136321
0.105383,0.124719,0.100048
0.198093,0.198759,0.189522
0.063630,0.074408,0.067965
0.072028,0.083659,0.071515
0.117896,0.168511,0.120352
0.047349,0.047373,0.048997
0.050417,0.056137,0.053406
