Train, Validation, Test
0.052124,0.046873,0.052729
0.121032,0.136727,0.116370
0.112432,0.118975,0.103211
0.060748,0.084296,0.064589
0.195011,0.217511,0.191300
0.136888,0.122155,0.125818
0.104505,0.149559,0.105642
0.121122,0.136489,0.116001
0.066175,0.084334,0.069804
0.081033,0.077175,0.080513
0.067269,0.081711,0.067439
0.125352,0.144333,0.120516
0.127038,0.144269,0.122425
0.104085,0.120714,0.098513
0.196547,0.197266,0.187057
0.052748,0.058770,0.058118
0.069074,0.080845,0.066982
0.121003,0.188533,0.124548
0.047844,0.048477,0.048620
0.047142,0.057904,0.053635
