Train, Validation, Test
0.129065,0.127885,0.121497
0.124151,0.143891,0.118013
0.129071,0.134955,0.114075
0.121077,0.140287,0.116046
0.206356,0.221429,0.203894
0.130078,0.112022,0.117340
0.119195,0.146585,0.114538
0.131401,0.164603,0.127958
0.115234,0.133199,0.120747
0.126468,0.142193,0.118823
0.121347,0.136582,0.115036
0.122507,0.144241,0.117964
0.125060,0.138327,0.118895
0.162990,0.188536,0.156491
0.208324,0.209404,0.192227
0.136941,0.128401,0.125416
0.123255,0.131086,0.115737
0.123314,0.197192,0.126012
0.116539,0.098522,0.112893
0.124050,0.129367,0.115597
