Train, Validation, Test
0.126397,0.133801,0.119021
0.129485,0.146745,0.124147
0.125644,0.135684,0.113572
0.130295,0.148257,0.124266
0.198748,0.242968,0.191195
0.147019,0.129832,0.133018
0.120875,0.150547,0.116733
0.130506,0.163819,0.126430
0.104131,0.108960,0.103833
0.193239,0.216228,0.182331
0.131540,0.130983,0.121270
0.123152,0.144583,0.117902
0.157194,0.190101,0.154737
0.122022,0.140013,0.117215
0.202605,0.203194,0.195611
0.150752,0.137982,0.135385
0.127955,0.137918,0.121894
0.122440,0.175430,0.124093
0.113964,0.094533,0.111825
0.142758,0.133658,0.130643
