Train, Validation, Test
0.048138,0.039743,0.048211
0.135324,0.148695,0.130028
0.110460,0.110917,0.101286
0.061841,0.087500,0.065309
0.194736,0.235790,0.187768
0.131538,0.115345,0.120346
0.102963,0.145044,0.102346
0.126997,0.135673,0.121208
0.072714,0.090007,0.078663
0.086555,0.079960,0.079360
0.066278,0.071191,0.063730
0.136567,0.157333,0.130863
0.132606,0.122226,0.122013
0.112878,0.132245,0.108457
0.195680,0.196477,0.184816
0.107316,0.123418,0.114337
0.068677,0.078222,0.065808
0.113687,0.168713,0.116232
0.047649,0.045141,0.047956
0.047156,0.057882,0.052768
