Train, Validation, Test
0.114700,0.115780,0.104927
0.134899,0.155751,0.127561
0.147525,0.122347,0.134794
0.135397,0.152389,0.128980
0.198328,0.218111,0.195055
0.133471,0.113029,0.121272
0.122819,0.147924,0.116370
0.126049,0.135255,0.119297
0.102467,0.112675,0.100978
0.137444,0.154613,0.129307
0.126142,0.134406,0.115845
0.121841,0.142183,0.116345
0.129173,0.149220,0.124682
0.119964,0.139380,0.115315
0.208141,0.209215,0.192080
0.146381,0.132951,0.131693
0.148039,0.152594,0.137790
0.116127,0.173292,0.117850
0.104118,0.095329,0.104827
0.122647,0.136436,0.116486
