Train, Validation, Test
0.052633,0.042915,0.053154
0.141420,0.161222,0.135305
0.115070,0.127707,0.106412
0.093602,0.109939,0.097829
0.204221,0.220312,0.201577
0.137959,0.117245,0.127765
0.084749,0.118192,0.087608
0.129938,0.132437,0.122886
0.050140,0.068579,0.060166
0.077623,0.077449,0.074155
0.071305,0.088912,0.074457
0.128714,0.148595,0.126145
0.123019,0.133172,0.117121
0.105077,0.123871,0.100287
0.212420,0.212889,0.207583
0.052441,0.055146,0.057822
0.068289,0.077328,0.064865
0.117745,0.167306,0.119126
0.054315,0.058760,0.056960
0.046853,0.053492,0.052035
