Train, Validation, Test
0.106089,0.098485,0.094901
0.122438,0.139225,0.116482
0.126029,0.140484,0.114091
0.125307,0.143865,0.120314
0.202069,0.219362,0.199205
0.128472,0.107285,0.115572
0.141085,0.174802,0.139636
0.121310,0.141362,0.116771
0.102524,0.114862,0.101432
0.123961,0.137375,0.117640
0.109515,0.135385,0.105129
0.121936,0.142638,0.117456
0.123903,0.123846,0.114996
0.114493,0.135339,0.108900
0.204765,0.205808,0.189463
0.156078,0.142304,0.141277
0.120579,0.129050,0.112377
0.143896,0.225099,0.146266
0.103530,0.093449,0.102917
0.113192,0.138161,0.119356
