Train, Validation, Test
0.069458,0.060919,0.066348
0.121788,0.136971,0.116022
0.109645,0.110715,0.100521
0.064514,0.088045,0.068967
0.191551,0.228888,0.185215
0.133747,0.117968,0.123647
0.067383,0.106017,0.072087
0.132011,0.165381,0.129705
0.079061,0.090205,0.086136
0.078596,0.075785,0.077115
0.077935,0.074883,0.075519
0.142948,0.163921,0.137483
0.123085,0.129459,0.116157
0.105448,0.122909,0.099886
0.234562,0.234868,0.232876
0.054275,0.057080,0.059648
0.067533,0.077360,0.064751
0.127107,0.197690,0.130951
0.048696,0.046423,0.048729
0.049440,0.060468,0.054679
