Train, Validation, Test
0.068848,0.060441,0.070351
0.126162,0.140153,0.119952
0.109774,0.113020,0.100530
0.072854,0.101043,0.078844
0.189787,0.222099,0.184346
0.128213,0.110485,0.117116
0.105888,0.149352,0.107009
0.127921,0.158340,0.124620
0.111113,0.109665,0.109238
0.104510,0.102490,0.104885
0.068485,0.080570,0.070207
0.121487,0.140386,0.117542
0.122981,0.128031,0.116151
0.109170,0.124846,0.104190
0.196629,0.197331,0.187209
0.076513,0.080971,0.077834
0.068780,0.075272,0.066244
0.120780,0.188115,0.124193
0.056916,0.052977,0.056316
0.047023,0.059977,0.053198
