Train, Validation, Test
0.048596,0.040229,0.048053
0.121141,0.137615,0.115673
0.117692,0.129187,0.108612
0.061936,0.087776,0.068024
0.214661,0.267076,0.205704
0.126686,0.108197,0.115946
0.066271,0.100270,0.068833
0.120650,0.138656,0.116097
0.053639,0.089296,0.067097
0.084381,0.084149,0.083802
0.080320,0.091467,0.082054
0.121883,0.140927,0.117945
0.123113,0.133732,0.117451
0.104577,0.123145,0.099784
0.225443,0.225809,0.222612
0.048375,0.058181,0.053976
0.088978,0.091318,0.087322
0.142925,0.184337,0.143150
0.046672,0.045423,0.046831
0.059468,0.051138,0.060924
