Train, Validation, Test
0.051893,0.041910,0.052107
0.120490,0.135912,0.115460
0.109578,0.110061,0.100616
0.076927,0.094098,0.078331
0.189778,0.221373,0.184457
0.161882,0.138332,0.151374
0.067368,0.105958,0.070541
0.139250,0.177073,0.136834
0.051038,0.075288,0.063047
0.069577,0.067117,0.065874
0.090315,0.106621,0.093589
0.119823,0.138715,0.116571
0.122562,0.129787,0.115858
0.105818,0.123183,0.100934
0.195851,0.196667,0.184380
0.077094,0.082697,0.084478
0.085469,0.095909,0.084790
0.145305,0.221438,0.148207
0.046788,0.044942,0.046981
0.055774,0.075438,0.063947
