Train, Validation, Test
0.057866,0.051094,0.059063
0.120358,0.136178,0.114885
0.121928,0.117575,0.113297
0.079152,0.095410,0.079945
0.209059,0.259012,0.200531
0.130521,0.109669,0.119293
0.113228,0.160151,0.115988
0.124408,0.132973,0.118199
0.094503,0.126869,0.100037
0.070763,0.064654,0.068732
0.077117,0.095219,0.078198
0.129176,0.149510,0.123717
0.124183,0.136676,0.118857
0.105994,0.121675,0.100160
0.210908,0.212006,0.194309
0.085528,0.091484,0.088820
0.081558,0.083811,0.076647
0.129159,0.199340,0.131682
0.052785,0.053153,0.051712
0.047014,0.058771,0.052777
