Train, Validation, Test
0.071957,0.063343,0.075028
0.141414,0.154294,0.136258
0.114039,0.115473,0.106123
0.061792,0.087847,0.065167
0.197076,0.240044,0.189755
0.128260,0.110184,0.117162
0.109170,0.156046,0.110835
0.124761,0.151490,0.121770
0.070103,0.083985,0.075945
0.071161,0.067847,0.065914
0.065543,0.071487,0.063747
0.121332,0.139888,0.117754
0.123190,0.124832,0.115748
0.113489,0.132403,0.106354
0.204740,0.205293,0.198312
0.049913,0.055682,0.056270
0.067445,0.077172,0.065173
0.128756,0.172443,0.129716
0.051558,0.054047,0.050422
0.046489,0.054249,0.051004
