Train, Validation, Test
0.053069,0.043419,0.053247
0.120931,0.137219,0.116330
0.114202,0.124324,0.105103
0.067879,0.098737,0.076112
0.193163,0.232577,0.186459
0.127366,0.107863,0.116990
0.087564,0.126502,0.087290
0.134148,0.137318,0.127637
0.075432,0.089848,0.080169
0.080623,0.078273,0.078983
0.120592,0.128918,0.124467
0.142474,0.163301,0.140228
0.125447,0.135307,0.119665
0.112342,0.133541,0.105891
0.197195,0.197891,0.188147
0.050712,0.060086,0.057696
0.072653,0.080547,0.070974
0.153826,0.189581,0.153262
0.057087,0.058564,0.059549
0.049428,0.062457,0.055714
