Train, Validation, Test
0.048625,0.040060,0.048154
0.120007,0.137062,0.114976
0.110447,0.112878,0.101608
0.065286,0.090867,0.073239
0.205454,0.221015,0.202946
0.149672,0.136107,0.138604
0.075534,0.106054,0.074288
0.123010,0.133214,0.117210
0.050963,0.079405,0.063101
0.108758,0.110563,0.110798
0.094195,0.098044,0.096910
0.125366,0.143924,0.120706
0.135802,0.158563,0.132838
0.104752,0.122215,0.098579
0.202118,0.203095,0.187535
0.054591,0.063676,0.061131
0.081986,0.093099,0.077691
0.126212,0.194460,0.129286
0.052640,0.054221,0.051246
0.048571,0.060407,0.053061
