Train, Validation, Test
0.048465,0.040496,0.048353
0.120219,0.137317,0.115135
0.144483,0.128439,0.135164
0.069970,0.102228,0.075929
0.214674,0.225893,0.212897
0.129788,0.108013,0.118427
0.108433,0.152281,0.110107
0.120952,0.137742,0.116243
0.068458,0.092136,0.073152
0.072661,0.065638,0.070253
0.070081,0.064723,0.065380
0.128544,0.147552,0.125355
0.123188,0.127637,0.116660
0.114104,0.133101,0.106892
0.238647,0.239939,0.218150
0.050538,0.059326,0.057142
0.074467,0.081018,0.070530
0.120645,0.185316,0.123275
0.048785,0.049039,0.049612
0.060271,0.052919,0.058429
