Train, Validation, Test
0.050385,0.046395,0.050439
0.123132,0.138953,0.118234
0.114704,0.124019,0.106028
0.122025,0.147831,0.120532
0.201856,0.219375,0.198981
0.127383,0.108075,0.115407
0.116974,0.155047,0.113937
0.121600,0.141628,0.117584
0.119041,0.142767,0.125691
0.162882,0.182140,0.155056
0.066779,0.071220,0.064946
0.155080,0.175627,0.153050
0.132129,0.155123,0.128200
0.121086,0.132710,0.115449
0.206198,0.206736,0.200109
0.153641,0.149377,0.143593
0.069827,0.081546,0.068555
0.176370,0.209462,0.176437
0.076226,0.070275,0.073013
0.071695,0.091669,0.079622
