Train, Validation, Test
0.074481,0.065829,0.077348
0.120424,0.135863,0.115092
0.124781,0.136483,0.114948
0.069728,0.094059,0.072564
0.191513,0.217847,0.187064
0.135541,0.114127,0.124712
0.079821,0.115722,0.081707
0.127895,0.160139,0.125237
0.069198,0.087192,0.074998
0.081714,0.081295,0.082894
0.083563,0.074011,0.078181
0.122640,0.140555,0.118763
0.131285,0.122922,0.121328
0.110902,0.127558,0.106061
0.197739,0.198650,0.184764
0.055070,0.063408,0.059977
0.068401,0.077312,0.066037
0.122410,0.169594,0.124095
0.061313,0.065452,0.064912
0.047402,0.051246,0.051328
