Train, Validation, Test
0.049125,0.039892,0.047639
0.134642,0.148457,0.129130
0.119572,0.121457,0.108649
0.091409,0.112251,0.088369
0.190199,0.219316,0.185292
0.167317,0.143498,0.156423
0.104117,0.145036,0.102605
0.122321,0.144133,0.118074
0.102961,0.119921,0.106597
0.119954,0.134929,0.115055
0.083140,0.109687,0.086877
0.123847,0.143090,0.120216
0.124982,0.127260,0.117576
0.105253,0.121478,0.098972
0.221410,0.221816,0.218004
0.121031,0.108724,0.114394
0.118260,0.121335,0.118586
0.115479,0.178364,0.117654
0.052445,0.047771,0.052603
0.071679,0.059831,0.071140
