Train, Validation, Test
0.050361,0.042159,0.050491
0.119991,0.136566,0.114494
0.116347,0.129171,0.107559
0.065360,0.086592,0.067314
0.193350,0.217307,0.189336
0.131042,0.109053,0.119423
0.101400,0.143809,0.101760
0.144553,0.141671,0.137174
0.065887,0.083597,0.072114
0.129311,0.137054,0.130673
0.118209,0.137037,0.124378
0.133105,0.153274,0.130440
0.122751,0.127478,0.115696
0.103927,0.123495,0.098410
0.196868,0.197719,0.184417
0.047948,0.050779,0.053253
0.116643,0.115978,0.113746
0.116841,0.180131,0.119729
0.058013,0.059160,0.060361
0.093166,0.128885,0.104121
