Train, Validation, Test
0.055365,0.051406,0.055358
0.121280,0.138153,0.115414
0.113447,0.118662,0.102646
0.119162,0.135637,0.112035
0.195789,0.217556,0.192191
0.131207,0.114231,0.119304
0.103900,0.145062,0.102769
0.121413,0.142483,0.117177
0.104827,0.123941,0.105837
0.125966,0.139031,0.119967
0.082933,0.086532,0.081938
0.132709,0.153309,0.129243
0.124442,0.125327,0.116079
0.108655,0.125177,0.101925
0.196604,0.197479,0.184323
0.133928,0.122991,0.121208
0.101341,0.126320,0.098391
0.119515,0.187771,0.121840
0.100330,0.077559,0.102801
0.076477,0.107966,0.082614
