Train, Validation, Test
0.062633,0.055735,0.060279
0.121096,0.136410,0.115594
0.129502,0.140211,0.118270
0.083543,0.100432,0.083662
0.198275,0.242147,0.190805
0.134773,0.114098,0.123902
0.109043,0.157882,0.110159
0.122412,0.147325,0.118758
0.135640,0.161029,0.151790
0.102246,0.103336,0.093077
0.093022,0.080483,0.086045
0.134871,0.154939,0.132057
0.125521,0.136277,0.119693
0.118422,0.138123,0.110996
0.208885,0.209939,0.192685
0.067041,0.076397,0.069507
0.067460,0.078132,0.065920
0.117911,0.181638,0.120412
0.057594,0.057072,0.058638
0.050915,0.051528,0.052146
