Train, Validation, Test
0.054708,0.046445,0.056092
0.121410,0.138830,0.116006
0.122458,0.137986,0.113067
0.077661,0.093319,0.077265
0.211661,0.224323,0.209684
0.129931,0.113695,0.118339
0.102923,0.145036,0.103884
0.121354,0.135133,0.116183
0.071806,0.087451,0.074571
0.085939,0.084599,0.087151
0.066685,0.071813,0.064202
0.128654,0.148143,0.125399
0.126090,0.124182,0.117949
0.105498,0.122917,0.100100
0.242779,0.243041,0.242016
0.054418,0.061743,0.060708
0.096541,0.095305,0.091403
0.118833,0.184766,0.121919
0.049032,0.048777,0.050259
0.048563,0.064659,0.055433
