Train, Validation, Test
0.050147,0.045695,0.050344
0.132512,0.146636,0.127658
0.110917,0.111363,0.101834
0.066450,0.087574,0.067199
0.193152,0.217453,0.189106
0.128218,0.109644,0.116989
0.115977,0.163876,0.118421
0.130038,0.139181,0.124737
0.102638,0.115639,0.107012
0.117087,0.118851,0.110462
0.077123,0.095054,0.078799
0.121505,0.139581,0.116548
0.128961,0.124622,0.119204
0.106352,0.121357,0.100610
0.198228,0.198896,0.189716
0.076158,0.076100,0.078391
0.069246,0.078642,0.065237
0.113243,0.171668,0.115772
0.052253,0.051974,0.053595
0.047789,0.062239,0.054388
