Train, Validation, Test
0.055142,0.055277,0.055428
0.166823,0.178657,0.161540
0.115558,0.115304,0.106808
0.070623,0.088877,0.072218
0.214061,0.225519,0.212236
0.131394,0.110698,0.119863
0.114488,0.158663,0.112826
0.123649,0.149787,0.119896
0.111700,0.132917,0.123164
0.118135,0.118254,0.107164
0.075956,0.093100,0.078948
0.122167,0.140642,0.117941
0.128905,0.119253,0.118728
0.111333,0.130713,0.104863
0.212802,0.213277,0.208024
0.094633,0.095159,0.097716
0.068495,0.079649,0.067287
0.113540,0.169968,0.116106
0.050101,0.050416,0.051455
0.045948,0.052344,0.049847
