Train, Validation, Test
0.129874,0.147049,0.125602
0.128833,0.146497,0.122706
0.152644,0.150200,0.138885
0.127231,0.145258,0.120262
0.189790,0.221474,0.184401
0.131667,0.110542,0.117268
0.136960,0.173855,0.136301
0.124886,0.139591,0.117520
0.131575,0.140828,0.124072
0.134826,0.152901,0.126360
0.129332,0.156342,0.124787
0.124093,0.147343,0.120189
0.159975,0.188958,0.158032
0.138384,0.151506,0.131398
0.200289,0.201291,0.186254
0.132552,0.113993,0.118186
0.164708,0.173355,0.158810
0.189544,0.221176,0.190039
0.130946,0.121619,0.119953
0.125250,0.132556,0.116316
