Train, Validation, Test
0.048099,0.039918,0.047295
0.125447,0.143944,0.119820
0.117074,0.106327,0.106439
0.066905,0.089333,0.068123
0.191852,0.229647,0.185443
0.127695,0.107874,0.117131
0.102937,0.143186,0.102193
0.125499,0.151939,0.121549
0.066486,0.087107,0.070957
0.094518,0.093980,0.095437
0.070873,0.082540,0.072288
0.163713,0.184501,0.156447
0.123062,0.133986,0.117288
0.109867,0.127073,0.103357
0.207761,0.208790,0.191807
0.048116,0.053881,0.053804
0.069302,0.074195,0.065700
0.116710,0.166373,0.118522
0.051977,0.049955,0.051144
0.047784,0.058047,0.052604
