Train, Validation, Test
0.048112,0.040299,0.047640
0.122573,0.139667,0.116698
0.146086,0.171137,0.135484
0.064494,0.090323,0.070152
0.217540,0.271142,0.208368
0.128966,0.111339,0.117993
0.110786,0.158126,0.113094
0.120892,0.138993,0.116113
0.068710,0.090033,0.072999
0.073133,0.069890,0.071105
0.070310,0.074689,0.067344
0.122693,0.141648,0.119542
0.122478,0.127267,0.115543
0.106002,0.124135,0.101272
0.198122,0.199036,0.184964
0.046678,0.053318,0.052679
0.094907,0.097379,0.091315
0.115181,0.176742,0.117913
0.063336,0.063622,0.060483
0.051092,0.065345,0.058339
