Train, Validation, Test
0.049573,0.042955,0.048842
0.127383,0.146468,0.121107
0.150116,0.135185,0.140925
0.065593,0.093460,0.069479
0.212770,0.264376,0.203940
0.133375,0.111657,0.122208
0.117121,0.168054,0.119863
0.124900,0.132498,0.118663
0.098653,0.117431,0.103841
0.079149,0.068888,0.071850
0.096056,0.126645,0.102742
0.130783,0.148877,0.125009
0.128080,0.124502,0.119372
0.115534,0.131476,0.110835
0.262524,0.262662,0.263717
0.069838,0.079976,0.073197
0.067133,0.076106,0.063822
0.127069,0.172735,0.128996
0.051269,0.047007,0.050809
0.048739,0.053798,0.051280
