Train, Validation, Test
0.050647,0.044733,0.051744
0.138691,0.151434,0.134215
0.110387,0.112317,0.101663
0.063314,0.085304,0.064821
0.192359,0.217584,0.188158
0.146608,0.132650,0.135028
0.065974,0.105391,0.071832
0.161843,0.150045,0.152800
0.044599,0.073540,0.055333
0.080754,0.083008,0.082179
0.085137,0.079130,0.078772
0.136216,0.156795,0.133759
0.123414,0.127323,0.116509
0.103964,0.122068,0.098724
0.212957,0.214045,0.195994
0.062872,0.060959,0.066810
0.068106,0.077789,0.066603
0.162468,0.196884,0.162636
0.052147,0.053111,0.051514
0.050043,0.050613,0.052584
