Train, Validation, Test
0.126265,0.130819,0.115539
0.124301,0.143192,0.117189
0.137626,0.127203,0.127552
0.135325,0.154630,0.131365
0.189816,0.222305,0.184305
0.147920,0.131132,0.133120
0.130464,0.165007,0.128900
0.122532,0.144214,0.117755
0.141238,0.126976,0.128510
0.155727,0.176087,0.145929
0.125117,0.133318,0.116947
0.134999,0.157509,0.132138
0.166099,0.199641,0.165045
0.137550,0.150838,0.131210
0.195811,0.196641,0.184422
0.137738,0.125788,0.125885
0.128247,0.136256,0.121280
0.119799,0.188822,0.120474
0.114621,0.104404,0.111758
0.123327,0.137399,0.117031
