Train, Validation, Test
0.048237,0.040312,0.048080
0.129405,0.148158,0.123474
0.111833,0.112874,0.102961
0.067203,0.093514,0.074367
0.191108,0.227744,0.184893
0.139912,0.124012,0.128709
0.104331,0.144816,0.103994
0.142881,0.137178,0.134122
0.062752,0.083194,0.069620
0.072151,0.070766,0.071424
0.077208,0.087850,0.078166
0.121222,0.140010,0.117346
0.123542,0.130005,0.117462
0.110334,0.129348,0.105812
0.205987,0.207012,0.190410
0.046029,0.051856,0.051332
0.069463,0.076050,0.064910
0.126940,0.197391,0.129949
0.048168,0.045089,0.047631
0.053763,0.050879,0.054244
