Train, Validation, Test
0.050760,0.048111,0.051361
0.120119,0.136056,0.114728
0.111426,0.119430,0.102591
0.081939,0.112070,0.089490
0.189850,0.222884,0.184277
0.128602,0.111970,0.117498
0.102583,0.141719,0.101774
0.122452,0.145867,0.118022
0.075893,0.092807,0.078590
0.085419,0.080411,0.079876
0.126759,0.101968,0.117663
0.119867,0.138699,0.116037
0.122691,0.131377,0.116432
0.111381,0.126095,0.106206
0.210657,0.211757,0.194091
0.078058,0.092306,0.081428
0.070762,0.077050,0.068499
0.113492,0.168233,0.115095
0.052175,0.049781,0.052748
0.047999,0.051647,0.051227
