Train, Validation, Test
0.051969,0.046724,0.051405
0.131201,0.150835,0.125708
0.118981,0.114740,0.110776
0.071800,0.097462,0.075369
0.224975,0.232275,0.223867
0.135220,0.119217,0.124437
0.072472,0.106479,0.075014
0.127858,0.158560,0.126124
0.062124,0.081339,0.072535
0.073988,0.071884,0.069986
0.068207,0.084868,0.067887
0.120019,0.138282,0.116267
0.131638,0.149260,0.127562
0.123170,0.139531,0.119542
0.196787,0.197503,0.187471
0.046506,0.053920,0.052249
0.066968,0.074881,0.063819
0.135800,0.207411,0.139139
0.047638,0.048927,0.047799
0.082127,0.069655,0.081251
