Train, Validation, Test
0.066548,0.055053,0.066938
0.122576,0.140916,0.115924
0.114107,0.107497,0.103298
0.120005,0.139707,0.115685
0.189787,0.221988,0.184354
0.132598,0.113172,0.120650
0.108915,0.146172,0.105833
0.123279,0.135750,0.117138
0.104393,0.112110,0.103778
0.125922,0.139230,0.120333
0.110277,0.142493,0.109306
0.129170,0.149832,0.122851
0.149722,0.130666,0.136109
0.110856,0.128544,0.104689
0.198664,0.199585,0.185272
0.137262,0.129430,0.123995
0.108357,0.127254,0.100266
0.119053,0.184392,0.120196
0.103840,0.092542,0.106889
0.106617,0.154558,0.117920
