Train, Validation, Test
0.051953,0.044266,0.052959
0.185888,0.196730,0.180572
0.126645,0.139877,0.116088
0.112495,0.132323,0.111175
0.200736,0.246222,0.192980
0.129436,0.110722,0.117744
0.106108,0.145828,0.104250
0.121926,0.135975,0.116687
0.123045,0.123235,0.118356
0.120708,0.135249,0.115151
0.071029,0.080441,0.068400
0.119926,0.138785,0.115478
0.125088,0.122126,0.115638
0.117196,0.137647,0.109777
0.201364,0.201959,0.194018
0.137346,0.131291,0.128374
0.082778,0.094471,0.081361
0.123008,0.193744,0.126067
0.059571,0.051456,0.058616
0.050068,0.049904,0.052538
