Train, Validation, Test
0.055173,0.046047,0.056451
0.120571,0.138089,0.115772
0.110412,0.113154,0.101338
0.090812,0.105677,0.092818
0.203776,0.220092,0.201078
0.127177,0.109665,0.115919
0.066904,0.106210,0.072729
0.121367,0.139149,0.117209
0.046469,0.070318,0.055562
0.084363,0.083809,0.085019
0.098512,0.100194,0.099213
0.148641,0.169195,0.146126
0.130060,0.121160,0.119341
0.153458,0.172072,0.146618
0.197084,0.197971,0.184475
0.045755,0.050936,0.051102
0.073082,0.082712,0.071176
0.114848,0.166672,0.117150
0.051732,0.049790,0.052250
0.046481,0.051224,0.050685
