Train, Validation, Test
0.052544,0.043628,0.053614
0.127577,0.145664,0.121034
0.135534,0.145838,0.123478
0.065238,0.084934,0.066649
0.198936,0.218260,0.195730
0.127792,0.110398,0.116487
0.115550,0.164464,0.117957
0.122554,0.146374,0.119525
0.103110,0.108452,0.104946
0.111274,0.111001,0.102355
0.073629,0.087269,0.075127
0.129161,0.148620,0.125760
0.124514,0.138389,0.119061
0.105403,0.121914,0.098928
0.197705,0.198375,0.188945
0.076610,0.084656,0.079356
0.078991,0.089789,0.077778
0.123987,0.193503,0.127159
0.053754,0.052315,0.052162
0.047126,0.059427,0.052368
