Train, Validation, Test
0.048319,0.040527,0.048618
0.121043,0.136260,0.115357
0.113795,0.110099,0.104561
0.063832,0.091592,0.070259
0.190597,0.218783,0.185884
0.126978,0.109202,0.116090
0.106893,0.153819,0.108422
0.121411,0.135602,0.116146
0.066600,0.084718,0.070767
0.068604,0.064802,0.065920
0.070680,0.076092,0.068932
0.131784,0.151306,0.128892
0.126793,0.121169,0.117424
0.107198,0.122175,0.101799
0.195716,0.196489,0.185148
0.046688,0.051743,0.052436
0.083121,0.097725,0.083898
0.123265,0.190189,0.126016
0.059229,0.064063,0.057731
0.081577,0.112416,0.092156
