Train,Validation,Test
0.1470171,0.157108,0.1396978
0.1451164,0.1540089,0.136459
0.1441679,0.1568167,0.136867
0.136165,0.1481269,0.128651
0.1407598,0.1494113,0.1329989
0.139228,0.1504644,0.1323866
0.1397261,0.152609,0.1328177
0.1363721,0.1509003,0.1298598
0.1332531,0.1469471,0.1269117
0.1400361,0.1532618,0.1332561
0.1348212,0.1484354,0.1284599
0.1354368,0.1456085,0.1290749
0.1387973,0.1530407,0.1324562
0.1347836,0.144644,0.1275727
0.1323176,0.1456543,0.1258855
0.1337066,0.1456146,0.1275946
0.1305585,0.1444093,0.1247091
0.1276103,0.1390559,0.1214214
0.1253101,0.1382162,0.1205615
0.1240974,0.1375446,0.1190712
0.1198721,0.1344667,0.1152133
0.1225302,0.1359985,0.1172078
0.1247635,0.1376817,0.1206852
0.1184645,0.1318296,0.114153
0.1200686,0.1344207,0.1156372
0.1229995,0.1298346,0.1174742
0.1194913,0.1297444,0.1141323
0.1189452,0.129486,0.1150948
0.1167501,0.1289209,0.1123434
0.1163179,0.1289396,0.1121609
0.1183903,0.1323954,0.1137423
0.1143587,0.126662,0.1103196
0.1244506,0.1374988,0.1212432
0.1183157,0.1306125,0.1138114
0.1169571,0.1284123,0.1136928
0.1188871,0.1336988,0.1161253
0.119012,0.1317317,0.1158025
0.1081493,0.1184106,0.1045749
0.1096385,0.1205751,0.105607
0.113244,0.12611,0.1096642
0.1098814,0.1216876,0.107101
0.1122727,0.1239237,0.1101029
0.1130724,0.1240587,0.11043
0.1085495,0.1226635,0.1059209
0.110298,0.1206328,0.1070109
0.1068997,0.1188022,0.1043011
0.1127047,0.124825,0.1098605
0.1088342,0.1227712,0.1060388
0.1120402,0.1261567,0.1087198
0.106218,0.117719,0.1025729
0.1069471,0.1178518,0.1033276
0.1066917,0.1197782,0.1044988
0.103524,0.1156713,0.1006066
0.1127829,0.1252378,0.1105249
0.1085527,0.121097,0.1065098
0.1049317,0.1164711,0.1023697
0.1091822,0.1191823,0.1067084
0.1082604,0.1227615,0.1053425
0.104988,0.1170761,0.1020752
0.105072,0.1192077,0.1026355
0.1063686,0.1165377,0.1033543
0.1061442,0.1180119,0.1028817
0.1055471,0.1180903,0.1037955
0.105325,0.1181418,0.1030453
0.1040038,0.1173718,0.1021767
0.1068472,0.1186081,0.1050815
0.1027062,0.1164386,0.1008228
0.1097489,0.1220007,0.1075459
0.1004586,0.1148458,0.0986915
0.1033108,0.1132588,0.1010533
0.1097951,0.1245913,0.1069459
0.1037839,0.1166298,0.1008674
0.1045913,0.1183619,0.1022429
0.1083524,0.1206705,0.1051389
0.1046045,0.1202065,0.101952
0.1108941,0.1219055,0.108322
0.10509,0.1197278,0.1032614
0.1070094,0.1196081,0.1040943
0.1112537,0.1250458,0.1097444
0.1031094,0.1159025,0.1009229
0.1068647,0.1178556,0.1040112
0.1058542,0.1183563,0.1034648
0.1026234,0.1149029,0.0999453
0.1068067,0.1193137,0.1051957
0.103791,0.1149632,0.1016005
0.1003182,0.1138748,0.09848115
0.1039392,0.1172978,0.1023221
0.0993251,0.11367,0.0978215
0.1044724,0.1171877,0.1029103
0.104129,0.1191259,0.1029188
0.1005376,0.1130423,0.09855045
0.1033767,0.1147734,0.1021629
0.1041994,0.1179464,0.1026954
0.1015256,0.1142383,0.099698
0.1043338,0.1147068,0.1026015
0.1018644,0.1143147,0.0997199
0.1008702,0.1129663,0.0986882
0.1032301,0.1178382,0.1020998
0.1028703,0.1163964,0.1014945
0.105625,0.1147361,0.1030839
