0.792030,-3.734221,0.609743,2.105179,0.744040,0
7.406061,-2.324699,-1.964996,3.767958,6.482355,1
-2.355021,-10.628952,5.574293,-5.462482,-0.545671,0
2.298227,5.076944,-2.887493,5.017225,0.309628,1
-0.637892,5.497789,-2.266087,-3.163748,-7.216806,0
-2.662487,-1.093779,3.677607,4.574755,5.018805,1
3.319632,2.025488,-5.137569,-3.380484,9.886942,0
1.099934,4.253307,1.020248,-1.176815,-5.120005,1
-6.994846,-2.415539,4.221842,7.238363,-0.068436,0
-3.602600,-1.637041,9.236708,-5.813175,13.498526,1
1.715879,7.688051,-2.702717,-7.143267,2.274000,0
-0.717133,-6.469452,5.564371,-0.857050,2.135429,1
-1.458851,-5.545046,-11.124813,-8.048422,-6.721613,0
2.090433,0.852110,2.648392,2.328682,-0.730162,1
9.336821,-7.391151,-9.357832,-6.289719,-7.939592,0
6.053743,-1.966862,10.100893,5.677671,5.905676,1
-1.500917,-5.179817,4.023134,-3.244122,-4.174389,0
11.420355,0.102757,-1.470798,2.112953,2.241045,1
2.164412,7.880602,-1.284782,3.346064,-7.358742,0
-4.618103,3.044483,-5.339067,1.098877,-4.199635,1
5.071192,-1.787163,-15.945651,-3.938015,-0.277159,0
-0.328264,0.982103,4.480089,-9.037500,3.288717,1
2.435783,-7.675331,0.579851,8.816809,-6.203224,0
-0.620661,0.680445,-0.932760,4.405169,-3.667274,1
-4.754414,4.653036,4.612543,3.280485,-4.849957,0
0.199089,-3.830618,10.489275,-4.332296,3.554619,1
5.734221,-11.272602,-1.525064,1.389015,7.508703,0
3.433558,7.511076,5.849184,-5.481337,3.631208,1
-0.769558,-10.109554,-1.584387,-11.737858,-5.262592,0
2.527842,0.327507,0.097134,-2.358572,-1.619091,1
2.729961,3.258486,9.021639,-0.455204,-5.906406,0
2.391777,-5.325050,7.706316,6.514513,7.514708,1
-7.583694,-16.447412,9.404638,-4.096703,-1.634455,0
-6.936749,6.343603,-6.997541,1.394398,1.216578,1
2.833437,-3.664270,-5.581076,1.301172,0.190483,0
-4.823572,3.211281,-2.862595,2.689564,-1.719324,1
-6.625645,-5.994850,0.555000,1.998550,-4.335157,0
-7.296972,-4.142138,9.328836,-1.850052,2.350019,1
-5.141111,-2.545105,-0.205147,2.662199,8.762724,0
4.652929,-8.725485,5.271688,-1.679771,4.677532,1
2.058685,-2.881821,9.176310,-2.088703,3.687132,0
-0.867802,-6.594311,-0.740669,6.729074,-10.806999,1
-10.682560,-1.552288,-5.357489,-5.697538,0.241501,0
2.028080,3.585564,-9.959230,8.798376,2.804558,1
-7.409754,-2.019262,-12.039120,-4.750532,-2.892321,0
2.897663,0.328239,3.190952,-2.747999,7.479757,1
3.503897,0.827051,-0.481140,-2.991358,5.189493,0
7.054571,5.658552,-3.487350,-4.692949,4.015535,1
-8.611610,-5.884550,-0.162653,-3.708778,-10.096037,0
7.214037,1.315487,-5.317865,1.606926,5.038923,1
2.235014,-7.710629,1.752443,-6.550817,9.498289,0
3.479750,-3.517031,0.854921,-0.456558,-9.872038,1
5.710421,-10.555182,1.221098,-4.918411,-8.504810,0
4.693604,3.400562,4.013945,3.982950,4.315470,1
-0.491760,1.207531,2.211996,1.729553,3.711168,0
-5.483276,0.751190,14.097132,1.600227,3.670494,1
0.425451,-6.622004,-2.835489,-11.763868,-4.078548,0
-3.673668,4.885794,6.703901,13.207663,10.757959,1
-4.231752,-3.582949,-6.061996,6.164392,4.894117,0
-12.092167,2.577579,7.652979,-8.187515,1.323269,1
-11.963909,3.725687,0.854967,5.569643,-10.024633,0
2.120699,-1.087696,3.806137,1.614584,3.659393,1
1.644957,3.070688,-7.756647,-6.350016,-8.143248,0
3.550220,5.193029,3.038265,-10.766148,8.649122,1
0.187847,-6.414602,-0.914785,7.015566,-1.451878,0
6.942526,7.067755,2.021912,-5.352167,11.551275,1
-10.739874,0.118963,3.309198,-3.832964,4.985823,0
-11.473339,-6.034967,1.362703,-9.183455,1.905678,1
4.431524,-0.371275,-3.230383,-12.252235,-1.188824,0
10.998457,4.280661,0.751400,-3.677149,1.740707,1
0.666582,6.745424,-0.056135,5.001925,-0.434099,0
-0.578547,-0.985502,-0.889793,-0.247604,-1.436127,1
1.031199,8.647951,-4.018383,-4.364025,15.694799,0
1.627098,10.384775,-1.025921,-1.026859,-13.937309,1
1.652699,0.079451,-6.938557,-0.349403,-3.525654,0
-0.010204,8.934156,5.359232,-7.990818,-15.223022,1
-1.585648,8.084768,2.579369,1.284367,-4.563337,0
-6.225794,8.278360,4.510990,-7.259264,-4.032619,1
1.483765,-2.602255,-0.131697,3.791868,2.760624,0
-1.074331,9.344824,-3.072067,3.092028,9.932131,1
5.916742,-1.202036,5.795259,-0.674067,-2.367453,0
1.645208,-4.322693,-6.172132,-7.498178,-7.079836,1
-3.881149,-6.917747,2.022573,-7.428911,-1.258873,0
6.106131,0.878168,5.404112,6.147341,-2.590687,1
2.316536,-8.294125,7.443197,5.246317,-4.332878,0
3.642759,-8.172895,-1.267149,13.293097,-10.200914,1
-11.184147,-4.783602,-3.992161,1.714130,-6.153896,0
7.351191,10.003454,0.484417,5.186678,4.307062,1
0.770515,-6.556602,2.879940,2.484261,2.560213,0
-5.917879,-4.376423,1.795097,6.357027,-4.557028,1
-0.466455,2.096922,-1.187321,-8.368429,8.180738,0
10.179224,-7.300564,5.145185,6.549417,8.804117,1
-0.105925,-5.668648,9.250082,-3.302664,-6.023607,0
-5.059971,7.785898,4.114368,4.675087,1.500196,1
3.744085,-9.749403,2.159481,-7.397635,-1.185968,0
-11.699962,5.898630,-5.042204,4.900864,6.473623,1
4.088854,9.719416,3.570917,7.361471,14.201994,0
2.244383,4.690565,7.098829,6.501364,3.106201,1
-5.197472,-7.554478,-7.658890,6.810499,1.728754,0
-0.365025,2.330414,1.909399,-12.969760,3.089273,1
-1.083591,0.115730,-5.353189,-2.046518,14.048304,0
-9.253519,-7.096510,9.848276,1.120548,4.500366,1
-2.142069,6.484518,-4.465120,2.482235,-2.268375,0
-11.386461,5.074846,4.068371,7.110334,6.790842,1
-2.304235,0.068970,-9.816467,7.140345,-6.813646,0
5.895403,-3.411812,9.974474,-1.042061,10.993402,1
-8.921377,-4.324223,-4.386448,-6.229290,1.202040,0
-2.338596,-10.125097,6.796206,1.343979,-3.010330,1
0.378275,2.266243,-9.033920,3.127737,4.560923,0
-1.010162,-1.822821,5.503633,9.252676,-1.056513,1
-2.462873,6.688452,2.239717,-9.061573,4.359602,0
9.649729,-3.702763,9.326906,2.666706,-2.142101,1
3.296206,3.412363,2.844591,-7.878471,-0.318794,0
-3.850393,10.935312,1.651056,-5.467993,3.216887,1
7.972639,6.114260,8.552206,7.958807,5.135168,0
-4.628719,-4.490564,-0.017010,-12.951648,0.532501,1
-3.336176,-9.126068,-2.801535,-9.126396,8.564093,0
7.135653,2.231041,2.912865,2.652435,-1.031998,1
0.371399,-2.197294,3.271227,-7.707598,-5.768126,0
3.764277,2.668720,2.527945,-2.380049,3.053352,1
1.176720,-4.639027,-15.656972,-0.329372,-6.377794,0
-4.678268,-1.937696,1.023335,1.317591,1.680965,1
-1.167582,-1.347637,-1.992262,0.589706,-3.539801,0
8.228704,-0.290913,-0.874182,-3.824022,0.688625,1
6.968493,-1.433954,-3.010286,-7.616838,-0.277832,0
2.540136,6.731722,-1.953842,-2.358913,-0.186981,1
-2.549482,-2.064499,11.437895,-6.813272,-3.250578,0
3.993429,-3.806055,-6.824152,-0.056692,5.077127,1
-8.953505,-8.739241,-0.905188,0.928293,0.098131,0
4.011772,3.280231,1.292938,15.427450,7.304411,1
2.239983,-3.829285,1.638992,0.963268,3.030682,0
2.404041,-1.191031,-3.348818,11.504305,0.414442,1
-5.105490,-7.069464,6.314638,-3.119059,2.117006,0
3.505888,0.348410,-0.759533,-4.954805,-0.359921,1
0.551678,11.562258,2.325420,-16.179895,-3.890182,0
3.979725,-2.177011,-2.496799,3.129425,-5.349886,1
-6.114180,4.766973,-7.189690,3.882212,5.503599,0
-0.084780,-8.522469,1.485107,-1.749487,-0.350271,1
-1.055521,-0.798529,-1.539501,3.462618,-6.465824,0
1.932768,2.301245,-4.661562,14.383204,-12.826778,1
-7.432650,2.011795,-3.492651,-11.784952,-6.210649,0
8.318216,3.671494,-6.215683,12.981779,-1.750648,1
-2.662737,1.043386,-14.769875,2.261644,-2.255442,0
-8.857033,-1.218742,6.433928,1.898924,1.427168,1
1.918673,4.077959,2.580067,-6.693632,3.716223,0
-1.622643,0.969128,15.860388,-1.135225,3.702087,1
-5.512522,-6.750607,-2.586361,-3.308538,0.630791,0
-1.829557,11.161097,-4.472628,7.930826,2.408560,1
-0.321098,-2.951288,-9.303360,6.009832,6.062426,0
-3.541639,-5.235744,7.115202,3.591423,4.420582,1
1.524298,-10.886005,-8.033154,-4.235460,-18.554398,0
1.260183,-1.038191,-2.803257,-6.559063,10.308123,1
-0.308741,-8.690170,-4.916615,-6.387587,-0.952662,0
7.076891,0.375097,7.854086,-0.975470,-3.402586,1
-12.451548,2.661589,-2.375128,-1.168415,-5.594624,0
-5.174372,4.357882,9.441397,2.425241,-9.431210,1
0.327282,-6.823793,1.169949,-1.768843,-2.935488,0
2.101181,1.007288,1.376713,9.039614,-2.497047,1
-3.915586,-14.211965,-4.125355,-6.605587,-2.106594,0
-5.508804,-4.411226,6.017328,-1.714775,-1.746773,1
-3.620115,-6.484018,-5.140198,-8.405731,-15.509393,0
-1.793472,2.515396,1.739141,-10.410679,5.072218,1
-1.896458,-6.193075,2.775717,3.622980,-4.289616,0
0.734798,7.152517,3.432364,0.402508,6.806929,1
-8.658108,5.433943,3.021900,-0.160551,5.055021,0
0.417385,1.647272,-1.178036,-0.185118,1.294256,1
3.214796,-1.106554,3.087751,-10.449791,3.777288,0
-6.261938,-0.318537,1.858433,-1.004396,-6.644300,1
-1.999731,1.428972,-2.489407,-1.242586,-0.746059,0
-2.280846,10.563131,4.144854,4.957577,-2.396624,1
4.718901,4.655333,-1.493263,-9.174145,7.329069,0
-8.753332,4.353846,7.041716,-3.520123,-9.156441,1
-3.509245,2.349445,-7.608763,-9.451721,2.995428,0
-0.345249,-3.191465,2.497940,3.335817,3.355011,1
8.060549,2.282711,6.634668,-6.148720,2.699848,0
-1.085365,-6.148235,-2.103918,10.630404,4.063511,1
-5.404659,-2.562286,-1.275837,12.716120,-2.271599,0
-1.309418,-0.403999,-1.942007,11.198755,-6.399145,1
-4.557850,-0.337955,-5.263672,-10.200712,-0.331011,0
0.392078,-5.208704,-12.282393,0.464518,5.187002,1
6.715204,-1.853638,-3.718668,-6.563049,-4.599291,0
4.968987,0.386446,7.601732,8.203291,-5.557940,1
3.347544,-3.162781,-7.718452,-0.735601,-3.747992,0
-2.563066,-3.542461,1.143564,-8.591452,8.789202,1
-9.795034,-8.122759,-2.624462,0.274296,-1.229151,0
8.276155,-3.088867,4.494669,6.140173,-3.841513,1
5.378916,-1.941816,-6.745321,-8.611021,1.251659,0
-4.197983,-13.460730,-2.842312,-4.911913,-1.781717,1
1.255627,-0.233822,0.781704,-1.064861,3.192495,0
4.933712,-4.685266,7.236589,-2.234755,5.439840,1
-6.482956,-0.480614,-2.866726,-3.382711,0.986490,0
-1.601343,1.518988,3.307404,1.157745,4.215565,1
1.397425,-5.334488,9.866682,-11.250069,-0.196684,0
-3.965023,-7.809757,3.238424,1.904821,5.881502,1
1.630133,7.067995,-2.221090,4.250792,-5.409906,0
1.519478,1.108303,6.986586,2.998653,-0.847363,1
-4.087349,9.279104,7.494295,-3.012625,1.247299,0
-4.077925,-4.784237,6.671915,-7.213140,8.690619,1
5.815928,2.395908,-3.931686,9.095236,-0.055193,0
-5.749863,-4.881823,-3.354832,2.592424,3.865633,1
-5.809034,2.132828,-4.735350,1.643066,2.890732,0
0.863319,5.848883,7.244741,2.354301,-1.549364,1
1.152946,-5.360369,-3.666132,4.841398,1.297106,0
-0.684895,9.509092,9.635363,1.052818,-3.050484,1
0.720774,4.998877,-7.767982,-1.569998,4.912180,0
7.896578,2.349447,-3.606880,3.135693,-5.494749,1
1.111828,-4.765764,0.628296,-7.936798,0.097076,0
-5.090752,3.286024,-1.824295,-5.480368,0.607901,1
-4.299110,-5.698839,-1.529129,-6.557402,8.152430,0
-1.827684,1.116873,4.290321,-2.065851,4.065531,1
-8.571232,2.158300,-5.368006,1.022598,-3.415314,0
-5.885780,-0.301296,-8.734560,0.387888,-0.270714,1
-5.903820,-3.871740,-0.234993,-0.002876,0.316517,0
3.818558,7.632021,-0.586035,6.114439,-0.642405,1
0.528831,-6.619217,-0.344753,-2.172958,1.621731,0
-2.214090,12.997259,0.810774,11.577795,1.402411,1
0.430462,-5.052519,9.274206,0.397020,-5.009022,0
9.982412,6.315863,-3.722054,3.482149,0.697403,1
1.511534,8.558321,-1.161139,1.567238,-15.220085,0
-2.673180,-3.988136,-1.754253,0.537321,3.497097,1
4.011602,6.707327,5.168596,3.368776,-2.340403,0
-3.115343,4.112591,-11.993029,7.559900,-0.593422,1
-5.927027,6.199270,0.786085,-8.752377,-4.395727,0
-2.106400,9.640375,2.647964,2.013739,-0.563459,1
-10.448086,-3.188429,5.267069,-2.728733,1.641159,0
6.572828,6.410967,-0.116783,-3.216894,2.710783,1
-1.356722,11.591017,0.449314,-12.791311,0.160992,0
-0.591383,3.819496,3.894581,3.680887,-1.296917,1
-8.113802,9.429415,-0.539576,7.715212,4.381464,0
-5.468706,-1.290913,3.110767,5.517763,6.454847,1
-3.210375,2.793470,-0.874506,0.126766,-4.731972,0
-6.732897,7.315527,-0.175402,1.004467,-1.562914,1
-7.142591,5.951193,3.511522,-4.264582,-3.707500,0
-14.615797,3.891296,4.639769,-1.371004,-1.506416,1
-3.126160,-3.544409,-4.027355,-4.104042,1.317495,0
5.915102,-2.926796,-1.834272,1.132620,5.543413,1
-5.170242,1.942820,4.038477,-10.082584,-8.136082,0
-3.196644,-0.484383,-3.105595,8.101316,4.785719,1
-1.382116,-4.706888,-8.784645,7.305235,2.000132,0
3.881483,-3.342527,1.202665,0.907829,3.139576,1
0.935946,7.736742,-4.597773,6.374495,4.032099,0
-2.311153,-0.128798,1.189583,0.783903,0.288540,1
3.238169,1.065495,11.817102,-5.393232,2.744562,0
2.568708,-8.599749,-4.234497,1.260948,-1.544226,1
0.792419,8.079012,4.506258,-3.338430,-4.416206,0
4.568632,6.375505,5.027027,-17.379694,-0.463371,1
-7.217516,-7.106613,1.208765,-5.671055,-0.148863,0
-10.055964,-0.254873,0.420664,6.998182,-0.736607,1
1.195284,1.246193,4.652060,-2.961510,0.238384,0
1.101322,15.570482,9.684225,0.305689,-0.459885,1
