0.311456,0.159638,0.663302,-0.639046,0.600011,0.184952,-0.147060,0.412760,0
-1.168453,1.783259,-0.391480,0.692468,0.057703,0.529201,1.811301,0.831261,1
1.965170,0.780351,-0.170763,-0.846756,0.264694,0.508940,0.318523,-2.958606,0
0.087592,-0.599633,1.247039,0.163852,-1.009959,0.336543,-1.499998,0.165367,1
2.461715,0.476293,1.296807,-0.160346,0.768598,0.254908,0.655664,-1.198563,0
-0.712675,-0.836749,1.092583,0.194648,-0.721428,-0.506435,-0.277344,-0.912035,1
-0.020499,-0.289275,-0.776873,0.488285,-1.084258,-1.564971,0.517518,0.621557,0
-1.351844,0.413173,0.458327,0.364696,-0.345255,-0.195503,0.605133,-1.100538,1
1.203021,0.494767,0.741377,0.144824,-0.449117,-1.048148,-1.679924,-0.397531,0
-0.802789,-0.050349,-2.266022,0.231489,-1.845379,-0.269722,-0.260756,1.188264,1
-0.540256,0.014265,1.126732,0.556003,0.428184,1.359812,-0.284978,2.172092,0
-1.326291,0.022082,-1.887824,-0.171048,-1.083562,-1.254961,-1.044169,-0.020768,1
1.144403,-0.044166,0.256223,0.232304,1.565513,-0.925978,2.254608,-0.352741,0
-1.075006,-0.804779,0.669908,0.598789,0.665437,-0.410291,-0.748970,0.870508,1
1.036725,0.810288,0.890661,0.788150,-1.087711,0.548943,0.116264,-0.424721,0
-0.043887,0.650577,0.827693,0.299382,0.488959,-0.168571,1.597739,-0.295046,1
-0.560841,-0.599723,-0.360243,0.219100,0.545197,-0.097268,-0.024982,0.585153,0
-1.632930,-0.313420,0.861103,0.465742,0.201565,-0.629299,1.618172,0.626802,1
0.106016,0.351717,0.428478,-0.133717,0.318643,-0.116980,1.230313,1.075288,0
-0.506465,0.362420,0.232470,-0.133148,1.006799,-0.689075,0.342505,-0.566293,1
0.867998,-0.302243,1.109580,-1.058100,-0.183759,1.161681,-0.092405,0.637884,0
-0.327155,-1.701828,-0.827754,-0.100693,-0.290616,-0.551560,0.286158,-0.383185,1
2.147372,-0.287688,0.677322,1.035678,0.645116,0.456226,-0.532741,-0.203717,0
-0.791736,1.192587,1.014986,-0.155873,0.295261,-0.797114,0.832193,-0.425909,1
0.191896,-1.320646,-0.743288,-1.736499,0.097644,-0.679529,1.166073,0.452240,0
-0.873463,-0.764380,0.221641,0.950508,0.123265,-0.713463,-0.835588,0.677990,1
0.629169,0.613662,0.303370,-0.678507,0.219345,-0.285383,-1.401787,-1.562298,0
-0.643908,-0.247905,-0.459925,0.039647,-0.610253,0.360498,-0.861845,0.939566,1
0.710650,-0.045637,-0.036738,0.611665,-0.936468,0.862609,-0.747938,-0.590916,0
-1.097774,-0.563807,-0.032462,-0.167071,0.859125,0.141578,-0.206476,-0.264788,1
1.804312,-0.802481,0.274669,1.022087,-0.015963,1.798354,-0.173941,1.082654,0
-0.089881,0.933916,-0.263786,-0.482352,-0.515756,-0.099730,-1.194242,1.474961,1
2.958078,-1.423135,1.229830,-1.376965,0.732458,0.332473,0.595273,0.511173,0
-0.683562,0.995026,-0.460820,-0.812079,0.054920,-0.370832,-1.177826,0.233741,1
2.225130,1.428845,0.066840,-0.796457,0.521781,-0.819010,0.711928,-1.575328,0
-1.713048,-0.049367,0.953783,-0.879967,-0.388101,-0.113230,0.466316,0.097472,1
1.472299,0.661875,0.634561,0.686796,0.200635,1.096128,-0.327255,1.288001,0
-0.834261,-0.056655,0.219687,0.266860,0.467203,0.867841,1.404246,-0.347819,1
2.246983,-0.747232,-0.879573,-2.023903,0.791443,0.004517,-1.305852,0.858150,0
-0.834859,1.134844,1.289109,0.771159,-1.624463,0.782027,0.060272,0.262533,1
-0.156313,1.172791,-0.415989,0.138783,-0.219553,1.673214,0.773868,0.365903,0
-1.068916,0.615025,-0.925195,0.342952,-0.209007,-0.830150,0.520273,0.111712,1
1.783195,0.229457,0.908708,-1.108297,-1.666275,1.741565,0.415626,0.261796,0
0.222966,-0.142361,0.036203,0.114562,-0.614131,-0.450253,0.511758,-0.493131,1
1.949134,-0.814412,0.126555,-0.714815,1.233500,0.717520,0.542564,-0.250722,0
-1.212356,0.611931,0.857686,-0.752743,0.574539,-0.172314,0.423550,-0.592462,1
0.077867,-0.433471,0.875348,-0.339690,-0.212349,-0.951104,0.289144,-1.157743,0
-2.050620,-1.367634,0.451195,-0.834275,0.633612,1.289233,0.527375,0.386878,1
1.903845,-0.746163,-0.397011,0.309899,-0.318275,0.641896,1.086205,-1.070553,0
-1.196311,0.958062,-0.108897,0.059749,-1.900416,-0.420638,-0.720932,-0.023403,1
-0.617437,0.179039,-1.148805,-0.245125,-0.740274,-1.097170,-0.297899,1.178264,0
-1.358017,0.828546,1.351908,-0.927300,1.551757,0.111875,-0.272802,-1.196569,1
-0.122573,-1.367327,0.700797,-0.489177,-0.229956,-2.329434,-0.203687,-0.550023,0
-1.921417,0.660038,0.431246,-0.045970,-1.133163,-0.219520,-0.043492,0.087253,1
1.353688,-0.062752,-0.181152,-1.058661,-0.984342,-0.818172,0.487140,-0.890076,0
-0.161351,0.329320,-0.418450,-0.752879,0.175988,-1.518315,0.423911,0.459557,1
0.615442,1.650826,1.010920,0.623122,0.375435,-0.104838,0.791891,-0.930316,0
-0.046521,-0.797390,0.513963,0.439340,-1.000638,-0.736819,0.281589,-0.435392,1
2.532255,-0.037468,-0.839886,-0.272503,-1.448978,0.697089,0.730944,0.841309,0
0.434000,-0.416585,-0.088118,1.294814,-0.143414,0.477675,-0.855547,0.646734,1
1.232785,-0.304258,-0.524580,-0.442143,-1.253235,0.206947,-0.324436,-0.232847,0
-1.230156,-1.072415,0.288266,-0.106715,0.791769,0.827323,-0.442393,0.235248,1
2.120611,0.132048,-0.264739,-0.256959,0.730122,-0.144394,0.163811,2.214118,0
-0.689529,-0.081278,0.269032,0.891701,0.114591,-0.589242,0.346702,-0.088114,1
1.053931,-0.513186,0.730736,0.462355,1.247441,0.151973,0.654699,-0.870741,0
-1.328286,0.477067,0.914779,-0.909995,-0.180230,-1.297166,0.655311,0.029070,1
1.556790,1.501037,0.182251,-0.434977,-0.241828,0.276836,0.404531,-0.325566,0
-1.756869,-1.005550,-0.061944,0.912426,-0.304107,0.292001,0.422659,-0.115040,1
0.660342,-0.014344,2.002806,-0.113363,0.448475,-1.188619,-0.619078,1.540025,0
-0.086664,0.157412,-1.080955,0.237981,0.663506,0.100524,0.097579,0.030625,1
-1.052653,-0.594201,0.272605,0.930238,-0.656074,0.621593,-0.874069,0.063107,0
-0.803172,-0.488695,0.077280,0.031864,-0.030792,-0.442279,0.242553,-0.980515,1
1.231546,-1.276253,0.511853,-0.571713,-1.847614,-0.226029,-0.484133,0.387709,0
-0.721219,1.101216,-0.263517,-1.255987,0.948138,0.963965,-0.052659,0.881452,1
1.837870,0.232046,0.407769,1.126773,-0.245888,-0.504343,0.149184,0.127528,0
-0.430079,-1.259264,0.156558,0.845837,0.316409,-0.174821,-1.132401,-0.617251,1
2.010654,-0.795318,-0.606514,1.187325,-0.527386,-0.179029,-0.629772,0.579269,0
-0.643372,-0.680223,-0.834602,0.615419,-0.762489,0.368180,-0.948005,0.024928,1
0.594252,-0.299149,-0.809751,1.088821,-0.330976,0.494379,0.261024,0.079892,0
-0.148701,0.313964,0.924486,0.341872,0.154354,0.108121,-0.818925,-0.770567,1
1.219328,-0.224226,-0.014149,0.352638,0.988755,-0.211597,-0.225992,-0.592805,0
-2.203203,0.757806,0.859147,-0.177171,-1.026513,-0.924347,-0.049064,-0.171722,1
1.645925,-1.497219,0.290955,0.564641,-0.499673,0.450282,-1.437504,0.175059,0
-0.800522,0.236874,-0.835631,0.219259,-1.198125,-0.437161,0.086702,0.822615,1
1.951425,-1.358660,0.955384,-0.313747,-0.219035,-0.610405,-0.611734,0.585452,0
-3.253795,-0.364098,-0.677481,0.115754,0.369456,-0.798747,0.280155,-1.488177,1
0.896047,-0.635048,-0.427852,-0.378824,-0.901615,0.899117,-0.562560,-0.131044,0
-1.618117,-0.752013,-0.739351,0.355545,-0.789901,-1.134930,-1.264750,0.389042,1
0.492744,0.435278,0.453202,0.949682,0.289594,-0.697302,0.851669,-0.388762,0
-0.250463,-0.595352,-0.369721,-0.260160,0.950648,-0.312022,1.548253,1.797124,1
0.047433,-1.247588,-1.325274,0.715337,-1.030259,-0.536693,-0.226653,-0.569206,0
-2.478742,0.123467,-1.030022,0.787776,0.526086,0.438342,0.120134,0.239929,1
-0.542686,0.130957,0.070220,-0.200279,0.377008,-1.076204,-0.873411,0.074907,0
-0.436701,0.349036,-1.314226,-0.616580,0.967203,1.589896,0.389306,-0.273877,1
0.070622,1.190261,-0.903451,0.881480,-0.908300,0.848615,1.061600,0.107422,0
-1.113813,-1.420324,-1.191281,-1.832807,-0.272409,0.141375,-1.224237,0.304503,1
0.590075,-0.252478,-1.781813,-1.161129,1.437682,0.532955,0.611823,0.504917,0
-1.461951,-0.526857,-1.083577,-1.310269,0.711752,0.478538,0.951154,-0.967020,1
1.017950,0.455937,0.176291,-0.343872,-0.547665,0.659994,-0.682690,-0.067898,0
-1.135512,-0.270965,-0.996054,-0.076078,0.607086,-0.108343,-0.723274,0.181042,1
-0.648162,0.316484,-0.244114,0.760175,1.149138,-0.547806,-0.921170,-2.059183,0
-0.176101,-0.611942,0.251250,-0.263533,0.228823,1.182107,0.352391,-1.159713,1
1.120529,0.634357,-0.872432,-0.711919,-1.219218,0.925447,0.604696,0.127968,0
-1.339412,-1.069679,-0.425416,-0.986152,0.591380,0.275100,-0.118470,-0.307719,1
1.669848,-0.227273,0.875001,-0.024142,-0.346621,0.067696,0.111581,0.155599,0
-1.876841,0.095345,-0.382651,0.527196,-0.372008,0.286345,-0.804923,-0.675337,1
1.245555,0.604645,0.742936,-0.623014,-1.688886,1.150419,-0.487447,0.129148,0
-0.929664,-0.235974,-0.380189,-1.192833,-0.128609,0.136747,0.488546,0.127047,1
0.395153,2.161964,-0.003515,0.672786,-1.087842,-0.143300,0.564215,1.304505,0
-0.743931,0.738256,0.364068,1.533585,-0.215927,-0.153297,0.181991,-0.909513,1
0.223069,0.340602,-0.243152,0.250077,0.599886,-1.891329,-0.119903,0.049119,0
-0.055759,-1.202745,0.026371,-1.844547,0.148085,0.496826,-0.807890,1.029475,1
0.641779,0.673732,-0.319264,1.121525,0.146002,0.333275,-0.142792,-0.347178,0
-0.214270,1.297481,1.207010,0.620012,0.027240,1.680012,0.389873,-0.735691,1
2.749972,-0.762819,-0.670778,0.050624,0.851178,-2.290767,0.235725,0.860792,0
-0.969658,-1.498392,0.120197,-0.369321,-0.611612,-0.336350,-0.666682,0.350163,1
1.318704,-0.825153,-0.894208,0.889478,0.411221,0.385839,0.502547,0.569403,0
-1.376117,0.510223,0.247458,0.412752,0.641907,-0.612707,-0.000453,1.640850,1
-0.030069,0.824129,1.485043,-0.624976,-0.400568,0.609003,0.787865,0.435054,0
-1.852455,0.912535,0.466572,0.055534,-0.030323,0.431392,0.166482,-0.058803,1
0.655207,-0.066434,0.297692,-0.764933,-0.663837,-0.768387,-1.178400,0.908434,0
0.423038,0.123420,0.363111,0.604479,1.434625,0.015813,-0.268118,0.292464,1
0.876898,-0.872760,0.548977,0.796842,-0.535080,-0.212286,-0.483418,0.452276,0
-1.688920,-0.499228,-0.100313,-1.763295,0.251452,0.224777,-0.961762,-0.472726,1
3.374774,-0.344134,0.007324,-0.226358,0.215348,0.051227,1.047276,-1.523817,0
-0.764199,0.707466,-1.362467,-0.252412,-0.711095,1.807668,0.933731,1.593859,1
0.297904,0.698140,0.613671,-0.110623,-0.542680,2.105166,-0.751908,-0.441738,0
-1.934255,-0.397905,-0.096903,-1.124481,-0.796815,-0.418800,-1.177065,-0.040213,1
2.588292,-0.871983,-0.981677,-0.827751,-0.851645,1.726863,-0.510616,-0.675938,0
-1.995239,0.733464,-0.001662,-0.114336,-0.676677,-0.064407,-0.102139,0.108757,1
1.031019,0.152056,-0.740285,0.678810,-0.309044,0.302976,-0.210288,-0.681747,0
-1.273040,2.044251,-0.098450,0.893910,0.382790,-0.366229,-0.787686,-0.064368,1
1.732264,0.239322,-0.452685,-0.341865,0.421906,1.404084,-0.623077,0.180362,0
-0.665220,0.247112,-0.955788,-0.104510,-0.646537,-0.777835,-1.783148,-0.140219,1
1.443242,0.971164,0.637187,-0.487356,0.863089,0.765623,0.625540,-0.567576,0
-0.034830,-0.864972,-0.058698,1.066342,0.249331,0.575783,-0.299881,-0.498139,1
2.026891,0.282895,0.281523,-0.887250,-0.525536,-0.815046,1.015805,0.878563,0
-1.267671,0.198753,0.599959,0.153170,1.626010,-0.561588,1.072603,0.311103,1
-0.271341,-0.289426,-0.979438,0.909600,-0.369011,-0.740607,-0.852634,1.205276,0
-0.567678,0.004416,0.062800,-0.500403,0.178055,-0.319603,-0.165854,-0.758100,1
2.579002,-0.132006,0.539797,-0.351598,0.416323,0.214896,0.608456,0.143956,0
0.242414,-0.116799,0.688855,0.337003,1.496474,-0.849832,-0.835195,0.322917,1
0.535366,-0.271501,1.394626,0.679328,0.765158,0.677238,1.737983,0.446686,0
-0.167588,0.980513,-0.322080,0.937384,-0.559491,-1.184201,0.709953,0.422704,1
1.816521,-0.646263,0.760634,-0.327581,0.682575,1.092795,0.014006,0.989990,0
-0.708737,-0.774580,0.252561,-0.060632,-0.193481,0.045666,-1.973066,-0.323236,1
1.924429,-0.969120,-0.138016,-1.223368,1.023782,0.526262,0.987705,0.583194,0
-1.264575,-0.379000,-0.515160,-0.926614,-0.525160,0.088335,-1.130841,0.710106,1
-0.136883,-0.205165,-0.052356,0.550749,0.837234,-0.894295,-0.062345,-0.655405,0
0.001973,-0.308150,-0.345446,-0.264967,-0.363106,1.054175,-0.291647,-0.513891,1
0.460193,0.700814,0.511873,0.028733,-0.193358,-0.092039,0.402051,0.361281,0
-0.846218,-2.539406,-1.445219,-0.562584,-0.003365,-0.138423,-1.478638,0.104834,1
2.063359,1.909035,0.944803,0.822846,-1.376754,-0.025415,-0.834606,-0.544775,0
-2.354239,-0.765126,-0.792951,0.884708,1.234696,0.920584,0.275229,0.261090,1
0.836970,-0.252581,-0.075309,0.604765,0.817006,-0.787998,0.388729,-0.227134,0
-0.502495,0.965528,0.423160,-0.974118,1.868259,0.636425,-0.788433,0.265271,1
-0.049183,-0.671355,-0.075254,-1.524755,0.517231,1.649551,0.913376,-0.433639,0
-1.087344,0.238588,0.203992,0.182291,0.589315,-0.565985,-0.265466,-0.782475,1
1.747802,-0.424964,-0.323754,-0.257080,-0.159096,0.094058,0.849813,-1.037847,0
-0.716906,0.474401,-1.267926,0.121745,-0.197999,0.001772,0.021304,0.466709,1
1.958219,0.411299,-0.233305,-0.915922,0.297314,-0.233940,-1.432099,0.341747,0
0.128357,0.580372,-1.429074,0.032782,-0.976178,-1.714296,-0.825416,-0.811545,1
0.859977,-0.462311,0.185520,0.287050,0.543557,1.189078,1.163644,-0.513392,0
-1.706645,-0.652406,-0.693188,-0.566920,0.598644,-1.724919,1.147222,-1.669989,1
2.005341,0.011379,0.717632,-0.317209,0.502414,0.371931,0.580952,0.077868,0
-1.205381,0.159117,0.800206,0.984380,0.132895,0.767595,-0.402553,0.245851,1
1.600428,0.533855,0.761374,-0.459365,-1.214977,0.821060,-0.603484,-0.325130,0
-0.572160,-0.525655,-0.912412,-2.157465,2.240568,-0.144570,0.157964,-0.862947,1
1.847080,-2.131377,-1.164803,0.857956,0.249478,-0.362868,-0.798579,-0.404044,0
0.364923,-0.964725,0.134138,-0.810121,0.466080,-0.466520,1.002871,-0.511549,1
1.921740,1.116627,-0.093561,-0.305680,-0.420873,0.154557,-0.668854,-0.598834,0
-0.873581,-0.095272,-0.991477,-0.311071,-0.739482,-0.327282,-0.864178,-0.794561,1
-0.254740,-0.147904,-0.097814,0.331218,0.675567,-0.166483,0.564858,-0.415972,0
-1.955124,-0.131873,-0.928978,-0.351410,0.929881,-0.739164,0.619477,1.102683,1
1.674650,-0.169611,-0.550357,-1.046537,-2.304962,-0.416328,-0.514963,0.533698,0
-0.866115,-1.129368,0.229212,0.212732,-1.063355,0.476868,-0.942580,-0.010163,1
1.656523,-1.056396,0.748125,0.218431,-0.022172,1.501987,-0.666590,-0.924461,0
-1.350248,-0.348121,0.154851,-0.801879,0.164462,-0.109196,-0.162836,1.259514,1
1.069353,0.597742,0.811792,0.840792,-0.059315,-0.208665,-0.088949,0.932122,0
-0.359361,-0.034360,0.645835,-1.346016,0.020144,0.540977,-0.179090,0.775046,1
0.766608,-0.274006,0.711552,-1.492986,-0.321561,-0.357670,0.484373,0.338635,0
-0.097367,0.434767,-0.483787,-0.223145,-0.657451,0.350725,1.204857,0.451253,1
-0.544482,0.595128,0.357371,-0.071560,1.078079,0.612571,0.733758,-0.355141,0
-0.892605,2.083494,-0.254874,0.002570,1.314678,0.838635,-0.323329,1.039934,1
3.156055,0.394361,0.287458,0.314951,-0.057345,-0.727937,-0.296460,0.577797,0
-0.369092,1.120935,2.155940,-1.302297,0.576826,-0.232443,-0.742755,-0.421637,1
0.447856,0.002815,-0.142666,0.002196,-0.432294,-0.100991,-0.637991,0.198128,0
-0.027606,0.538863,-0.213835,0.598837,-1.275189,-0.010065,0.313247,2.337872,1
1.213640,0.939580,0.274417,-0.570570,0.055300,-0.503468,-0.920682,0.824918,0
-0.997773,-0.655772,-0.469883,-0.525299,-0.147794,-2.114820,-0.021571,-0.035601,1
1.747250,-0.329771,-0.314223,0.223934,-0.340073,-0.047719,0.946093,-0.499994,0
-1.507164,-0.026468,0.766273,0.212545,-0.086653,1.136338,-0.085171,0.421527,1
0.387837,-0.938136,0.537536,0.699932,1.265970,-0.107260,0.341501,-1.300644,0
-0.149393,-0.429260,-1.228002,-2.029027,-0.865059,-0.567864,-0.670454,1.059406,1
0.183002,-0.295601,0.619647,0.805190,-1.251436,0.264805,0.045830,-0.890486,0
-0.712029,-0.395785,0.323094,0.709847,-0.132351,-0.916854,0.575226,0.636996,1
1.353874,-0.564416,0.666553,-0.196937,-1.108412,-0.375109,-0.378125,-1.089739,0
-1.006798,-0.859630,1.247757,1.838992,1.063973,-0.070436,0.242784,0.557967,1
0.757173,1.028612,-0.958086,-0.456324,-0.840316,0.489855,0.813727,-1.439720,0
-0.358316,0.790848,-0.402837,-0.272070,1.239217,0.330276,0.406382,-0.483769,1
1.539074,0.598045,1.369957,0.772373,-0.523249,0.985204,-0.226166,-1.401218,0
-1.050575,-0.042157,0.392172,-0.998703,0.885221,0.291830,0.500671,1.079068,1
1.997155,-0.214850,-0.295796,0.723092,0.393888,-1.128955,-0.329561,0.254902,0
-0.020021,-0.170747,1.611928,-0.625209,0.000003,-0.628759,-1.148518,0.674433,1
3.072365,0.588102,-0.274830,-0.837228,-0.710457,-1.180125,-1.375324,-0.073309,0
-0.197978,0.187983,-0.633732,0.928512,-0.315884,1.336802,-0.558571,-0.105161,1
0.711918,-0.618346,0.349405,-1.404734,-0.307482,0.581268,-0.758434,-0.967211,0
-0.687388,1.448496,-0.236255,-0.112537,-0.337058,-0.239405,0.192132,-0.713506,1
1.021172,1.135071,0.146448,-0.331358,0.942657,-1.024813,-1.609401,0.816481,0
-0.891325,-0.612527,0.521096,0.564669,0.610100,-1.127629,-0.716783,-0.431392,1
1.748158,-0.988670,0.427612,-0.371905,-0.024774,0.026651,-1.094185,0.960483,0
-0.261809,-1.189544,-0.119397,1.125756,-0.412241,0.818213,-1.205527,-1.772844,1
2.966882,-0.831331,-1.233582,0.792462,0.614352,-0.030635,0.724892,1.143039,0
-0.762991,1.081921,-1.388459,0.261675,-0.870907,-0.312478,0.364467,0.009086,1
2.137722,0.000400,0.461197,-0.051037,-1.061822,-0.634588,-0.558166,1.568921,0
-0.605195,-0.325049,1.767020,-0.619136,-0.297311,0.705385,0.045954,-0.541235,1
0.886240,-0.518706,-2.043397,-0.091578,-0.191193,-0.996321,-1.276272,0.348953,0
-0.384491,0.103766,0.345362,0.789576,0.892487,-0.655241,0.155455,0.329254,1
1.129033,0.345152,0.025442,-0.001486,0.358390,0.064600,1.334831,-0.344742,0
-1.024532,-0.078589,-0.284933,-0.276478,0.132363,-0.753294,0.612633,0.651807,1
0.337448,0.333913,-0.574981,-0.810903,0.092967,0.539519,0.590469,-0.377467,0
-0.464206,-0.724098,-0.743741,-0.357017,-0.680823,-0.417105,-1.452844,0.566240,1
2.288460,0.079860,1.025588,0.096801,-0.929364,-0.875576,-0.096474,0.922209,0
-0.372831,1.306587,-0.622544,-0.337420,-0.374719,-0.213969,-1.168254,0.913851,1
0.068402,-0.824982,0.361967,0.326617,1.282598,0.375635,0.873937,-0.400885,0
-0.321773,-1.362548,-1.307884,-0.069755,0.186050,-0.119888,0.673166,-0.266576,1
1.635554,0.917263,-1.009723,0.084992,0.134651,-0.812760,0.589834,0.368610,0
-1.421298,0.764156,-0.123559,-0.040053,0.451817,1.154970,0.785035,-0.359997,1
0.348021,-0.927408,0.516122,-0.325575,0.396178,1.427540,-0.491201,-0.009898,0
-1.743758,-1.446920,1.175320,0.563620,0.695995,-0.275478,-0.613920,-0.086976,1
1.668629,0.826345,0.447342,-0.501247,-0.167226,0.717966,0.078507,0.862638,0
-1.710607,-0.149608,-0.804596,0.213283,-0.781706,0.142350,-0.375150,-0.898253,1
0.397243,-0.102690,-0.916288,-0.313938,1.082525,-0.064689,-0.884345,-0.268183,0
-0.050876,0.094943,-0.300408,0.587888,-0.281751,-0.949561,0.071375,0.699075,1
0.847594,-0.378446,-0.629313,-0.188260,1.333828,-0.517649,-0.857527,-0.130313,0
-2.874306,-0.968612,0.270900,-1.347756,-0.603271,0.673942,0.936407,-0.117910,1
1.624851,-0.745171,-1.132871,0.282434,0.529464,0.152738,-0.087842,0.215980,0
0.123752,2.533599,-0.418427,0.033843,-0.598657,-0.093527,-1.068770,-0.493701,1
-0.094263,-1.409893,0.892140,0.276881,0.846147,0.318830,-0.334178,-0.656076,0
-0.477273,-0.394053,-1.162915,-0.353666,0.429532,-1.510033,-0.700858,0.022025,1
1.544038,-0.354107,-0.568475,-0.468839,-3.445037,0.139375,-0.148909,-0.461277,0
0.421936,1.354674,0.383601,1.256529,0.175844,0.662561,0.882161,0.287951,1
1.597509,-0.136687,0.972798,-0.297600,-0.176042,-0.947598,0.361906,-0.655412,0
-1.292437,0.538265,-1.127084,0.995638,0.643895,-0.261354,0.736363,0.146641,1
2.354258,-0.828829,0.275611,-0.114642,0.968336,0.525107,-0.392993,-0.578623,0
-1.024014,0.631906,-1.429383,-0.439996,0.092046,0.413327,0.336373,0.168496,1
0.462784,-0.578163,0.446223,-1.181435,0.333321,0.450554,-0.773016,-0.332514,0
-2.464626,0.818831,0.191175,-0.306050,-1.015416,-0.050185,-1.394719,-1.347822,1
0.123215,-0.251671,-1.136459,1.912853,-0.707705,-0.206107,-0.112690,1.007102,0
-2.140775,-0.129797,-0.418150,0.617849,-0.004200,-1.630813,1.258734,0.191568,1
