1.325571,-0.239006,-1.840964,-0.571559,-0.800757,0.952266,-0.355624,0.841535,1.438591,-0.140850,-0.257904,-0.508072,-0.886999,0.472882,0.512994,0.509086,0
-1.979184,-0.840905,-2.190655,-0.697443,-0.303885,-0.779419,0.138041,0.129612,0.534373,-0.655122,-1.568888,-0.707018,0.560395,-0.553976,0.337860,-1.114724,1
1.958699,-0.670804,0.788720,-0.964365,0.195189,-0.347663,-0.299072,-0.774857,0.892910,-0.200238,0.109747,0.467337,-1.755661,1.151081,0.778812,1.010620,0
-1.076358,-0.355561,-0.181266,0.029320,0.544538,-0.737527,-0.467731,-0.152138,0.032438,0.507874,0.766253,0.111044,-0.335838,1.725271,-0.212459,0.476208,1
0.471000,-1.475649,-0.336129,-0.659939,1.024694,1.061743,-0.702440,0.632484,-0.934757,-0.028491,0.583452,-0.049222,0.948594,0.810617,1.319522,-0.866604,0
-2.712554,0.928700,1.643587,-0.663670,0.545015,-0.945420,1.271926,-0.513699,-0.467498,0.415512,-0.108626,0.220575,0.486706,0.127001,1.105716,2.504027,1
0.003880,-0.289285,0.143412,-0.758502,0.090282,0.156358,-0.683761,-0.213213,0.525448,1.385705,0.705649,0.258508,-0.329396,0.157503,0.245126,-0.380046,0
-1.106914,0.232178,-0.711945,-1.303649,-0.162505,1.112087,-1.172581,-1.730340,-0.047787,-0.977674,0.991912,-0.684003,-0.459929,0.200327,0.104379,1.232774,1
1.497623,0.389146,0.907499,-0.602935,-0.388512,-0.020616,-0.539426,-0.695024,0.664398,0.009640,-0.659765,-0.571381,-0.483016,0.472997,-0.394413,0.003908,0
-0.365359,-0.828771,1.304289,0.634851,0.468289,0.675092,-0.478522,0.522535,-0.183052,-0.270167,-0.659579,-1.309931,-0.995564,-0.504410,-0.697365,0.941340,1
-0.509262,0.742917,-0.080997,0.302395,0.446780,1.647280,0.837350,-0.482119,0.076752,-0.315834,1.444007,-0.731380,1.333167,0.322613,-1.390331,0.086874,0
-1.298445,2.289162,0.456091,0.285829,1.092308,-0.350752,-1.369389,0.534688,1.125958,0.380407,1.617205,-0.841291,0.148218,0.316633,-1.285356,0.313080,1
1.043580,0.361216,0.198698,0.548677,0.610976,0.241513,0.569652,-0.732114,-1.597626,-0.603140,0.924856,-0.420365,0.560673,-0.190042,0.274397,0.563803,0
-1.198244,0.659854,0.124981,-0.528904,0.674676,2.113212,0.598282,-0.986641,-0.236645,-0.438247,0.637726,0.013159,-0.066918,-0.763790,-0.386493,-0.449866,1
0.658705,-1.011283,0.745714,-0.467570,1.131472,-0.613580,1.781016,0.359191,-0.440271,-0.748486,-0.425430,1.283202,0.107617,-0.253054,0.297168,-0.617449,0
-0.920477,0.789351,-0.083905,-0.994896,-0.714135,-0.945435,0.938491,0.395830,-0.844004,0.616549,-0.338321,-0.476936,0.036070,0.084107,1.445037,-0.278554,1
1.051724,0.551560,1.097652,-0.476790,-0.010724,-0.803595,0.353037,0.009190,-0.776532,1.262802,0.280496,0.269871,-1.049998,-1.744693,0.984371,-1.458478,0
-1.785346,0.387162,-0.435902,-0.581677,1.607846,0.160364,0.134331,0.152467,-0.605098,1.027377,-0.062378,-0.489913,-0.334850,1.399332,-0.480120,0.133243,1
-0.216657,-0.454590,-0.928548,0.540552,0.299616,1.467303,-0.113242,1.404709,0.232003,-0.924946,0.838403,-0.682504,0.222094,-0.107539,0.656068,-0.368554,0
-1.821766,-1.478533,-1.551230,0.564944,1.837085,-0.998126,1.139960,0.270592,0.111037,0.288261,-0.458635,0.612954,-0.898659,0.296164,-0.424934,-1.478922,1
1.988881,-0.467817,0.366764,-0.057799,0.387615,-0.672783,0.018823,0.176525,-0.142122,-0.539392,0.922281,0.209379,-0.407028,-0.267781,0.158190,0.453681,0
-0.579031,-0.440276,-0.544127,0.815478,0.617669,-0.734344,-0.784689,0.999841,0.269682,0.258510,0.479553,0.285475,-0.915215,-0.079780,1.070404,-0.924819,1
0.795589,0.824598,-0.501596,0.783469,0.168849,-0.973317,1.465155,-0.104882,1.718403,0.011030,1.165624,0.091275,-0.265365,1.020155,-0.700952,-1.525672,0
-0.114081,-0.236227,-1.234555,-0.065108,-0.375551,-0.364474,0.487682,0.575458,0.070549,0.216346,0.089764,0.427698,-0.349065,1.407651,1.159528,0.447026,1
2.359630,-0.299448,-0.548878,1.720428,-0.287004,0.092470,0.388001,0.014318,-0.524513,-0.269188,-1.329625,0.360356,0.834760,0.793150,-1.358692,0.149206,0
-1.589089,0.383688,-0.015867,-0.736537,-1.073707,-1.336500,-0.449611,-0.667937,0.138494,-0.561162,-0.942934,1.049525,-1.527139,-0.681014,-0.885458,0.389850,1
0.413240,0.794738,0.532562,-0.002303,-1.876105,0.364597,-0.828974,-0.045228,-0.159172,0.704458,-1.319711,-0.517345,0.401748,-0.313587,-0.839126,-0.633096,0
0.481142,0.635418,-0.853810,-0.480570,1.037248,0.090168,-0.669768,-0.322443,-0.835165,-0.353264,0.014594,1.438517,-0.961550,1.274672,1.100846,0.908474,1
3.200080,0.153251,-0.797611,-0.706903,-0.184675,0.051550,-0.032400,0.333728,0.923817,-0.362608,-0.075570,-0.647456,-0.014816,0.649853,0.480953,0.122453,0
-1.898501,-0.108954,-0.032593,0.036819,-0.800999,-0.637475,0.740231,0.195236,-0.412499,-0.765280,-0.149946,0.839920,1.462773,-0.982886,0.196100,-0.125113,1
1.449496,-0.632417,1.444938,0.206261,-0.559416,0.945876,0.054519,-0.293585,-0.289386,0.977761,-0.010108,-1.738632,0.989369,0.064054,-0.614709,-0.278697,0
-0.724051,0.641045,-1.434453,1.377244,-0.857385,0.667422,-0.295013,-0.529704,0.464118,-0.546346,-1.331880,0.848509,-0.840284,0.340609,-0.630144,-0.540527,1
1.885244,-0.333337,-1.368107,0.409840,-0.151738,0.228016,1.574120,-0.342062,0.766544,-0.275193,-0.309545,-0.600587,-0.645650,0.053657,0.411555,0.278380,0
-1.494117,1.999279,0.077445,-0.510161,-0.721376,0.160931,1.062262,-0.124911,0.470343,0.839097,0.522584,0.150793,-0.827340,0.495939,-0.733217,-0.215961,1
2.071696,-0.702366,-0.449800,-1.164492,-0.151894,0.573474,-0.288100,-1.241010,-0.085657,1.296547,-0.766925,0.459417,-0.595834,-0.491169,0.078575,0.199157,0
-0.754877,0.134351,-0.153064,0.690201,-0.917165,0.228496,0.143529,-0.003839,-0.928562,-1.216340,-0.150178,-0.782501,0.339712,0.049587,0.842863,-0.322440,1
0.161536,-0.490352,0.431921,-0.451124,-0.217081,0.191738,0.324174,-0.344157,-1.162587,-0.863447,0.344619,-1.197711,0.381615,-0.402034,-0.065294,0.100870,0
-1.565412,-1.653624,-1.151573,0.771592,-0.448974,1.711715,1.337924,1.065961,0.475472,0.794427,-0.429342,-0.222937,-1.233900,-0.428395,0.666828,-0.475529,1
1.674111,-0.262996,-0.351908,-0.007568,-0.480794,-1.621101,0.716378,0.797263,0.367511,1.384226,-0.652298,-0.944185,0.643040,-1.183057,-1.360620,-1.300415,0
0.342589,-0.530599,-0.140071,-0.654617,0.587433,-0.740881,0.465937,-1.428548,0.567368,-0.296371,-0.699045,0.384398,-0.187960,-0.482166,0.090052,1.302769,1
1.023300,0.743649,-0.716933,0.391233,-1.171688,0.176916,-0.017287,1.308691,-0.534943,-0.569694,0.112842,1.062609,0.564445,-0.203411,0.106473,-0.452855,0
-0.822238,-0.020041,-0.110936,-0.287617,-0.371155,0.453031,0.312287,-1.742031,-1.080227,-0.702233,-0.116660,-0.317710,-0.903611,-0.426647,-1.447445,0.177757,1
1.274235,-0.401494,0.410418,0.232250,0.419889,-0.301027,-0.598987,1.093172,-0.705783,0.111020,0.073022,-0.096547,0.399727,-1.298103,-0.144835,0.687769,0
-1.071304,-0.047512,-0.105834,-0.337931,-0.745402,0.442284,0.543969,0.658450,-0.543314,2.785678,-0.494530,-0.081539,-1.451229,0.270301,-1.023404,0.255347,1
-0.823697,-2.384200,0.491530,1.229597,-0.316109,-0.707160,0.239102,0.026982,0.215386,0.956400,0.470596,0.079203,0.311061,-0.161620,1.840662,1.569990,0
-2.056749,-0.399446,0.333801,0.033748,0.315184,-0.030097,1.020426,-1.154164,-1.092775,2.436807,-0.053682,0.375991,1.045906,0.086515,-0.995773,0.282238,1
1.263723,0.752426,-1.290023,0.161209,-0.468286,0.693495,0.378395,-0.695636,-0.921363,-0.920482,-1.075448,-0.843485,1.341579,0.397948,0.990519,0.200670,0
-0.739262,-0.017629,-1.000793,0.077451,-0.199759,0.229984,-0.493649,-0.073740,-0.136626,0.660333,-0.674812,0.158270,0.764920,0.346827,-1.620897,0.083743,1
1.284745,-0.179457,0.813394,0.719329,0.823258,0.059766,0.682252,0.276592,-1.366717,0.004680,-0.701582,1.257735,-0.251514,-0.037752,0.328026,0.115707,0
0.295223,-0.146704,-0.896983,0.266597,-0.373345,-0.131711,-1.033718,-0.876036,0.072788,1.759356,-1.232164,-0.074451,-0.103229,1.089503,-0.450406,0.370489,1
1.613982,-0.848153,0.313010,-0.105937,1.156226,-0.056024,-0.166830,-0.016631,-1.906681,-0.693330,1.020947,0.431544,-0.443040,0.940409,-0.218702,0.425043,0
-0.695096,-0.827412,0.016508,-0.929181,1.638426,-1.907177,-0.550926,0.276563,0.028114,0.151418,-1.080119,1.847893,0.627274,-0.526778,-0.323247,-0.576876,1
2.150779,1.038671,0.351101,-0.865276,0.515740,-0.356570,-0.837949,-0.878066,1.564213,-0.065971,-0.121930,0.146274,-0.382586,0.511399,-1.225779,0.392276,0
-0.766145,0.439017,0.139477,-1.414681,0.615391,-1.121417,0.506212,-0.647207,0.604092,-0.357809,-1.210291,-0.062324,-0.355638,1.048139,-0.053597,-0.065059,1
1.220669,-1.221660,-0.587975,-0.218014,0.100539,0.275029,0.019515,-0.549706,1.713380,0.373367,-0.559540,-0.154013,0.259467,-0.040274,1.507047,0.482164,0
-1.080260,0.600439,1.563716,0.452237,1.464682,0.042024,0.050889,-0.942235,0.270310,-0.807331,0.197627,-0.127705,-0.358604,0.055690,0.783406,0.301343,1
1.848420,-0.170321,-0.332334,0.549778,0.545079,-0.614297,0.399023,-1.358260,0.080687,0.820461,-0.806192,0.493942,-1.676447,1.475800,0.476145,-1.220552,0
-0.516447,0.118093,-0.054274,1.134243,1.147960,-0.104615,0.151217,0.435680,0.766208,0.374973,0.404279,0.096513,-0.210510,-0.605947,0.809409,-0.731491,1
0.725537,0.680842,0.632314,-0.064748,0.454325,0.375490,-0.212914,0.450734,-1.085212,-1.323590,1.522275,-0.689805,0.304764,1.008256,-0.476474,-0.944948,0
-1.646250,-0.070640,-1.591845,-0.881910,-0.112293,-1.424479,0.253184,-0.225448,-1.570461,-0.497076,-0.115937,0.370691,1.120970,-0.122514,1.037588,0.426094,1
1.770175,-0.509366,-0.625475,-1.523368,-0.417644,0.594249,0.140563,0.506488,-0.128601,-0.681412,0.145369,-0.381764,-0.420316,-0.267503,-0.011537,-1.261157,0
-1.665647,0.152148,0.456064,-0.381772,1.166108,0.306370,0.207528,1.661108,-0.015556,-1.405380,-0.457350,1.147223,0.679716,-2.118485,-0.924744,-0.655661,1
-0.609425,-0.361794,-0.046342,-0.377179,0.408920,-0.769706,0.343634,0.688725,0.735727,0.186116,-0.409105,-0.274127,-0.494226,0.207959,0.238661,0.135667,0
-1.207557,0.653066,-0.307556,-0.083591,-0.507143,-0.695766,-1.005947,-0.418386,0.042160,0.354192,-0.051988,-0.815539,-0.107316,1.035398,-0.262029,0.033108,1
1.600054,0.707557,-0.386956,-1.167686,-0.740086,1.297140,-0.319458,-0.152347,-0.184663,-0.407964,-0.936898,0.010581,-0.321450,0.910558,-0.299556,-0.157563,0
-3.333620,0.323108,-0.157514,-0.142948,0.297869,0.327312,1.277847,-0.903038,-0.993035,0.703598,-1.031773,-0.524272,-0.465235,-0.777821,0.497041,1.169710,1
1.393667,0.299068,-1.571510,0.048738,-0.345345,1.350980,0.542833,0.895217,0.526356,0.051609,0.703459,0.992991,-0.200799,0.655664,0.744556,0.050589,0
-2.309648,-1.445828,-1.144855,0.701802,-0.054663,-0.014190,0.504337,-0.309463,0.613575,0.479388,-1.267272,-0.013195,-0.676618,0.180157,0.686402,-0.757959,1
0.169415,-0.561673,-0.725539,0.818561,0.006516,0.939378,0.123171,1.118082,-0.209054,-0.577266,-0.126748,-0.855228,-0.341177,0.205676,0.082350,0.097322,0
-1.959381,-0.670844,0.431417,0.440679,-0.406230,-0.536687,1.802714,0.458781,0.254757,0.753882,-2.227453,-0.244269,-1.209341,-0.637294,0.386166,-0.780554,1
0.212732,-0.255075,0.662670,-0.248271,0.395565,-0.387470,0.412671,0.687658,-0.317087,-0.189660,0.004405,1.008926,-1.454414,0.488003,0.366684,-1.024016,0
-0.834378,-0.053566,0.548032,-0.366686,0.440250,0.100406,0.127445,-0.462813,1.194871,1.018637,1.750057,0.211716,0.633597,0.967261,0.484384,-0.441265,1
1.115751,-0.638757,0.524646,-0.675504,0.381495,0.309420,0.317955,-1.357308,-0.721612,-1.179778,0.028203,-0.572691,1.158564,0.027015,-1.127394,-0.993699,0
-0.935743,-1.362535,-0.034066,-0.202172,-0.880334,-0.657657,-1.404093,-0.146895,-0.396538,1.149961,-0.391153,0.308687,-0.999116,1.262537,0.312091,-0.643498,1
1.371206,-0.012169,-0.460274,0.677721,0.707757,-0.132221,-1.414404,0.252174,0.407501,-0.122365,0.282656,-0.566480,-1.047350,-0.394937,0.076360,-1.200349,0
-1.949894,0.328926,-0.366392,1.023806,-0.028587,-0.660392,-0.264609,-0.571945,0.296440,-0.650011,-0.484277,-0.340580,0.626140,0.098402,-0.836725,0.401521,1
0.834554,0.221008,-1.069259,1.306715,0.291738,1.783350,0.192042,0.173155,-0.497620,-1.448975,0.183135,-0.339553,-1.570266,-0.139912,-0.296871,1.327471,0
-0.111682,0.647029,-0.403233,-0.435241,-0.528027,0.168125,0.743430,1.283348,0.004154,-0.239350,0.226742,-0.311673,0.473909,-0.120771,0.807261,-0.546268,1
1.664076,1.045349,0.437241,1.699857,-0.723422,0.004396,0.656445,-0.594456,2.381267,-0.245350,-0.822488,-0.271727,-0.939627,-1.010243,0.930427,-0.900786,0
-0.875824,-0.835838,0.703376,-0.111419,-0.686264,-0.157903,0.128837,0.329707,0.930573,0.344085,0.030138,0.544777,0.847142,-0.891921,0.117345,0.589830,1
0.631407,-0.491561,0.539642,-0.791308,-0.387355,0.922940,-0.992399,-0.728692,0.673895,0.345053,0.469333,0.713631,-0.755105,-1.358065,0.212335,-0.235262,0
-0.185024,-0.333021,1.057534,0.094793,-0.341658,-0.268135,0.801831,0.788491,0.800718,0.750197,1.349232,0.399071,-0.252814,-0.700712,0.893448,0.049147,1
0.749179,2.182296,-0.938208,-1.266707,-1.743357,-0.503236,1.267533,-0.239002,-0.054822,0.274314,0.518818,-1.023213,-0.032649,-0.291430,0.262386,0.595635,0
-2.701544,-0.560262,-0.507453,-0.037065,-0.750232,-0.432476,1.149325,0.169550,-1.306743,0.578538,0.563479,-0.077193,-0.227454,1.298080,0.228147,-0.010061,1
0.837298,-0.845057,0.699034,-0.240510,1.122144,-0.161611,-0.327511,-0.551502,-0.188881,-0.859766,0.520015,0.567703,-0.314433,0.353002,-0.939031,1.046369,0
-1.458698,-0.690051,0.083422,0.800536,0.153617,-1.054331,0.998768,-0.361169,-0.938681,-0.853207,0.376758,-0.695604,-0.681378,0.360801,-1.058215,-0.572993,1
2.709034,0.443972,-0.503277,0.728439,0.220002,1.007039,0.677987,0.005999,0.812814,-1.061717,-0.587822,-0.401008,-0.038411,0.266971,0.616437,0.655449,0
-0.245042,0.307819,0.539507,-0.169189,0.805370,0.209445,-0.188063,0.117782,-0.392258,0.523528,0.068153,-0.281207,-0.836930,-0.569443,1.219707,0.469131,1
0.698079,0.937879,0.029137,-0.668178,1.994746,0.243339,1.389945,-0.613249,0.354631,-0.349853,0.275973,-0.195580,0.000992,-0.387451,-0.550400,0.610138,0
-2.234819,0.930788,-0.568010,-0.090935,-0.441938,0.668644,0.159995,-0.486917,0.938965,-0.474136,-0.079516,0.806519,-0.009409,-0.379562,-0.074019,1.040155,1
1.871156,-0.384845,-0.231788,-0.813100,-0.982181,-0.157734,0.664018,-0.262431,0.290088,-0.787143,0.854845,-0.748644,1.426114,0.782249,-0.399731,-0.397304,0
-2.447970,-0.298010,-0.138500,-0.880930,1.213889,0.132063,-1.084695,-0.933227,-0.269425,0.386921,-0.494087,-0.380079,0.581834,-0.523627,0.827285,0.165224,1
0.715357,-2.030793,0.674703,1.015056,0.492130,-0.642532,-0.429138,-0.386575,-0.007283,0.208238,-1.163618,-0.729129,-0.300756,-0.663345,1.192873,0.113108,0
-1.401483,-0.449974,1.086305,0.594122,1.209955,0.609477,1.200336,0.159675,-0.021364,-0.561024,1.811818,-0.069755,0.832972,0.091442,0.250483,-0.658463,1
0.491824,-1.367051,0.935735,1.409472,1.112739,-1.800319,0.198765,-0.096640,1.097294,0.814960,0.785482,-1.538130,0.619496,1.941246,-0.421231,0.226997,0
0.434823,0.706781,0.589580,0.241082,0.093766,0.444673,-0.326785,0.737837,-0.696599,0.199404,-1.223092,0.087690,-1.449340,0.005168,-0.584370,-0.886793,1
-0.211293,-0.124281,-0.173031,0.111241,-0.862099,1.085329,0.319929,0.632677,1.069737,0.351174,-0.492630,-0.368525,0.169218,-0.658035,-0.065764,-0.645676,0
-1.828494,-2.112183,0.312866,0.716185,-0.215219,0.789756,0.742737,0.876047,-1.460732,0.539255,-0.213781,-0.077518,0.410780,1.988216,-0.539744,0.131433,1
1.373268,-0.779065,-0.092524,-0.860973,0.422457,-1.278606,-0.418797,-0.042361,-0.403699,0.890320,0.349180,0.305913,1.170908,0.149770,0.010689,-0.917397,0
-1.743141,-0.616272,-0.251799,0.387406,-0.446820,1.032537,-1.131935,0.799150,1.600368,-0.161471,-0.394805,0.957268,0.090788,-0.335794,-0.025621,1.417185,1
1.668255,0.532407,-0.330196,-1.449677,-1.773434,-0.479367,-0.081829,1.171075,1.545212,-0.294348,0.026642,0.128399,0.050129,1.014366,0.708780,-0.712550,0
-0.224444,-0.551799,0.260609,0.666737,0.087996,-0.793863,-0.190674,2.350660,0.434015,0.006626,0.957998,-0.121882,1.267903,-0.045154,-0.586544,1.011546,1
1.104295,-0.618126,-0.766825,-1.737063,0.478314,0.264008,0.149480,-0.640418,-0.657205,-0.597156,-0.752955,-0.588944,0.159522,0.626093,1.446934,-0.577775,0
0.175056,-0.481447,-0.048579,-0.356863,-0.741907,0.504908,-0.843666,0.613411,0.119315,-0.991041,-0.258366,-0.748010,0.043774,1.048853,-0.120439,-0.416408,1
1.546137,-1.552375,-0.324957,-0.004442,0.220543,0.151657,0.490862,-0.028788,-0.196625,-0.265388,-0.241693,0.267405,0.111437,1.715757,-0.162331,-1.087914,0
-1.124483,-0.557382,0.052478,-0.289250,-0.729489,0.838399,0.029730,0.453118,-0.216167,-0.287390,-0.932371,-0.158910,0.848321,0.351312,-0.003848,-0.115561,1
1.302552,0.109002,-0.059314,-1.175787,-0.992496,-0.606616,1.294375,1.805305,0.615802,0.013696,0.843729,-0.450475,-0.952289,-1.754167,0.285926,-1.295463,0
-0.642292,0.376952,-0.263180,0.642773,-0.442571,1.114806,0.200689,1.161694,0.194604,-0.739454,-0.057997,0.298588,1.345854,1.263972,0.782872,0.167951,1
0.384830,0.388898,-0.740709,-0.744856,0.222680,-0.063747,2.282796,-0.851828,-1.612275,1.200825,-0.466489,1.161918,1.181859,-1.881268,0.896221,-0.528864,0
-0.913119,0.109698,-0.974914,0.801453,-0.003711,-0.007577,0.100817,0.666300,0.462465,-1.376569,-0.460585,-0.376179,-1.617396,-0.781796,1.021191,-0.554163,1
-0.342437,-0.309513,-0.343219,-0.951647,-1.499688,1.026345,-0.120538,-0.321379,1.005789,0.449013,-0.723262,0.624540,1.135545,-0.270575,0.078329,1.331134,0
-1.566876,-1.794599,-2.115219,-0.461979,0.405626,0.183707,-0.662217,1.080360,1.597437,1.310666,0.196247,-0.571616,-1.798558,0.842849,0.305511,-0.030192,1
2.674856,-1.043906,-0.860172,1.554949,-0.209006,-0.488390,-0.875962,-0.754683,0.673627,0.386167,-0.275024,-0.371505,-0.638769,1.338435,-0.102658,0.245180,0
-1.277504,-0.028377,0.270218,-0.295996,-0.503365,-0.527366,0.430929,-1.476498,-1.367780,0.271508,-0.042827,-0.590959,0.299622,-0.652228,-0.424470,-0.498308,1
0.028420,-0.137028,0.451745,-0.447379,0.586159,0.960818,1.196989,-0.445697,-0.220633,0.487235,0.283697,-0.262169,0.759158,-0.108247,-0.727887,0.949161,0
-1.893506,0.004807,-0.603491,-0.076176,0.871320,0.134780,1.880300,0.789316,0.692621,1.723408,0.857818,-0.590723,0.585753,-1.577757,0.990248,0.210616,1
1.337465,-0.057312,0.044379,0.288752,-0.142132,0.224730,-0.304273,-0.216017,-0.475465,-0.567386,0.016749,-1.401480,-0.080311,0.109750,-1.466662,-0.824697,0
-0.128885,0.162206,1.272572,-0.332204,-0.317218,0.737427,-1.386683,0.590332,-0.070430,-0.684315,0.059146,0.188191,0.462159,-0.757255,0.229810,0.403054,1
0.277347,-0.556044,0.311255,-0.716589,-0.429678,-0.653957,-0.596511,-0.099660,0.640783,-0.917918,0.815858,-0.758481,0.244332,0.780976,-0.268288,-0.984776,0
-1.075588,-0.817749,0.728762,0.355702,1.683839,0.225400,0.769986,0.896362,0.190696,0.501570,1.456012,-0.320662,0.022420,0.685272,1.074497,-0.329634,1
1.289009,-1.674018,0.226184,0.164092,-0.209162,-0.140478,1.510050,0.197606,-0.502602,-1.032046,0.300427,-0.095214,0.365923,0.530737,-0.676954,-1.090695,0
-0.523568,0.186067,-0.243416,1.323665,-0.376986,-0.308309,-0.446563,1.220412,0.010180,0.123238,-0.035565,-0.009593,-0.397365,0.444900,-0.404742,0.549041,1
0.842346,-0.010478,0.839631,-0.469141,0.999830,0.254370,0.866338,0.095311,-0.335657,0.925761,0.067312,-1.133404,-0.430264,-1.543501,-1.132577,0.035747,0
-1.263541,1.286075,0.927836,0.003512,1.206106,-0.191259,-0.892880,0.315408,0.548591,0.633177,-1.436017,2.075587,0.443072,0.534597,-0.515071,0.923396,1
0.017242,-0.022231,-0.754593,0.318587,-1.493048,1.060509,-0.429717,-0.427456,0.008718,1.913909,-0.884385,0.532846,0.607175,-0.348283,0.912013,0.090576,0
-0.641675,1.389178,-0.211813,0.160651,-1.034228,0.944920,-0.137134,2.037445,1.299685,0.308040,0.587487,0.146803,-1.020668,-0.806628,-1.207033,0.294530,1
-0.600212,0.686722,0.136665,0.391030,-1.297513,-1.754324,1.152097,-0.401878,0.610573,-0.490189,-0.552612,0.247027,-0.100885,-0.710621,1.284634,0.146495,0
-1.753171,0.534147,-0.029648,1.736079,0.421214,0.433276,0.866420,0.889422,-0.213687,0.875778,-0.847890,-0.702318,0.479981,0.794946,0.164761,0.195497,1
0.675516,-0.927822,1.620642,-1.461048,0.677480,-1.717912,-0.165332,-0.430590,-0.608853,-1.347669,0.136304,-0.287372,0.881921,-0.754307,-0.910934,0.728336,0
-1.281418,-0.377151,0.292096,-0.481985,-0.498549,-0.309611,-1.118731,-0.640639,0.657195,1.234016,-0.372238,-2.123841,-1.112351,-1.637898,1.278626,1.019077,1
1.524024,0.650517,0.692824,0.944789,0.365039,-0.241976,-0.754297,-0.352125,0.542203,-0.797178,0.496456,0.202790,0.256474,-0.410735,-0.825413,-1.585370,0
-0.265945,0.567537,-0.063276,1.388720,1.214344,0.005682,1.592537,0.127287,0.178631,1.378518,0.630466,0.090982,0.457726,-0.151822,-1.386318,-0.561955,1
1.332869,1.363447,-0.054102,-0.536553,-0.201847,0.151244,0.157192,1.514422,-0.089882,0.457353,-1.221819,0.003662,-0.519431,-0.544150,-0.764535,-0.451765,0
-1.946929,0.105603,0.769587,-0.476514,0.383261,0.554194,-0.403800,-1.511169,0.267442,0.405059,0.474506,0.028243,-0.736252,1.847460,-0.382898,0.188596,1
0.505713,1.620463,0.063833,-1.071005,1.046212,0.675542,-2.042347,-1.224306,-0.070817,-0.033744,0.419684,-0.916429,0.315239,0.983474,0.192654,1.659461,0
-2.441685,0.845424,-0.154100,0.284001,0.129672,-0.690913,0.630874,-0.403710,-0.222859,-0.950553,0.502588,0.885853,-0.359165,-0.309633,1.260576,-2.509574,1
3.804087,1.097540,0.395698,0.903148,0.311807,0.139006,0.519397,-0.244788,-0.068016,0.327565,-1.323300,0.332562,1.218668,-1.142310,0.280530,0.356623,0
-0.712269,0.590518,-1.074377,-0.039368,0.766439,0.680654,1.308278,-0.982804,0.392607,-0.127424,-0.345964,1.107826,0.250159,-1.172541,-0.253477,-0.283521,1
1.893605,-2.041248,-0.322792,0.226790,0.135147,0.097185,-0.712001,-1.202976,0.664972,0.648848,-1.673633,0.655714,-0.502377,-0.083630,0.139201,1.463923,0
-0.895909,-0.082667,0.300114,0.976292,0.341766,-0.239654,-0.399858,-0.301432,0.777869,0.317159,-0.132663,-0.658917,0.008151,-0.589747,-0.495975,0.637244,1
1.077031,1.398330,-0.007604,0.835347,0.191290,-0.120755,1.459106,0.816371,-0.167142,0.140868,0.669951,1.161978,-0.713326,-0.944680,0.152910,-0.756107,0
-0.114295,0.340705,1.458018,0.455303,0.902380,-0.585608,0.618686,-1.175635,0.120884,-0.954241,0.731933,1.197741,0.837723,0.673817,1.538457,-0.795827,1
0.450538,-0.293163,0.961056,0.976188,-0.111250,0.026578,0.252502,0.371571,1.136768,1.654598,-0.112860,1.247616,-0.272609,2.142501,0.542615,0.030123,0
-0.171176,-0.028960,0.641701,0.122332,0.242640,-1.356520,-0.462141,1.066715,0.240113,1.036780,-0.702868,-0.089416,0.311023,-0.145354,-0.251687,0.758407,1
1.874809,-0.214776,0.307613,-0.328107,-0.006828,1.008021,0.405064,0.365791,0.018989,1.156269,0.605738,-0.099497,-1.511986,0.660129,-0.325249,0.381623,0
-1.212912,-0.268423,0.851520,0.829243,0.719716,-0.340038,-0.221057,1.038146,2.098985,0.162832,-0.511241,-0.125488,0.395280,-0.799069,0.424362,1.229451,1
0.832028,-0.510437,0.562353,0.117422,0.848826,-1.004910,0.333868,-0.239452,-2.368737,-0.610681,-0.813908,-0.814950,-0.308154,0.457148,0.259633,0.293641,0
-1.022405,-0.058142,-0.053340,-1.505610,-0.126542,-1.205050,-0.723230,0.440989,0.621079,0.724144,-0.368254,0.599913,-0.193859,0.919127,0.446045,-1.340004,1
-0.461675,0.217479,0.289698,1.576522,-0.985264,-0.629717,-2.018887,-0.222969,0.930821,0.495887,-0.869220,0.180310,0.094921,0.892298,-1.456235,-0.021819,0
-0.751245,-0.271032,-0.751061,0.308226,0.231034,-0.145182,-1.231915,0.455441,-0.109664,-0.134112,0.480767,1.640338,0.490265,0.634495,-0.700163,0.247663,1
1.704968,1.366347,0.292079,-0.101147,0.900057,-0.415786,-1.645632,0.706362,0.368572,0.173841,0.196544,0.480659,-1.164522,0.343883,1.066029,-0.108602,0
-1.006446,1.087143,-0.548733,-1.568608,-0.349350,-0.128259,-0.187222,-0.274708,0.685665,-1.283474,0.248133,0.084363,-0.221129,-1.902233,0.717525,0.029619,1
0.716126,-0.810556,0.430185,-1.028308,0.261102,1.081276,0.304918,0.315399,-0.165706,0.155110,-0.134314,1.027353,-0.845665,-0.228649,0.219922,-0.048521,0
0.366311,0.216129,0.825840,1.515605,1.620020,0.139058,0.791744,0.081248,0.113796,-0.464448,1.562244,-0.860788,-0.542961,1.671603,0.175490,0.878981,1
0.713058,-0.452086,1.433889,0.772173,0.789623,-0.518008,-0.426406,1.558206,0.103615,0.895348,0.501321,1.149111,-0.052743,1.002258,-1.854585,-0.420008,0
-1.845573,-0.217184,-0.350158,-0.279632,0.412518,0.550657,0.390987,-0.080152,-0.521008,-0.837730,0.461417,-0.957355,0.723420,-0.330234,-0.029398,-0.665259,1
-0.738473,-1.192225,-0.069753,0.920901,-0.351932,-0.264585,0.839862,-0.307415,-0.363445,-1.044868,-0.737348,-0.510376,0.093501,0.473399,2.048945,1.655618,0
-0.936818,0.254495,-0.176026,0.447640,0.813772,0.265493,2.292346,-0.439004,1.173294,-0.638260,-0.348156,-0.549273,-0.671151,0.199092,-0.308975,-0.455698,1
1.010134,-0.208929,-0.007802,0.432287,-0.363574,-1.393745,-1.503269,-0.281668,-0.164781,-0.037257,1.549982,-0.224928,0.841469,1.656182,-0.640202,-0.790939,0
-0.701355,-0.358408,0.131828,-0.043013,0.499034,-0.288284,0.014798,-0.066216,0.129083,0.071953,-0.415926,0.698655,0.431983,-0.071339,-1.629401,-0.054805,1
-0.076038,0.447745,-1.498268,-0.665861,-0.656819,-0.525426,1.443193,1.710437,-0.804913,0.320316,-0.285957,0.020868,-0.916917,-0.143190,1.560986,-0.607764,0
-1.572848,0.105429,-0.088967,1.279516,-0.054518,0.198878,0.577431,0.148807,0.950773,0.868987,-0.207349,0.700918,-0.294581,-0.274222,0.595484,0.509978,1
1.133316,-0.700360,0.870372,0.074017,0.431591,0.610941,-1.525383,-1.480033,-0.743491,-0.396382,0.077109,-0.630450,1.479912,-0.539243,-0.233177,-0.401696,0
-0.995656,-0.470999,1.405754,-0.796059,0.933821,-0.518316,0.138213,-0.847525,0.889470,-0.158193,-0.041191,-0.700896,0.229817,-0.879673,0.938201,-0.601795,1
1.404479,-0.063072,-1.222770,-0.711281,1.112898,-0.155699,-1.188540,0.282937,1.243090,-0.883291,-1.128307,-0.759417,0.099469,0.357415,-0.354428,0.541094,0
-0.870396,1.248463,-0.152835,0.862042,-0.096538,0.951059,0.550970,-0.494273,-0.437218,1.154235,-0.031266,-0.891248,0.666042,-0.843334,-1.050173,0.615086,1
0.943537,0.119401,-0.649948,-0.245907,-0.544500,-0.478108,0.860028,0.921386,-1.081175,-0.598850,-0.983885,0.813519,-0.006391,0.986910,-0.523454,-0.008389,0
-0.953247,1.385625,-0.835314,-0.267373,-1.129966,0.623007,1.076614,-1.054234,-0.046493,0.222996,-0.159942,0.773243,0.978373,-0.935864,-1.657311,1.685241,1
-0.069545,-0.413531,0.169482,-0.046071,0.525622,-0.515568,1.150657,-1.411278,0.300496,0.308403,0.282894,-0.291216,-0.253409,0.263551,-0.088541,-0.190035,0
-0.412219,0.887452,-0.980389,-0.067020,-0.471511,-0.347922,-0.003128,-0.399946,0.391761,0.026818,1.236559,-0.122883,-1.132394,0.707253,1.214458,-0.463946,1
2.070045,-0.117940,-0.032629,-0.851741,-0.662390,-0.837644,1.189266,0.749123,0.721789,-0.984179,-0.222589,1.083493,0.979704,-0.686538,-0.815926,0.056706,0
-2.544719,-0.936129,-1.290081,-0.835430,-0.885749,1.274098,-0.750891,0.590313,0.273611,0.065132,-0.260681,-2.577484,0.856313,0.209261,-0.869190,-0.275424,1
1.249370,0.093135,-0.572214,1.026882,-0.012868,0.254428,0.149071,0.229547,-1.329906,-1.067877,0.053123,-1.158605,-0.451426,0.465233,-0.271471,-0.277241,0
0.112930,-1.862664,0.229286,-0.456238,0.514448,-1.436419,0.638823,-0.238036,-0.084537,-0.982448,-0.090429,-1.703625,-0.124426,-0.264318,0.931500,-0.108011,1
1.365098,0.515290,-0.268151,-0.187269,0.343790,0.106908,0.073809,-1.320919,0.334027,-0.011432,0.318585,0.863215,-1.686888,0.621118,0.165294,0.045776,0
-0.985728,0.570028,1.278283,1.609992,1.084558,-0.322183,1.183085,0.712489,-0.163321,0.753008,0.281902,0.158777,1.443669,0.061397,-0.559100,-1.726942,1
1.955497,0.925607,0.246017,-0.951959,0.105290,0.822850,0.233624,1.173111,-0.325002,-0.102130,1.215081,-0.829973,-0.157739,-0.310196,-1.486430,0.116557,0
-0.454692,0.320235,0.468658,-0.326182,0.690583,0.197786,2.139220,-0.951552,0.252222,-0.036586,0.667344,-0.904968,-0.579730,0.036772,-0.702085,0.475005,1
-0.669285,-0.049163,-1.826202,-0.778484,0.120505,-1.254973,-1.297909,-0.773084,-0.339641,-0.338152,-0.361742,-0.035251,0.215812,-0.252012,-0.760215,-0.827398,0
-0.678180,0.263873,0.351650,0.037608,0.607055,0.147315,0.439426,-0.198915,-0.028913,1.264155,0.699440,0.632703,0.736758,-1.083858,-0.087908,0.017116,1
-0.013333,1.114278,0.194680,0.115206,-0.286050,1.178745,0.022189,0.213076,0.452806,-0.056030,0.221192,-0.871743,0.648128,1.521004,-0.046711,0.005380,0
0.895143,0.863025,0.421380,-0.863305,0.236436,0.121763,-0.242717,-0.267926,-0.708500,0.635663,0.139963,-0.311204,2.012681,1.749733,-0.721477,1.059323,1
1.401732,0.376502,0.889865,1.061325,0.472242,-0.605390,-0.001607,-0.540367,-0.347124,0.647951,-0.457526,-0.399317,0.012417,-0.903554,0.638247,-0.596242,0
-0.439741,0.582363,0.201333,0.212059,-0.390265,-1.563886,0.459454,-0.185473,-0.130834,-0.678388,0.114229,-0.435474,0.567355,0.321614,-0.086329,0.305467,1
1.071804,1.532108,1.282529,-0.506948,-0.751573,-0.261704,-0.011212,-0.815081,1.752853,0.795152,0.768086,0.990863,0.376189,1.238744,1.114981,-1.768030,0
-0.740807,0.611102,-0.213140,1.198663,0.153253,0.316922,-0.239516,0.150345,-1.384784,-0.963930,1.102695,-0.168423,0.132122,1.007077,1.117272,0.836148,1
0.743435,-0.036195,0.778125,-0.073745,0.190039,-0.332628,0.067305,0.525247,-0.324219,-0.721029,0.709859,-0.071559,0.929085,-0.629709,0.051248,-1.169494,0
-0.148690,0.670870,-0.153270,0.251423,-0.204203,0.455121,0.342223,-1.038176,0.114398,-0.327261,-0.276159,0.092342,1.279714,0.242882,-0.425176,0.009722,1
2.015583,-0.586320,-1.381988,0.707500,-0.936322,1.600240,-0.978482,1.397640,0.409507,-0.643088,0.307196,0.320930,-0.197325,-0.466651,0.149107,0.426413,0
-0.810501,-1.203044,-0.165275,-0.271082,0.463359,-0.162743,0.562761,0.486936,-0.597099,-0.835630,-0.527349,-0.246872,0.623892,0.818126,-0.222761,-0.604735,1
-0.115803,1.045464,-0.213671,-0.330563,1.129361,-1.542631,-1.116214,1.916860,-0.335946,1.883629,-0.362384,0.571535,0.304712,-1.103198,0.527389,-1.177992,0
-1.478475,-0.090881,-0.030035,-0.445568,0.498716,-0.370416,0.160800,-1.158730,0.141452,-2.607369,-0.041081,0.016166,0.583218,-0.720378,1.079622,-0.274528,1
0.021948,1.204602,-0.527122,1.109919,0.134412,-0.075026,-0.418128,-0.994401,-0.857436,-0.109891,-0.824584,-0.656643,0.239926,0.179745,-0.491507,-0.080352,0
-0.196079,0.026859,1.032505,0.987932,1.247658,-0.505523,0.265824,0.087996,-0.099907,0.059111,1.137271,-0.373314,0.662242,0.101106,-0.659063,-0.556416,1
-0.087817,0.290660,0.376292,-0.031133,-0.755271,0.239160,0.902444,-1.139514,0.083065,-0.317319,-0.568060,1.171303,-0.144493,0.246841,0.665341,0.127621,0
-0.693635,-0.038460,1.866075,0.676250,0.168350,-0.394933,0.496125,-1.127221,0.138086,0.533445,0.282015,-0.963710,-0.294109,1.397542,-0.743337,-0.060942,1
0.860894,-0.257750,-0.510410,0.255067,-0.246358,0.538897,0.488768,0.778024,0.778781,0.282796,0.202272,0.562151,-1.863633,-1.178837,0.599142,0.049336,0
-0.679157,0.169948,2.025926,-1.440833,-0.751477,0.593316,0.576752,0.534647,1.161616,-1.339187,-0.610596,0.383062,0.781979,1.842108,0.695266,1.070094,1
1.870822,-0.083098,0.422996,-0.044428,-1.011006,-0.265362,0.837267,-1.287922,-0.448493,0.203940,-0.244208,-0.375640,0.657558,1.383594,-1.159352,0.374728,0
-0.965278,-0.410620,-1.342043,0.330621,-0.911282,0.132726,-0.603922,0.500203,-0.519901,-0.088674,-0.398729,-2.061273,0.705720,-0.518123,-0.209899,-0.741358,1
0.912545,-0.186376,0.109856,0.609077,-0.080499,0.730032,-0.183664,-0.981218,0.026505,-0.370694,-0.269967,0.206761,-1.519244,-0.567513,-0.195249,-0.421911,0
-0.652999,0.232992,0.256949,-0.579543,-1.148416,-1.783065,-0.238362,-0.235132,0.117293,0.255914,-1.270288,-1.307443,0.571043,0.069246,-0.467382,-0.322371,1
0.886708,-0.232758,0.181457,-0.383596,-0.076353,0.202266,-0.372177,1.458471,0.397096,0.548838,0.278212,-0.458370,-0.378661,0.157900,-0.780489,-0.237993,0
0.974205,1.115886,-0.805648,0.271017,-1.775871,-0.097707,0.963933,-0.701776,0.449995,-0.377995,0.294335,0.139746,0.602080,0.281763,-0.015824,2.056031,1
0.326880,-0.540424,-1.649127,0.846339,-0.394294,-1.742198,-0.472202,-1.194593,0.462999,0.824494,-0.103403,0.396538,-0.702014,-0.432838,0.597882,-0.618270,0
-1.246922,-0.025307,1.253779,-0.380785,0.939575,-0.275651,0.337108,-1.668423,-0.875146,-0.479592,-0.282305,-0.914761,0.467806,1.472695,-0.365499,-0.354404,1
1.154967,-0.965228,-1.396958,-0.725212,-0.881541,0.308953,0.514877,1.094421,0.886248,0.188046,0.220222,0.104769,-0.193428,-0.330169,0.107713,-0.539221,0
0.035380,0.396253,-1.113020,-0.178277,0.457878,-1.263648,-0.281178,0.521713,-1.343754,-0.324893,-2.007818,1.241631,-0.144395,0.549373,0.598710,-0.716696,1
0.909505,0.655074,0.270793,0.190686,0.121552,-0.925388,0.022733,0.794929,-1.372404,0.941098,-0.096332,0.464981,0.576191,-0.990063,2.184109,-0.809797,0
-3.758615,-1.010403,-0.289749,0.735338,0.454750,0.642891,0.580420,0.690452,-0.027016,-0.323889,0.588575,-2.019030,0.207316,0.298397,1.229999,-0.251302,1
0.117680,-0.050824,0.508066,-0.831378,-0.171562,0.922919,0.800464,0.774199,0.869816,1.203005,-0.529908,0.172852,-0.055603,0.011405,1.158167,-0.718629,0
-1.523562,0.421354,0.560662,-2.273924,0.981526,-1.516438,0.066279,0.945134,0.342760,-0.762700,-1.376561,-0.048504,0.067914,-0.430628,0.198658,0.393463,1
1.095620,-0.676703,0.101986,0.412478,0.123019,1.135638,-0.736344,0.159636,-1.181611,1.156081,-0.279629,-0.125306,-0.818165,0.127414,-1.180896,-0.364124,0
-0.846731,-0.902796,-0.123122,-1.219345,0.455010,0.034399,1.646339,-0.320097,-0.324379,-0.189778,-0.465540,0.603927,0.092338,0.198099,-1.162380,-0.281069,1
1.856836,-0.581895,0.322916,-0.470402,0.233176,-2.320013,0.852909,-0.233574,-0.118609,-0.010676,1.136067,0.258319,-0.546498,0.656733,0.680097,-0.327906,0
-1.347768,0.271922,-0.925919,0.918391,-0.293341,1.063740,0.273998,-0.629782,-0.072665,-0.222267,-0.895132,-0.220333,0.765541,0.615021,0.469997,0.658629,1
0.596669,0.012510,-0.641990,1.208498,0.652957,-0.417907,-1.027626,-0.908883,-0.552698,0.718884,-1.337069,-0.462900,-0.486331,0.397362,-0.695278,1.589626,0
-0.915952,0.542511,-0.368280,1.480869,-0.900854,0.262861,0.149209,0.299038,-0.875746,-1.128415,-0.224382,0.356089,0.191736,0.585828,0.867099,1.092431,1
2.477912,0.226754,-0.397367,1.113713,0.520449,0.457128,0.724351,-0.372737,0.688872,-0.657505,-0.584501,0.382561,-0.295889,-0.779268,1.053167,-0.644753,0
-1.852468,-0.114452,1.592527,1.185173,-0.853171,-0.557772,0.299634,0.629179,-0.598403,0.300956,0.606225,0.035240,-0.929355,0.416147,0.335521,0.879711,1
1.089122,0.996088,0.418824,0.202138,0.549828,0.451588,0.223542,-1.281133,-0.515267,1.019438,0.125900,-1.043108,0.635714,0.800565,0.017070,0.478473,0
-1.348094,0.773146,-0.317107,-0.519735,0.184031,0.301589,-0.750773,0.746040,0.405567,0.697451,0.136438,-0.365647,0.298297,1.606536,-0.248204,0.445131,1
1.031436,0.638397,-0.618784,-0.325446,-1.020353,-0.216828,-1.366356,-0.078888,-0.152386,1.273059,0.169801,-0.151148,-0.126100,-1.041825,-1.994990,0.760520,0
0.007606,-0.285756,-0.106388,0.502197,-0.833708,0.020825,-0.478116,-0.042956,-0.319648,0.817691,0.317366,0.176961,-1.141184,-0.108938,-0.912682,1.136484,1
0.762049,0.099046,0.322440,0.371207,-0.654665,0.041364,0.714736,-0.695809,-0.654481,-0.242680,-0.861954,-0.595085,-0.182025,-1.191028,0.288133,-1.125255,0
-1.286002,1.369960,-0.464973,1.007776,1.236715,-1.001173,1.652490,-0.466539,0.240835,-0.168489,-1.981355,0.652340,-0.608725,-0.857238,-0.417828,0.094071,1
0.412650,-0.035110,0.440489,-0.413206,-0.728461,0.234589,-0.234863,-0.410643,-0.321917,0.623107,-0.939488,-0.572451,-1.102539,-0.205551,0.191339,0.168735,0
-1.719023,0.456369,0.514651,1.451240,-1.323552,0.105234,-0.664507,-0.182658,0.581602,-0.737186,0.403665,-0.303723,-1.134677,1.012854,0.332413,0.100434,1
-0.022181,0.043716,1.658629,1.508731,1.630759,-0.668881,0.841948,-1.337201,-0.703735,0.110339,-0.703976,-0.282028,0.159011,0.766848,-0.757762,0.871758,0
-0.582169,0.216431,0.776055,-0.667739,0.473469,1.221534,0.875016,-2.295701,-0.324919,0.412622,0.073332,0.498391,0.166784,1.098837,0.031065,0.097070,1
-0.278103,-0.462575,-1.224090,0.364871,0.038229,-0.823920,0.045683,0.563545,-1.386019,-0.197473,-1.293169,-1.471412,-0.497699,1.602541,0.220966,-0.968760,0
-0.122596,0.680897,0.887848,-1.175293,0.730666,-0.241523,-0.164317,-0.059044,0.569729,-1.015661,1.154761,-0.180156,0.558154,0.086045,0.271448,-0.272978,1
0.356400,-2.240058,0.771861,1.397557,-0.663128,-0.571701,-0.390599,0.479517,0.150142,0.838078,-0.131154,1.154884,-0.205531,-1.222390,0.922157,0.511753,0
-0.576556,-0.549278,0.879764,-0.317045,-0.382030,-1.073374,0.367753,-0.472426,-0.308601,0.390163,-0.301447,-1.743380,0.238874,0.379119,-1.617351,-0.094857,1
0.923852,-1.215508,-0.050687,0.834806,1.258695,-0.029716,-1.563443,1.121117,-0.578448,0.182768,0.174100,0.164274,-0.210150,-0.119028,-0.216672,0.567823,0
-0.424839,0.182993,-0.673696,0.107105,-0.534652,-1.082280,0.803780,-0.680550,-0.357579,0.928214,0.704165,0.937313,-1.453959,-0.005525,-0.564989,-0.360489,1
0.998035,-0.034552,-0.262097,0.698563,0.077394,-0.719322,0.156589,0.013218,-0.232814,-0.222918,0.075082,0.090527,-2.019634,0.396921,0.439039,0.332240,0
-0.948055,0.224604,-1.220475,-0.203361,-0.402305,-0.471550,-1.588021,0.142384,0.267951,0.682073,0.458441,0.497680,1.303651,-0.789160,0.284843,-1.323568,1
1.459716,-0.451423,0.184579,-0.413117,0.992336,0.119384,-0.889855,1.251664,0.496662,-0.408428,0.343948,-0.008555,0.077947,1.239591,-0.599416,-1.327548,0
-2.101879,-0.757439,0.788087,0.447797,0.548631,-1.127853,0.033339,-0.670576,-0.412298,0.383340,-0.671539,0.865727,-0.425014,-2.176035,1.145312,0.630136,1
0.839947,-1.078466,-1.766850,-0.285979,-0.212312,-0.249121,-0.123021,-0.107378,0.168955,-0.777112,0.276928,0.441168,0.651217,-0.143538,1.282741,-0.048758,0
-1.166583,-0.706145,0.882392,0.412896,-0.650961,0.505035,0.640033,0.441321,0.529230,-1.448655,0.350392,0.145409,1.405027,0.681970,0.998004,0.074794,1
1.008182,1.843535,0.877554,-0.907375,0.427641,0.210864,1.156685,-1.056023,0.226804,0.086571,1.134763,-0.967031,-0.230521,0.082480,-0.373193,-0.217626,0
-0.813609,0.102924,-0.750210,-0.433142,-0.894457,-1.101355,0.280383,-0.489814,-0.366367,-0.394783,-0.269108,-0.455159,-0.280803,0.358091,-1.285006,0.115630,1
1.299780,-0.696186,0.451196,0.862979,-1.359601,0.089537,-0.782357,0.252862,0.845454,0.639867,-0.469929,-0.691947,-0.605925,1.678549,-1.317863,-0.713503,0
-2.518893,0.722189,-1.552229,0.368609,-0.366309,0.576105,0.658152,-2.000861,-0.290859,-1.556695,-1.138821,-0.085760,-0.977482,-0.166965,0.231995,0.198622,1
-0.888843,1.604063,1.412490,-0.252108,-0.852468,0.475753,-0.235014,0.833216,1.076958,0.405565,0.848474,1.137637,-1.616674,0.416901,-0.591889,-1.360090,0
-0.677087,0.562392,-1.306396,-0.099395,-0.290981,-0.511446,-0.536250,1.018322,0.244762,-0.882661,0.068268,1.279907,0.159685,-1.998615,0.426292,-0.187853,1
1.962620,0.030362,-0.050623,0.107122,-0.431057,0.447590,0.271332,0.610558,-0.055419,1.351937,0.647274,-0.261437,0.112545,-0.145124,-0.833277,0.905669,0
-1.110468,-0.314255,-1.446829,0.576458,0.842479,0.566878,0.742459,-0.055785,0.567203,-0.254529,0.107654,-0.370131,1.112018,-0.216696,-0.584367,0.404180,1
