2.554093,-1.123254,0
-0.224174,0.903654,1
1.733531,-0.186980,0
-1.294767,0.840507,1
0.543406,-0.371760,0
0.018162,0.030746,1
-0.692631,0.733158,0
-0.839000,-0.100240,1
1.400672,-0.463312,0
-0.362960,-0.261706,1
0.432950,0.574016,0
-2.669412,0.841671,1
0.516163,-0.516306,0
-1.362975,1.173007,1
-0.044902,0.238669,0
0.385767,0.811082,1
1.065787,-0.389513,0
-1.291726,0.204707,1
1.207036,0.144939,0
-1.212828,-1.294054,1
1.067253,-0.689496,0
-0.181227,0.329528,1
0.868900,-1.237921,0
-1.013757,0.786340,1
1.587275,0.346210,0
0.144753,-0.227275,1
0.546386,-0.642532,0
-1.159071,-0.691402,1
-0.272144,0.528219,0
-0.705657,0.675920,1
-0.534925,0.940365,0
-2.637172,0.460490,1
1.798175,0.981778,0
0.086009,0.682512,1
-0.379907,0.729744,0
-1.466573,0.529665,1
-0.170317,-0.539411,0
-1.961735,-1.638766,1
2.208262,0.495996,0
-0.902652,0.271279,1
-0.073434,0.246612,0
-0.553396,-0.840437,1
1.711420,-1.357142,0
0.210104,2.017097,1
0.707334,-0.244269,0
-1.009175,0.236798,1
0.714386,-0.083401,0
-0.237788,-0.726474,1
2.893265,0.771559,0
-0.800425,-0.526029,1
-0.197175,-0.936447,0
-0.543040,0.501901,1
1.213378,2.116072,0
0.360146,-0.421283,1
2.187970,-0.282698,0
-1.621289,-0.978543,1
0.166807,-0.373849,0
1.212475,0.909654,1
1.496556,-1.143993,0
-1.528438,0.106313,1
0.936435,-0.614432,0
-1.518206,-0.518308,1
1.036762,-0.093723,0
-1.104311,-0.796977,1
0.342646,1.051023,0
-2.281974,-0.028309,1
-0.168037,-0.844123,0
-1.262060,0.415717,1
1.052580,0.109879,0
-1.035329,-0.533026,1
0.758053,0.166710,0
-1.315045,0.332951,1
1.116668,0.971761,0
-1.416484,0.295585,1
0.074309,-0.054830,0
-0.610835,0.805959,1
1.755797,0.414674,0
-0.912990,-0.281452,1
0.821793,-0.217717,0
-0.555063,0.376558,1
0.243918,-1.226903,0
0.086722,-0.607294,1
1.454663,-0.868600,0
-0.940407,0.565755,1
0.821651,0.035282,0
-2.417888,0.210715,1
-0.765004,1.485280,0
0.102170,-0.230205,1
1.672662,0.360129,0
-2.163128,-0.875782,1
2.571011,-0.106706,0
-2.226963,-1.385178,1
1.132557,-0.118804,0
-0.527757,1.281482,1
0.363920,-1.205087,0
-1.174479,-0.476754,1
2.978014,-1.469923,0
-1.453025,0.052993,1
2.142519,0.511066,0
-1.399543,0.263151,1
1.156275,-0.242502,0
-0.818694,0.119269,1
2.097518,0.547818,0
0.112800,0.258013,1
0.894525,-0.731570,0
-0.784913,-0.264740,1
0.698790,-1.510337,0
-1.763891,-0.277651,1
1.295628,0.298723,0
-0.671134,0.935873,1
1.907478,-0.177601,0
-0.307501,-0.458871,1
2.250802,0.201571,0
-0.794904,2.561265,1
0.873641,0.656735,0
-0.162448,-0.094655,1
0.498667,1.764971,0
-1.512296,0.695383,1
1.348258,0.516417,0
-1.705018,-1.852138,1
0.436395,-0.094199,0
-2.658851,0.103492,1
2.549227,-0.543954,0
-0.195436,0.101067,1
0.689400,1.160635,0
-1.567085,-0.120304,1
1.586323,-0.410663,0
-1.578684,-0.122539,1
2.218691,0.195408,0
-0.632976,0.674883,1
2.982032,0.528794,0
-2.080151,-0.317869,1
1.590191,-1.306722,0
-0.280631,0.408893,1
1.484104,1.271705,0
-1.577545,-0.919118,1
1.929798,-0.181277,0
-1.042598,0.645328,1
0.043585,1.034347,0
-1.599152,-0.826655,1
0.792617,-1.101470,0
-2.434639,-0.141163,1
1.599480,0.158209,0
0.233232,-0.335486,1
2.835710,0.818502,0
-0.953778,-0.056051,1
0.847549,-0.667539,0
-1.962907,-0.765009,1
0.391887,-0.259862,0
0.145334,-0.879434,1
1.331043,-1.185387,0
-1.929491,0.183456,1
1.038927,0.236449,0
-0.232987,0.533579,1
1.199535,-0.197932,0
-0.436380,-1.035972,1
1.491179,1.043321,0
-0.447408,0.330837,1
0.072249,-0.171293,0
-1.872723,-1.757552,1
1.771243,-1.262592,0
0.024858,-0.289891,1
1.951781,0.718634,0
-0.551085,0.235982,1
0.095784,0.226117,0
-1.292101,-0.114755,1
1.439763,-0.257880,0
-0.675332,0.769950,1
1.440633,0.342168,0
-2.456838,0.527118,1
2.062335,0.255001,0
-0.873124,1.069603,1
1.032340,0.754002,0
-2.247398,0.288284,1
0.666419,0.700138,0
-1.844491,0.440492,1
0.672880,-0.746379,0
0.268466,-0.842105,1
2.610564,0.080989,0
0.069247,-0.002307,1
1.406317,-0.160164,0
-0.510502,1.029628,1
2.197623,0.277974,0
-0.497853,0.394259,1
2.581893,-2.211550,0
-1.348356,0.154176,1
0.822582,-0.043183,0
0.528293,-0.360994,1
1.775341,-0.724996,0
-1.251375,-0.165443,1
1.786591,0.442853,0
-2.152826,-2.040190,1
2.430347,0.137848,0
-0.212306,0.060303,1
2.067611,-0.202773,0
-1.834675,1.802285,1
2.101743,0.696850,0
-1.412164,0.423370,1
0.819996,0.483788,0
-0.170135,-0.197366,1
0.669223,0.589557,0
-0.652766,-2.224324,1
0.906969,-0.566756,0
0.106767,0.288130,1
0.525378,1.042666,0
-0.519244,-2.895360,1
-0.230124,-0.740256,0
-1.654567,-1.495438,1
0.362429,-1.122026,0
-1.847513,-1.165547,1
1.520330,0.178812,0
-0.250271,1.153660,1
0.096390,-0.408365,0
-0.416219,0.478026,1
-0.062371,0.465843,0
-0.574252,2.214051,1
0.012100,0.088122,0
-0.682333,-0.738470,1
2.280169,0.881700,0
-0.924146,-1.337461,1
1.231278,-0.181635,0
-0.393991,-0.706507,1
1.043575,-0.932222,0
0.490950,0.857364,1
1.256059,0.072417,0
-0.971445,0.344985,1
0.261488,0.349971,0
-0.844044,0.069114,1
-0.812517,-0.196967,0
-0.836139,-0.902646,1
1.088939,-0.405946,0
-0.748458,1.111472,1
1.078448,0.459713,0
-0.203231,0.247658,1
0.872401,-0.285679,0
0.160469,-1.735564,1
0.340643,-1.148782,0
-1.604105,0.394453,1
-0.359943,-0.740575,0
-0.493974,-0.116812,1
1.684084,-0.205879,0
-0.151649,0.979271,1
0.885777,1.098354,0
-1.130275,1.151966,1
0.993989,0.127227,0
-0.779150,1.408884,1
2.100787,1.809314,0
-0.561648,-1.381445,1
0.297875,0.923046,0
-1.295048,0.425444,1
0.803960,-0.430538,0
-1.259064,0.615391,1
0.783514,0.673106,0
-1.863826,-0.759142,1
2.714905,0.678766,0
0.180047,-1.539956,1
0.620420,-0.538343,0
-0.987637,0.281164,1
1.128555,1.755883,0
-0.957640,-0.322950,1
0.236823,0.374000,0
-0.583553,0.130843,1
1.116067,-0.433463,0
-0.645107,1.044410,1
0.338123,-0.638785,0
-1.553788,1.795847,1
2.290923,0.183283,0
-2.858701,0.015046,1
0.987666,0.106003,0
-2.216235,-0.413507,1
0.468617,0.330926,0
-1.184240,-0.606282,1
1.920040,-0.406419,0
-2.297597,0.375547,1
0.954828,0.617165,0
-2.062951,-0.327378,1
-0.071780,-0.608473,0
-1.545128,-0.256200,1
0.920843,-0.465444,0
-0.871996,1.148181,1
1.172452,-0.497693,0
-0.656208,-0.180291,1
0.478597,-1.179501,0
-1.573764,0.136874,1
0.903358,-2.255936,0
-0.580277,0.720104,1
0.733222,-0.567301,0
-1.905314,-0.159106,1
2.091843,-1.414191,0
-0.914634,-0.287130,1
0.637020,-0.420429,0
0.425305,-0.358984,1
0.894087,-1.009351,0
-1.702214,0.074109,1
1.203278,-1.016395,0
-0.004234,-0.816432,1
0.285697,-1.523253,0
-1.078766,-1.031631,1
1.546915,-1.092927,0
0.146793,-0.488719,1
0.553209,0.941907,0
-1.418129,0.075042,1
0.821289,-0.774350,0
-0.155188,1.747938,1
0.736100,-0.052726,0
-0.920199,0.302377,1
0.714167,1.609041,0
-0.400466,0.682304,1
0.988710,0.745491,0
-1.332032,-0.682925,1
-0.217468,0.304994,0
-1.417018,0.190366,1
1.423208,1.238825,0
-1.798053,-1.023399,1
-0.202317,-0.319870,0
-2.139936,0.317974,1
1.612871,-1.134131,0
-1.650478,0.175995,1
2.588944,-0.765562,0
-0.174504,-0.105921,1
1.040126,0.667663,0
-0.850354,-0.328536,1
0.973219,0.165261,0
-0.497416,0.226225,1
1.046411,-0.201324,0
-1.037874,0.274938,1
0.438051,-0.405176,0
-1.675063,-0.273131,1
1.314341,0.476520,0
-1.224407,-1.119191,1
0.886858,0.125669,0
-1.712431,-0.752903,1
1.266689,1.657066,0
-1.271350,-0.786361,1
0.363508,-1.156256,0
-1.670808,0.058744,1
0.823910,1.066334,0
-0.420570,0.130444,1
0.018268,0.855489,0
0.270815,1.135086,1
0.233702,1.136790,0
-0.625909,-1.102954,1
2.039094,0.136693,0
-1.525381,1.704669,1
1.069101,0.082096,0
1.184459,-1.022015,1
0.394180,0.998030,0
-0.722439,-0.104001,1
0.604445,-1.585999,0
-1.327641,-0.017950,1
1.009012,-0.157428,0
-2.276029,-0.200154,1
0.862095,-0.193233,0
-0.761438,-0.867065,1
0.060369,-0.234452,0
-0.303182,-0.979458,1
1.700506,-0.857508,0
-0.954391,-0.207973,1
0.763568,0.469482,0
-0.950655,-0.017058,1
1.364078,-0.664917,0
-1.061593,-0.583198,1
1.166859,-0.619180,0
-1.129280,0.766535,1
1.297453,1.089397,0
-1.804926,0.397055,1
1.039047,-0.128946,0
-0.470126,-0.528352,1
1.687113,-0.279299,0
-2.525054,-0.829250,1
0.543013,-0.490124,0
0.234203,1.193149,1
1.660525,-0.844753,0
-1.352500,-0.265633,1
0.315328,0.555863,0
-1.833296,1.427305,1
2.027539,0.640712,0
-1.738015,-0.717781,1
-0.519601,0.808343,0
-0.970167,0.335945,1
1.675114,-0.176759,0
-2.199388,0.008477,1
1.138712,-0.383185,0
-1.309942,-0.241012,1
0.234383,1.140505,0
-0.873187,-0.393902,1
0.840138,0.337251,0
-2.029717,1.200187,1
0.103798,0.829247,0
-1.364868,1.351254,1
2.108948,0.462476,0
-0.358134,-0.168949,1
0.289492,0.121955,0
-1.915494,-0.234097,1
0.245187,-0.677206,0
-0.882544,-0.782754,1
1.460867,-0.004819,0
1.039423,0.044346,1
2.057300,-0.008808,0
-1.905539,0.295778,1
0.908961,-0.803829,0
-2.222065,-0.254810,1
0.798019,-0.523301,0
-1.220167,-0.928148,1
1.529865,-0.957995,0
0.490928,-0.592831,1
1.916591,-0.491000,0
-1.431091,0.677927,1
1.603762,0.239127,0
0.333687,-1.335168,1
0.513495,-0.553142,0
-1.095409,-0.284353,1
0.984380,0.139766,0
-2.204076,-0.681231,1
2.117422,-1.921831,0
-0.517546,0.621616,1
0.356166,0.578255,0
-1.159082,1.347606,1
0.767357,-1.014832,0
-2.003428,0.711331,1
1.230263,-0.798939,0
-1.903538,-0.984726,1
0.941809,-0.140532,0
0.825961,0.683127,1
0.922676,-0.264124,0
-3.030608,0.086287,1
1.986904,1.069286,0
-0.699839,-0.116621,1
0.916074,0.832011,0
-0.263300,-0.410142,1
0.306936,-1.053232,0
-0.163225,0.021344,1
1.021552,0.203505,0
-2.178543,0.286055,1
0.812318,-0.367655,0
-1.914628,-0.667567,1
3.190724,0.066372,0
-0.820970,0.446089,1
1.802456,-0.167701,0
-0.686729,-0.396322,1
1.679713,-0.269065,0
-0.848356,-1.069297,1
1.933043,-1.292977,0
-0.973859,1.360105,1
0.469942,0.271697,0
-0.378000,-1.446321,1
1.423434,0.150175,0
-0.498323,0.095105,1
2.101631,0.214177,0
-1.435591,-0.227448,1
1.158412,-0.003366,0
-0.934740,1.335695,1
0.895633,-0.064091,0
-0.529063,-0.065465,1
0.356466,-0.288367,0
-0.329547,-0.220433,1
1.728958,-0.247560,0
-1.632949,-0.395494,1
0.415289,-1.192067,0
0.496178,-1.144010,1
-0.394015,0.948659,0
-0.942636,-0.705508,1
0.877738,0.462548,0
-0.645605,0.719918,1
0.395593,0.967085,0
-1.005420,0.317217,1
1.049588,0.709359,0
-0.363369,0.076041,1
1.655933,-1.305561,0
-0.557283,-1.890103,1
1.655260,0.543234,0
-1.149670,-0.540512,1
0.432254,-1.452715,0
-2.090523,-0.942152,1
2.325301,0.278342,0
-0.311449,-0.361511,1
0.825488,-0.189234,0
-0.980764,0.209112,1
0.946291,-0.910448,0
0.752102,1.332044,1
0.160456,-0.789127,0
-1.285573,-0.603607,1
2.510280,-0.175462,0
-0.505861,-0.754359,1
-0.100980,-0.524584,0
-0.831812,0.497957,1
0.165235,-0.158895,0
-0.417012,-0.797001,1
1.705765,-0.371189,0
-1.599743,-0.250100,1
0.358301,-0.171480,0
-0.606217,0.477406,1
1.786434,1.184973,0
-2.760315,0.450370,1
2.147461,1.151761,0
0.506043,1.877843,1
1.022179,1.321566,0
-1.830086,-0.148235,1
0.715595,0.148892,0
-1.821934,-0.785522,1
