-0.363346742418131 1.13058889045936 0.161248375240885 1.09228061656483 -0.528637237819126 0.892937820096252 -0.763680651656947
0.503368395142063 0.00168229074962388 0.490456726090088 0.518974398858134 -0.528637237819126 1.09456894076315 -0.763680651656947
-0.39180831075319 -1.07964151344032 -0.260383139698275 -0.389369119631469 1.20354788610277 -0.806524482667586 -0.763680651656947
0.185846815519937 -0.0892804180465057 0.302571148138469 0.233952647218978 -0.528637237819126 -0.432066687143346 -0.763680651656947
-0.795658510684772 -1.01144341939817 1.19108575050368 1.14022293282144 3.51312805133196 0.0576088916191103 -0.763680651656947
1.22209865293586 -0.712348964225869 0.86533811703705 1.09051789090733 -0.528637237819126 2.16033343571673 -0.763680651656947
0.271127761896248 -0.71079072146638 0.959742178898087 1.09009273485443 0.0487578034881718 0.288044458095561 -0.763680651656947
-0.91063978813745 0.116195870912201 0.0669613877161998 0.0897578668078844 -0.528637237819126 0.0864133374286737 -0.763680651656947
0.619013151382663 -0.895701428363006 0.865984367373714 0.758996487370819 -0.528637237819126 -1.92989786924029 -0.763680651656947
-0.651256474016841 0.624581202525184 0.911648041524564 0.853037184643398 1.78094292741007 -1.09456894076314 -0.763680651656947
-0.418739151094047 0.737824250925224 1.05012824953551 0.806886256250104 1.20354788610277 -1.46902673628738 -0.763680651656947
1.07860911576514 0.18610503979542 0.582369446073549 0.806991351004752 0.0487578034881718 -0.950546711715365 -0.763680651656947
1.53996609465421 -0.321184688341173 0.304252335608488 0.661946258487871 -0.528637237819126 0.748915591048462 -0.763680651656947
0.44439602555182 -1.12682611694033 0.350215720060399 0.0422359295698664 0.62615284479547 1.06576449495358 -0.763680651656947
-1.2264522325674 -1.88502515298621 -0.212354563953109 -0.340829674087089 -0.528637237819126 -0.403262241333792 -0.763680651656947
0.359313949880837 0.415615554595452 0.865085236470529 0.995970827998718 -0.528637237819126 -0.460871132952899 -0.763680651656947
0.646777231157005 1.31403112042755 0.443617625602262 1.09082839813697 2.35833796871736 0.230435566476453 -0.763680651656947
1.05134941821445 1.01483009710198 -0.118896462729798 0.472154685662535 0.0487578034881718 1.26739561562048 -0.763680651656947
-0.0158455480769371 -0.87343489888695 0.818470918708498 0.758924831856287 0.62615284479547 -0.31684890390512 -0.763680651656947
0.184460484950907 -0.528456293920855 -0.632529674148046 -0.961418977316693 -0.528637237819126 -0.720111145238914 -0.763680651656947
-0.190148515837044 0.992264348189094 0.491767958657234 0.0391834046507781 -0.528637237819126 -0.489675578762464 -0.763680651656947
0.156661818966943 -0.642082343200037 -0.30490885129978 0.373704785729051 1.78094292741007 0.201631120666899 -0.763680651656947
0.213011400994158 1.01513161822678 1.10062475229099 1.18747735613853 -0.528637237819126 -1.55544007371605 -0.763680651656947
1.82899728409993 -0.412978306496498 1.47434008284788 -0.197953355143395 2.93573301002466 0.460871132952904 -0.763680651656947
-0.909501325404047 -1.51596099453693 0.817482811309685 0.853605651725356 -0.528637237819126 -0.144022229047788 -0.763680651656947
0.905208271639345 0.647204493637461 -0.351490388247632 -0.486328584862676 -0.528637237819126 0.288044458095561 -0.763680651656947
0.416842345219347 0.71449203991646 0.442325124928932 0.0881432292137496 -0.528637237819126 0.80652448266758 -0.763680651656947
-1.34148596577134 -0.389432038506001 -0.77524797313495 -1.24629264089248 1.20354788610277 -0.518480024572017 -0.763680651656947
1.53886221813043 -0.804460238338708 2.36563168847136 0.758518783940602 0.62615284479547 1.5842445195256 -0.763680651656947
0.445710301517469 -1.14865992907698 0.256382980960761 -0.770676774665225 0.0487578034881718 0.259240012286007 -0.763680651656947
1.0206858612001 -0.228507222003213 1.1932867480271 1.09150673700788 2.35833796871736 -0.576088916191124 -0.763680651656947
0.185939045412263 1.88932652149153 -2.13001158832052 -1.77305621339311 0.0487578034881718 -0.892937820096247 1.30653798235285
0.561490520412423 -0.963799398978218 -0.210191030217319 -0.81601560722715 -0.528637237819126 -1.1233733865727 1.30653798235285
0.936062052806617 -0.435233327532676 -0.446704604516227 0.472154685662535 -0.528637237819126 1.26739561562048 1.30653798235285
1.02104901640114 1.3595608102731 -0.538284833384448 -0.390744905510495 -0.528637237819126 -0.547284470381571 1.30653798235285
0.184590183236991 -0.113972926648856 -0.635484630397578 -0.865648993626728 -0.528637237819126 0.0864133374286737 1.30653798235285
-0.622743314585761 -0.89489606774034 -2.32072961593612 -2.29941373797804 -0.528637237819126 0.892937820096252 1.30653798235285
-1.57298587769441 -1.56288320560773 -0.635493996344487 0.135497970251191 -0.528637237819126 -0.115217783238223 1.30653798235285
-0.420722093779062 0.85416306965246 0.444938224116316 0.421346148824623 0.62615284479547 -0.489675578762464 1.30653798235285
-0.247849842223666 0.37040579937851 -1.33664283081148 -1.058822706738 -0.528637237819126 0.950546711715359 1.30653798235285
0.0125093794451202 1.06013191983795 0.863689710381209 0.998846602648626 -0.528637237819126 0.115217783238228 1.30653798235285
-0.967773324249438 0.070850316104697 -1.61468501370128 -1.53704205665994 -0.528637237819126 -0.086413337428669 1.30653798235285
-1.25447859109805 -1.8391985453918 -2.03928085083688 -1.91745162924489 -0.528637237819126 -0.0288044458095517 1.30653798235285
-1.08256495398602 0.187271995599055 -1.10284538111595 0.182685515088057 0.62615284479547 1.49783118209693 1.30653798235285
0.414827698508845 1.38385052347972 -1.19380745748823 -1.39137117264948 -0.528637237819126 -2.07392009828807 1.30653798235285
1.59909410218776 0.392495098880444 0.535502247744998 0.565665132127573 -0.528637237819126 -1.75707119438294 1.30653798235285
0.0422823415616938 0.600544674995883 -0.0720854600826955 0.947971187330483 0.0487578034881718 0.576088916191129 1.30653798235285
-0.218532265200453 -0.0208742514113597 -1.14859334878897 -0.387095251303635 -0.528637237819126 -0.604893362000689 1.30653798235285
-1.22666551419341 0.11668382876303 -3.06912759204658 -2.91903187013402 -0.528637237819126 -0.201631120666894 1.30653798235285
0.388392305620828 1.42811198325071 -1.43128572431868 -1.43855394045204 -0.528637237819126 -1.18098227819182 1.30653798235285
0.905438846370161 -0.342164574238863 0.207197710772435 -0.0524926606422254 0.0487578034881718 -1.29620006143004 -0.763680651656947
-2.06395729857263 0.164121617940364 0.0702160542667937 0.946862915372379 -0.528637237819126 1.03696004914403 -0.763680651656947
1.79861329894669 2.78615622430843 1.19087501669824 0.901853698177304 -0.528637237819126 0.0864133374286737 -0.763680651656947
0.243366564306041 0.0712784300681605 0.582065052799033 0.852043561508546 -0.528637237819126 -1.38261339885871 -0.763680651656947
0.242940001054032 1.13079834406514 0.210550719765564 0.377860805571942 -0.528637237819126 2.33449320330161e-15 -0.763680651656947
1.16578942148654 0.0258039807340226 1.00501716625225 0.472804362327631 -0.528637237819126 -0.432066687143346 -0.763680651656947
-0.190062050312988 -0.2741658063754 0.115903143284914 0.233212206902141 -0.528637237819126 1.3250045072396 -0.763680651656947
0.906162274588095 0.0473777021294205 -0.120095303934045 -0.577455291210929 -0.528637237819126 -1.06576449495359 -0.763680651656947
0.933470969269076 1.56757355938093 1.38037153751807 0.99623834191964 -0.528637237819126 -0.864133374286694 -0.763680651656947
1.33714391487634 1.22248838626157 0.909620314018942 1.04336378531058 0.62615284479547 1.92989786924028 -0.763680651656947
0.963258342306326 0.140524712814404 2.45690284109161 1.04404690121579 0.62615284479547 -1.81468008600206 -0.763680651656947
1.07986863023222 0.83071347255694 1.1923173725221 1.23459324546087 0.0487578034881718 0.576088916191129 -0.763680651656947
-0.620629232522595 -0.712210632778534 -1.19542308332989 -1.0581539219357 -0.528637237819126 -0.460871132952899 -0.763680651656947
1.85729456793928 1.17592984189091 1.47387178550247 1.23413942720216 0.0487578034881718 0.230435566476453 -0.763680651656947
1.59775388656489 1.42943775552466 1.28730212309145 1.04248958803328 -0.528637237819126 0.201631120666899 -0.763680651656947
-0.765181719202383 -0.918734189766144 0.445621938240613 0.328838879563042 0.0487578034881718 -0.892937820096247 -0.763680651656947
1.22294601507161 -0.135618000371498 0.117832528347999 0.137251141840089 -0.528637237819126 -0.979351157524919 -0.763680651656947
-0.82261240849871 -0.919350581806012 0.350426453865834 0.375290761117372 0.62615284479547 0.460871132952904 -0.763680651656947
-0.621158689748231 -0.135719274642425 0.489796426833061 0.520584259417966 -0.528637237819126 0.374457795524232 -0.763680651656947
-0.24747515828609 0.554066689704379 0.256692057208731 -2.68235036170884 0.62615284479547 -0.576088916191124 -0.763680651656947
-0.852171800770866 0.508044438632046 -0.210748304058355 0.756077719412191 -0.528637237819126 1.87228897762117 -0.763680651656947
-0.477843236499269 -0.941016370720434 -1.61525165348922 -0.720642117384265 -0.528637237819126 -1.23859116981092 -0.763680651656947
0.185322258007331 -0.182346869652343 -0.586819170262656 -0.772449054391331 1.78094292741007 -0.921742265905812 -0.763680651656947
1.53914755435982 1.82025286534346 0.911137597418068 0.471930165050333 -0.528637237819126 0.0288044458095563 -0.763680651656947
1.82923362319901 0.325373274135689 0.910912814692271 1.14241559156614 -0.528637237819126 0.6625022536198 -0.763680651656947
1.28047152822599 0.0717940081746972 1.9894858946918 0.662108677654145 2.35833796871736 1.1233733865727 -0.763680651656947
-0.622802399360533 0.00286305668111207 1.38139242573106 0.902407834156357 1.78094292741007 0.720111145238908 -0.763680651656947
0.301583801652863 -1.35565993547554 -0.070891301851902 0.47066902799456 -0.528637237819126 -0.374457795524238 -0.763680651656947
-0.420738810447046 -2.29976861099945 -0.44692470426857 -0.196854637253895 2.93573301002466 0.0288044458095563 -0.763680651656947
-0.564124991053593 -1.1481006188989 1.14655067295527 0.900960392762798 -0.528637237819126 1.1233733865727 -0.763680651656947
-0.130207732377375 -0.0900330700145304 1.0524556873422 1.13981210787145 -0.528637237819126 0.144022229047782 -0.763680651656947
-0.189269449675809 1.40570274912017 -1.24100246395856 -1.05919531541357 -0.528637237819126 1.87228897762117 1.30653798235285
-1.25638083262728 -1.93169648006767 -1.43130913918595 -1.72447855157431 0.62615284479547 -0.259240012286013 1.30653798235285
0.0424293329525888 -2.13763080493352 -1.19734778541952 -1.10515516243478 -0.528637237819126 -1.69946230276384 1.30653798235285
1.02053886980921 1.49718794108676 -0.491647100755147 -0.387429643704787 -0.528637237819126 1.41141784466827 1.30653798235285
-0.738237909032918 0.438298689595094 -2.13259799455922 -2.39260412314484 -0.528637237819126 -0.748915591048468 1.30653798235285
-0.822325919395672 0.024429873012583 -1.89981159883242 -1.96374109163295 -0.528637237819126 0.316848903905124 1.30653798235285
0.385870394502532 -0.320850943584709 0.535867519674417 0.471629211889297 0.0487578034881718 -0.777720036858022 1.30653798235285
0.50170249271192 1.42977840534505 -1.19442560998417 -1.20288373018864 1.20354788610277 0.288044458095561 1.30653798235285
0.301163002769124 0.693337225732623 -0.305025925636133 -0.483209181463357 -0.528637237819126 0.345653349714678 1.30653798235285
-0.102688638254525 -0.80374752065706 -1.19579772120621 -0.721673956793534 -0.528637237819126 0.547284470381575 1.30653798235285
-0.478498645171612 0.969427000095086 -0.869928330429779 -1.05763800223106 -0.528637237819126 -0.345653349714674 1.30653798235285
-0.794500160880836 0.371305759376973 -0.587203174085891 0.232896922638198 -0.528637237819126 1.29620006143004 1.30653798235285
0.386060618655455 0.738031402843029 -0.726760465991283 -0.484991015258068 1.20354788610277 1.55544007371605 1.30653798235285
-1.22611789920772 -1.03443498058654 -1.80374133501642 -2.01322638996916 -0.528637237819126 0.460871132952904 1.30653798235285
0.936128343041727 2.09707687817014 0.11468557018685 0.28020867036692 -0.528637237819126 -1.32500450723959 1.30653798235285
-0.678780756071135 0.486185307927672 -2.45919511941042 -2.77618325798927 -0.528637237819126 0.345653349714678 1.30653798235285
0.674120512047609 0.393751820515128 -0.586027747748914 -0.960090961780689 -0.528637237819126 -1.98750676085939 1.30653798235285
-0.505334085217594 -0.38918115451666 -0.353063867328207 -1.0583832195822 -0.528637237819126 0.576088916191129 1.30653798235285
0.501616027187864 0.532513683500762 0.209202023410786 -0.197910361834675 -0.528637237819126 -1.09456894076314 1.30653798235285
-0.103086379665182 0.00197000174657517 0.0672423661234451 -0.243956195473322 1.78094292741007 -0.950546711715365 -0.763680651656947
-0.880820711074713 -0.965742253798431 0.114779229655932 0.088047688527706 0.0487578034881718 -0.83532892847714 -0.763680651656947
0.820431707486693 -0.872115111001735 0.817684179168211 0.568808420698403 -0.528637237819126 0.864133374286698 -0.763680651656947
1.02104901640114 -0.573857089239774 0.49196932651576 0.325810239815464 0.0487578034881718 -0.547284470381571 -0.763680651656947
-0.591751159758158 -1.03434544492429 -0.494920499199557 -0.339549428894107 -0.528637237819126 0.316848903905124 -0.763680651656947
0.963598440034279 2.37334848588268 -0.307854441602404 -0.437158570790409 -0.528637237819126 0.489675578762458 -0.763680651656947
0.647788877788459 0.69157183105533 0.535563126399901 0.758881838547567 0.62615284479547 -1.18098227819182 -0.763680651656947
0.186535657528248 0.716515223647021 0.0687456006022087 0.090493530090419 -0.528637237819126 -1.15217783238226 -0.763680651656947
2.00065152463979 2.00376644763889 0.960992532810329 1.23527158433178 1.20354788610277 2.1891378815263 -0.763680651656947
-0.737708740025696 0.0241283518877781 0.113791122257118 0.56746129702519 1.78094292741007 0.0864133374286737 -0.763680651656947
1.57020885278482 0.923220613984704 0.255174773809605 0.519060385475573 -0.528637237819126 -1.32500450723959 -0.763680651656947
1.76963870183557 0.968186390276232 0.586097092943006 0.85447029493405 -0.528637237819126 2.10272454409762 -0.763680651656947
-0.938424043200738 -1.40196069079292 -0.446147330675191 -0.772214979710525 -0.528637237819126 0.230435566476453 -0.763680651656947
-1.08202022118447 -0.527374500572318 -1.05568315545979 -0.578993496256229 -0.528637237819126 1.90109342343073 -0.763680651656947
1.36732326495598 1.95851526203839 0.911914971011447 0.995287712093507 0.62615284479547 0.230435566476453 -0.763680651656947
1.16457025759735 1.0148945443653 -0.0730642015346007 -0.150517404522817 -0.528637237819126 -0.806524482667586 -0.763680651656947
-0.793328264811466 0.922827025340874 -0.0256022655773798 -0.484341338592972 -0.528637237819126 -0.0288044458095517 -0.763680651656947
-0.190430969882293 0.854462289089289 0.53889272052576 0.471672205198016 -0.528637237819126 -2.07392009828807 -0.763680651656947
1.28186938753156 2.21068819664628 0.816541533645412 0.711111495525836 -0.528637237819126 -1.18098227819182 -0.763680651656947
-0.188292389253978 -1.01063759843791 0.443041619867408 0.470267757113177 -0.528637237819126 0.576088916191129 -0.763680651656947
1.85755108232731 0.692154158113159 0.492306500604455 0.995407137951062 0.62615284479547 -1.58424451952561 -0.763680651656947
-0.823705332722776 -0.756881332671589 -0.06987041363891 0.712468173267654 -0.528637237819126 -1.23859116981092 -0.763680651656947
-0.5342187581837 -0.527705943640806 0.0221593806809031 -0.0064993743809028 2.93573301002466 1.09456894076315 -0.763680651656947
-0.44826309250134 -0.964349502404389 1.09887800319261 0.805658558434446 -0.528637237819126 -0.403262241333792 -0.763680651656947
-0.794887526428606 -0.0449476059482706 0.210574134632835 0.183597928639772 -0.528637237819126 -2.04511565247851 -0.763680651656947
-0.276100434680029 -1.03335134588762 0.114652789372671 -0.00793726170585687 -0.528637237819126 -0.288044458095567 -0.763680651656947
1.79915514956411 2.02745081690792 0.957007322400898 0.902532037048213 -0.528637237819126 -0.950546711715365 -0.763680651656947
1.62639415031633 0.00302877821535607 1.38158911061614 1.18914454110999 0.62615284479547 -1.90109342343072 -0.763680651656947
0.561012077845981 -0.0213345890064818 1.00558380604019 0.184581997706019 -0.528637237819126 1.09456894076315 -0.763680651656947
0.0399967695424834 -1.77034585128939 0.258162510873316 0.804535955373435 2.35833796871736 0.777720036858026 -0.763680651656947
0.933675604342675 2.85557513365285 -0.211633386041179 0.0882531010026995 -0.528637237819126 1.55544007371605 -0.763680651656947
-0.44835733992256 -1.26370059578597 -0.0735512307738263 -0.342215014034719 -0.528637237819126 -1.38261339885871 1.30653798235285
1.59783746990481 1.1519416498091 -0.0729518101717027 0.565665132127573 -0.528637237819126 0.921742265905805 1.30653798235285
-1.94776780953048 -1.35558858314829 -2.13317446859142 -2.44422475581412 -0.528637237819126 -0.288044458095567 1.30653798235285
0.760707087837164 -0.503777595446359 0.394493234068838 1.2344451573975 -0.528637237819126 1.92989786924028 1.30653798235285
0.184189559642199 1.10719913725121 -0.819394363886674 -0.67556602170896 -0.528637237819126 -1.55544007371605 1.30653798235285
-1.08135443664924 0.256094767757787 -0.818977579249259 -0.195001147944652 -0.528637237819126 -1.1233733865727 1.30653798235285
-0.276940303137025 1.01560576594976 -0.11715907957833 0.568015433004242 -0.528637237819126 0.720111145238908 1.30653798235285
1.01995090424563 0.346638569342355 -0.588046109307628 -0.388236962501855 0.0487578034881718 -0.777720036858022 1.30653798235285
-1.45821730543091 -2.29953614051392 -0.962829157812053 -0.4371394626532 -0.528637237819126 -0.806524482667586 1.30653798235285
-1.11060860562148 -1.6548517520492 -0.072614636083008 0.182986468249094 -0.528637237819126 0.403262241333786 1.30653798235285
-1.68782362237716 -1.83821342293824 -0.213080424838493 0.564848259261902 -0.528637237819126 1.49783118209693 1.30653798235285
-1.34072506915965 -1.33294457684424 -0.258776879803521 -0.53214989788912 0.0487578034881718 0.144022229047782 1.30653798235285
-0.678932070738232 0.209379708604794 -0.822826983428523 -0.819918444252025 -0.528637237819126 -1.38261339885871 1.30653798235285
-0.968113421977391 0.18629377820942 0.115153867532259 1.04279531822862 -0.528637237819126 1.5266356279065 1.30653798235285
0.530452279460499 0.96782042188811 -1.01012250672493 -1.20004139477884 -0.528637237819126 0.0864133374286737 1.30653798235285
-1.14156902760175 0.760686917586964 -0.865638726745831 0.185274667679835 1.20354788610277 1.5842445195256 1.30653798235285
0.906859763148812 -0.481170416149912 -0.35240356807118 -0.579595402578303 -0.528637237819126 0.259240012286007 1.30653798235285
-0.36161310866081 -0.919657166644363 0.53899574594175 0.805868747943741 -0.528637237819126 -1.00815560333447 1.30653798235285
-0.678001125262564 -1.00965178547795 -0.822513224207099 -0.96136642993937 -0.528637237819126 1.00815560333448 1.30653798235285
1.28206249386861 -0.205117468795059 1.0524556873422 1.13981210787145 0.62615284479547 0.144022229047782 -0.763680651656947
-0.187862943817834 -0.412699802251449 0.960196427323134 0.99865552127654 -0.528637237819126 0.633697807810237 -0.763680651656947
-0.390562342551545 -0.342422363292131 1.47450398691877 1.09321213825375 -0.528637237819126 0.345653349714678 -0.763680651656947
-0.132893927991378 -0.595435414011123 0.772662072380572 0.612470514220265 2.35833796871736 1.03696004914403 -0.763680651656947
-1.60285106970331 -1.83891773945878 -0.867455720446018 -0.866805035927854 -0.528637237819126 -0.864133374286694 -0.763680651656947
1.54107285336213 2.18896026215651 1.0499971262788 0.998880041888742 0.0487578034881718 -2.10272454409762 -0.763680651656947
-0.851198198969996 -0.848486856885547 0.817253345610434 0.234779074153254 -0.528637237819126 0.6625022536198 -0.763680651656947
0.328393878478455 1.3362792363998 -0.728933365673981 -0.388428043873941 -0.528637237819126 0.0576088916191103 -0.763680651656947
-0.217177638656911 0.23185108831068 -0.118329822941853 0.471204055836403 -0.528637237819126 1.09456894076315 -0.763680651656947
-0.506281747361247 0.578457677181924 -0.118905828676706 0.519518980768581 -0.528637237819126 1.29620006143004 -0.763680651656947
1.30962770293763 0.256189136964787 1.14639613483128 0.901098926757561 0.62615284479547 -0.633697807810242 -0.763680651656947
1.45222088084231 1.5891403757124 0.770845078680384 0.330305429093809 -0.528637237819126 -0.748915591048468 -0.763680651656947
1.07991474517838 1.47449329764724 -0.120282622872209 -0.291779085872376 -0.528637237819126 0.316848903905124 -0.763680651656947
1.04876121686105 0.692460282613915 -0.584772710863218 -0.294181934126369 1.78094292741007 0.777720036858026 -0.763680651656947
-0.448233117786334 -0.641685992530637 0.630379289924899 0.663885734414554 0.62615284479547 -0.432066687143346 -0.763680651656947
0.0978047367421076 -0.503777595446359 1.14376898672353 0.135727267897695 2.35833796871736 1.92989786924028 -0.763680651656947
1.53914755435982 -0.366350711486579 0.817478128336231 0.471930165050333 -0.528637237819126 0.0288044458095563 -0.763680651656947
0.270735784853861 1.15343774699325 0.628641906773431 1.2344451573975 -0.528637237819126 1.92989786924028 -0.763680651656947
-0.966986487980529 -1.17071470325928 -0.963629946272703 -0.86791808492026 -0.528637237819126 0.172826674857336 -0.763680651656947
-0.822855953058134 0.461543436460785 0.490662776922069 0.472302773725903 -0.528637237819126 -0.31684890390512 -0.763680651656947
-0.822325919395672 -1.37959979210986 0.909971537027999 0.854709146649158 -0.528637237819126 0.316848903905124 -0.763680651656947
1.45401936374267 -0.481379869755692 0.20786737597637 0.327324559689253 -0.528637237819126 -2.13152898990717 -0.763680651656947
-0.361987504379972 -1.19480877298797 1.0524041746342 0.565354624897932 -0.528637237819126 0.230435566476453 -0.763680651656947
0.358870093524017 0.485294554681111 1.28855715997715 1.18870505395419 2.35833796871736 -0.892937820096247 -0.763680651656947
0.329967551016272 1.42902115000108 0.629334986844636 0.279554216667522 -0.528637237819126 -2.13152898990717 -0.763680651656947
1.71231782375479 -0.136847101750474 0.960257305978037 0.804784361157148 -0.528637237819126 1.20978672400137 -0.763680651656947
-1.14134133505507 0.968092021069232 -0.540902615545285 0.473024105905531 -0.528637237819126 1.18098227819181 -0.763680651656947
-0.419850521296579 0.439923681305875 0.300932107429537 -0.198306855681756 -0.528637237819126 0.489675578762458 -0.763680651656947
0.676322500726898 -0.687980072952889 0.958173382790966 0.759889792785325 2.93573301002466 0.864133374286698 -0.763680651656947
1.48335711605483 0.393650546244201 0.863980054735363 0.374067840336016 -0.528637237819126 0.403262241333786 -0.763680651656947
0.503679671028664 1.08285878690913 -0.0263936880911214 -0.387606393973968 0.62615284479547 -1.18098227819182 -0.763680651656947
-0.332975727093504 -0.480995487863765 -1.24260872385332 -0.961844133369587 -0.528637237819126 -0.403262241333792 1.30653798235285
0.558893672506612 -0.457474538441001 -1.14741323947854 -0.148539712321717 -0.528637237819126 0.720111145238908 1.30653798235285
-0.824100768386125 0.347985056808087 -1.24125534452508 -0.77295064299306 -0.528637237819126 0.288044458095561 1.30653798235285
-0.2456334426237 1.24499889466304 -2.13257317479991 -0.76987423290246 0.62615284479547 1.26739561562048 1.30653798235285
-0.70841796731494 0.117761018735616 -1.10012457353912 -1.15057520457984 -0.528637237819126 -1.23859116981092 1.30653798235285
-0.217878009401764 -0.251116702987636 -1.75737989782091 -2.06201424129725 0.0487578034881718 0.230435566476453 1.30653798235285
-1.28435242965935 -0.550957595570424 -0.0716077967903781 0.47073590647479 -0.528637237819126 1.44022229047783 1.30653798235285
-2.23588822878947 0.255450295124616 -2.83649151976766 -3.06511357909447 -0.528637237819126 -0.115217783238223 1.30653798235285
1.05023113077 0.693509852330794 -0.211666166855357 -0.340929991807435 1.20354788610277 -0.633697807810242 1.30653798235285
-2.29357802643955 -2.16178702023755 -2.08298048592108 -2.20582685896417 -0.528637237819126 -0.086413337428669 1.30653798235285
-0.536142299053689 0.486072525216867 -2.50897044425396 -2.96845224857406 -0.528637237819126 -0.345653349714674 1.30653798235285
-0.679331829677784 -0.343465027945083 0.209286316932959 -0.103664252087103 -0.528637237819126 -0.921742265905812 1.30653798235285
-0.93816464662857 -1.44691726033254 0.534921559036691 0.947354949905503 1.78094292741007 0.172826674857336 1.30653798235285
-1.83158984922486 -1.01080170879057 -1.94269265015685 -1.9163672424583 -0.528637237819126 -0.892937820096247 1.30653798235285
-1.08265430169421 -0.11359314813288 -2.36603047063075 -2.53623999054258 -0.528637237819126 1.23859116981093 1.30653798235285
0.444805295699017 0.624058719354721 -0.354684176143323 -0.293847541725217 -0.528637237819126 0.489675578762458 1.30653798235285
-0.0737803313785097 -1.60983764031019 -1.05668999475242 -0.911847692363044 -0.528637237819126 -1.06576449495359 1.30653798235285
-0.968162419107689 -1.14912256836007 -2.8362011754135 -2.63211554669062 -0.528637237819126 -0.259240012286013 1.30653798235285
-0.593561200216903 -1.10265839319642 0.254743940251829 0.518267397781412 -0.528637237819126 -0.806524482667586 1.30653798235285
1.02144963999593 -0.896313447195721 0.207712837852384 0.13909985411503 2.35833796871736 -1.06576449495359 -0.763680651656947
-1.68822712815609 -1.19556833001992 -0.490738603905053 0.280767583380274 -0.528637237819126 1.64185341114472 -0.763680651656947
-0.277003134751172 0.39429041550142 -0.257592087519636 -0.151854974127425 -0.528637237819126 1.03696004914403 -0.763680651656947
1.13607698523681 1.35910507605393 0.347986624696252 0.182867042391539 -0.528637237819126 -1.61304896533516 -0.763680651656947
-0.449812266474007 0.486116257288404 0.9573538624365 0.37572547123887 0.62615284479547 0.892937820096252 -0.763680651656947
-0.649011540793937 -1.08018931517851 0.77287748915946 0.950885178254809 1.20354788610277 0.633697807810237 -0.763680651656947
-0.418944074386059 -0.665305684367555 0.584191122747191 0.662433515986693 2.93573301002466 0.259240012286007 -0.763680651656947
0.416727057853939 1.03708511813816 1.19336167560237 0.852994191334678 -0.528637237819126 0.460871132952904 -0.763680651656947
-0.477044006838579 -0.849650406190978 -0.822386783923838 -0.914704358875743 -0.528637237819126 -2.13152898990717 -0.763680651656947
0.907199860876766 1.03770197051562 -0.351101701450942 -0.580488707992809 2.35833796871736 -0.662502253619796 -0.763680651656947
-0.707475204884318 -0.298202333904701 -0.584917883040294 -1.15271531594721 3.51312805133196 -1.00815560333447 -0.763680651656947
-1.54473470880122 -0.779448002259665 -0.821052136489422 0.0887116962957081 -0.528637237819126 -1.09456894076314 -0.763680651656947
2.00242983225121 2.00441092027206 1.05379033477661 1.23478432683295 -0.528637237819126 -0.662502253619796 -0.763680651656947
-0.79441369535678 -1.47123689548285 0.0217753768576674 0.663665990836654 -0.528637237819126 0.547284470381575 -0.763680651656947
0.847564588935427 -0.0202850192896033 1.2407205861436 0.469078275571936 1.20354788610277 0.288044458095561 -0.763680651656947
0.386884923318121 1.5210794622736 0.348220773368957 0.377058263809176 3.51312805133196 -0.950546711715365 -0.763680651656947
-0.0736736905655075 1.49831576819481 -0.354529638019337 0.517651160356432 -0.528637237819126 -1.38261339885871 -0.763680651656947
1.33710068211431 1.22162525327071 0.211501363376745 0.185962560619347 0.0487578034881718 -1.20978672400137 -0.763680651656947
0.329468933160883 -0.757074214123945 -0.0694864098156746 -0.388222631398948 -0.528637237819126 -0.979351157524919 -0.763680651656947
-1.02503367646337 -1.12543589740307 0.772175043141346 0.469245471772512 -0.528637237819126 0.201631120666899 -0.763680651656947
-0.968588982359698 -1.33367881530846 -0.0733170821011217 1.04468224677798 -0.528637237819126 0.0576088916191103 -0.763680651656947
1.77064746628289 -0.0674673211016444 0.911802579648549 1.09369461871827 1.78094292741007 2.21794232733585 -0.763680651656947
0.0414522725307574 0.668937031503175 -0.212097000413134 0.375195220431329 -0.528637237819126 1.44022229047783 -0.763680651656947
-0.851506016235635 -0.734279907595081 1.14658345376944 1.1390477823831 3.51312805133196 -1.35380895304915 -0.763680651656947
0.156537885049129 -0.204668639639815 0.913938015543615 0.710495258100856 -0.528637237819126 -0.979351157524919 -0.763680651656947
-0.534107505876082 0.346666189598062 0.488503926159732 0.615857431540506 0.62615284479547 0.316848903905124 -0.763680651656947
2.02926008436574 0.992457689979045 1.14706111706176 1.28117410694136 -0.528637237819126 0.288044458095561 -0.763680651656947
0.386273900281459 2.11947230217283 0.349180782927045 -0.101313951210434 -0.528637237819126 0.0288044458095563 -0.763680651656947
-0.621668259903333 -0.574418701105823 0.818906435239729 0.711374232412456 1.78094292741007 -1.95870231504984 -0.763680651656947
-0.96839587602264 -0.504235631353505 0.0682492054160752 0.278746897870455 -0.528637237819126 0.950546711715359 -0.763680651656947
-0.103642641203274 -1.07866789942663 0.864818306983645 1.04411855673032 3.51312805133196 -1.09456894076314 -0.763680651656947
-0.967825203563871 -0.9412838268632 -0.915601370527537 -0.772262750053547 -0.528637237819126 -0.288044458095567 1.30653798235285
-0.679038999769648 0.0243608223733148 -1.19717919837517 -1.43732146560208 -0.528637237819126 -1.06576449495359 1.30653798235285
0.963405333697221 1.19844265198036 -0.023157753434344 -0.486285591553957 -0.528637237819126 -0.547284470381571 1.30653798235285
-1.88972926760004 -0.572386310623359 -1.38330866128151 -0.435887879666031 -0.528637237819126 1.29620006143004 1.30653798235285
-1.60110158393325 0.186517041943055 -1.75803083113103 -1.82016254864683 -0.528637237819126 0.374457795524232 1.30653798235285
-1.08353336785545 -0.573270158805993 0.0205952675472362 -0.580450491718392 -0.528637237819126 -0.806524482667586 1.30653798235285
-2.40837830272854 -0.850657855017903 -2.13304709171347 -2.1093880904719 -0.528637237819126 -0.83532892847714 1.30653798235285
-0.649481625026387 -0.941165750270052 -1.71112148604139 -2.05856044549678 -0.528637237819126 0.864133374286698 1.30653798235285
-1.48593815244323 -2.02233234917126 -1.47717418119532 -0.913897040078676 -0.528637237819126 -0.144022229047788 1.30653798235285
0.501324926590209 0.737840362741053 -1.10357124200133 -1.05721284617817 -0.528637237819126 0.0576088916191103 1.30653798235285
-0.218359334152342 -1.10254561048562 0.488419632637559 0.326579342338114 1.78094292741007 -0.115217783238223 1.30653798235285
-0.82261240849871 1.42837207399195 -1.33544398960723 -0.723427128382432 -0.528637237819126 0.460871132952904 1.30653798235285
-0.79461919508562 0.531176402786932 -1.42975439199919 -1.44123385669556 -0.528637237819126 -0.921742265905812 1.30653798235285
-0.793179255891676 -1.33371334062809 0.25703391427088 0.422597731811792 -0.528637237819126 0.979351157524924 1.30653798235285
1.28087791618905 0.783609428136069 -0.913128760543776 0.0425321056966012 -0.528637237819126 -1.52663562790649 1.30653798235285
-1.141744840834 -0.988746934608266 -0.961855099333602 -1.48496760573195 -0.528637237819126 -0.748915591048468 1.30653798235285
-2.06325116345951 -0.550743538588692 -0.867221571773314 -0.723766297817886 -0.528637237819126 -0.576088916191124 1.30653798235285
-0.161398729088465 -0.965327029287631 -1.29017836819998 -0.769004812659465 -0.528637237819126 1.18098227819181 1.30653798235285
1.07986574804808 -0.134964320986424 0.95774254923319 1.0946452485444 0.0487578034881718 0.6625022536198 -0.763680651656947
0.84745506593829 1.08457354445096 1.19216283439812 0.71098729263398 -0.528637237819126 0.43206668714335 -0.763680651656947
-1.05457894603327 -0.505117177848164 -0.444634730249519 0.327080930939842 0.0487578034881718 1.20978672400137 -0.763680651656947
0.443623600203587 -0.0673200130712053 1.47590419598155 0.902517705945306 1.20354788610277 -1.20978672400137 -0.763680651656947
0.934707426263075 0.852676179220216 -0.257704478882534 -0.532312317055394 -0.528637237819126 0.748915591048462 -0.763680651656947
1.85614457646934 1.47520682091968 1.05167363077536 0.995302043196414 -0.528637237819126 0.950546711715359 -0.763680651656947
0.991546979593274 -0.941154471998971 -0.02335912129287 -0.438520025566528 -0.528637237819126 -0.489675578762464 -0.763680651656947
-1.08370053453529 -0.206219977335376 0.725532627538591 1.14047611563945 -0.528637237819126 -0.720111145238914 -0.763680651656947
1.82750719490203 1.31469400656452 1.80267740063462 1.28117410694136 -0.528637237819126 0.288044458095561 -0.763680651656947
1.39503834760002 0.64639199778207 0.583329455631638 0.471930165050333 0.62615284479547 0.0288044458095563 -0.763680651656947
1.54069816942455 2.07336949202135 0.957452204879036 0.664521079976742 0.0487578034881718 -0.518480024572017 -0.763680651656947
-0.189551903721059 -1.56317782166861 -0.635203651990333 -0.243956195473322 -0.528637237819126 -0.950546711715365 -0.763680651656947
1.28110560873573 -0.802759267907852 0.491079561559483 0.806590080123369 -0.528637237819126 0.345653349714678 -0.763680651656947
0.907231564902253 0.922631381862948 0.912814101914633 0.950077859457742 0.0487578034881718 -1.92989786924029 -0.763680651656947
-0.937438336226501 -1.07964151344032 0.723673487077317 0.805457922993754 -0.528637237819126 -0.0288044458095517 -0.763680651656947
1.3087572833288 0.576515052530509 -0.163838958968717 0.23358481557771 -0.528637237819126 1.41141784466827 -0.763680651656947
-0.795042299716667 -0.779781056509736 0.865118017284707 1.04689401365988 0.0487578034881718 0.604893362000683 -0.763680651656947
-0.0162231141986477 -0.113240989872612 1.00519980221696 1.0458287350105 0.0487578034881718 0.547284470381575 -0.763680651656947
-0.649980531100189 -1.40164766122824 -0.165819856739798 0.186191858265852 -0.528637237819126 0.374457795524232 -0.763680651656947
-1.37180366068947 -0.75643112250356 0.677499368819971 1.04411855673032 -0.528637237819126 -1.09456894076314 -0.763680651656947
1.30997932940212 1.65816799810096 0.488817685381156 0.660479708957104 3.51312805133196 -1.84348453181161 -0.763680651656947
0.214181567753047 -0.941209252172791 0.492470404675348 -0.101600573268564 -0.528637237819126 -0.979351157524919 -0.763680651656947
-0.505572153627161 0.691831921796574 -0.16470062608427 -0.0546423260782031 -0.528637237819126 0.460871132952904 -0.763680651656947
-1.25609261421376 0.208152908913794 0.537534658224074 0.997642790004479 1.20354788610277 1.06576449495358 -0.763680651656947
-0.217102701869396 -1.01130370693805 0.630683683199415 0.855793533435752 -0.528637237819126 1.72826674857338 -0.763680651656947
0.357431883640554 0.876841601276151 1.14771673334533 1.04304372401233 0.62615284479547 -1.49783118209694 -0.763680651656947
1.25256045706075 -0.551079585033131 0.397256188406752 -0.00687198305647241 -0.528637237819126 0.460871132952904 -0.763680651656947
-1.11130032981392 -0.595997025877172 -0.398769688240143 -0.198650802151512 -0.528637237819126 -1.41141784466827 -0.763680651656947
0.876870637222099 1.19914236512495 0.76939803988307 0.947593801620611 -0.528637237819126 -0.115217783238223 -0.763680651656947
-0.0176930281075976 -0.344275222112498 -0.306238815760742 0.282535086072078 -0.528637237819126 -0.748915591048468 -0.763680651656947
0.619090970354313 -0.11381871355449 0.959479932384658 0.852530819007368 0.0487578034881718 0.979351157524924 -0.763680651656947
1.71362921753631 0.508226271982119 0.442325124928932 0.760061766020204 -0.528637237819126 -0.518480024572017 -0.763680651656947
-1.65899313447279 -1.632599032701 -1.47691661765535 -1.77254507072277 -0.528637237819126 -0.201631120666894 1.30653798235285
1.62667948654572 1.63595670913632 0.76931842933435 0.613015096130713 0.0487578034881718 -0.0576088916191162 1.30653798235285
-1.28384228306743 0.439175632713802 -0.353780362266683 0.0435066206942444 2.93573301002466 -0.518480024572017 1.30653798235285
-1.02598479722799 0.875713774168102 -1.80472944241523 -1.44162079647404 -0.528637237819126 1.61304896533516 1.30653798235285
1.3370833890095 0.80845384814481 0.304308531289937 0.138082345808667 -0.528637237819126 0.720111145238908 1.30653798235285
0.042711786997838 0.853228584334362 0.866536958241297 0.377641061994042 0.0487578034881718 0.633697807810237 1.30653798235285
-0.909642552426672 -0.160151692503531 -0.119369443048661 0.231358717592898 -0.528637237819126 -0.83532892847714 1.30653798235285
0.27056861817402 -0.98729318848287 0.490606581240619 0.0886018245067581 -0.528637237819126 -0.864133374286694 1.30653798235285
-0.27519888748254 -0.319341036272709 -0.306744576893784 -0.532169006026329 1.20354788610277 -1.44022229047782 1.30653798235285
-1.6027271357855 -0.941962134309613 -0.631433858359789 -0.721673956793534 -0.528637237819126 -1.20978672400137 1.30653798235285
0.300794083199819 0.461828845769761 -0.773819666231452 -0.864277984782004 -0.528637237819126 1.23859116981093 1.30653798235285
0.616557530499476 0.484735244503038 -1.14717909080583 -1.05556476934392 -0.528637237819126 1.35380895304915 1.30653798235285
-0.908423388537484 -0.457428504681489 -1.75557227006763 -1.62811143859657 -0.528637237819126 -1.1233733865727 1.30653798235285
-0.880820711074713 -1.47131745456199 0.581999491170676 1.13848886936975 0.0487578034881718 -0.0576088916191162 1.30653798235285
-1.11032903376036 -0.297277055338506 -0.725739577778291 -0.341636992884156 -0.528637237819126 -0.662502253619796 1.30653798235285
-0.27686536634951 0.507671565179997 -2.50846374652623 -2.53809347985182 -0.528637237819126 0.0576088916191103 1.30653798235285
0.616949507541863 1.03779633972262 -0.492883405747027 -0.578883624467279 -0.528637237819126 1.3250045072396 1.30653798235285
-0.33462548929249 -0.734365300218976 0.305151466511674 0.137704960098795 -0.528637237819126 -1.03696004914404 1.30653798235285
1.13712321807788 -0.0450166565875389 1.4287607022192 -0.197308455512602 0.0487578034881718 -1.00815560333447 -0.763680651656947
0.819987851129873 -0.597232341813682 1.80189534406779 0.281221401638981 -0.528637237819126 -0.31684890390512 -0.763680651656947
0.301638563151432 0.739067162432054 1.14549232095464 0.950971164872248 -0.528637237819126 0.864133374286698 -0.763680651656947
0.501206757040666 0.807765643440102 0.679789342839022 0.51986770427264 2.93573301002466 -1.03696004914404 -0.763680651656947
1.62599352672154 -1.51632005786113 0.256331468252766 -0.0040535328181904 -0.528637237819126 0.604893362000683 -0.763680651656947
-0.938643089195013 -1.35539293967037 -0.0268760343568927 0.422707603600742 -0.528637237819126 0.489675578762458 -0.763680651656947
0.590041436455674 0.0260088309638519 -0.680530152052488 -1.10376504545285 -0.528637237819126 -1.15217783238226 -0.763680651656947
-0.418906894210715 -0.572894983665968 -0.11891051165016 -0.43436878275794 -0.528637237819126 0.864133374286698 -0.763680651656947
-0.709016020522994 -1.28801332587234 0.631873158456754 0.519461656356955 0.0487578034881718 -0.720111145238914 -0.763680651656947
-0.391149155241471 0.831153094960281 0.912430098091397 1.04491632145878 2.93573301002466 2.04511565247851 -0.763680651656947
1.13582623521704 1.05986952740873 1.05373413909516 0.902369617881939 -0.528637237819126 1.41141784466827 -0.763680651656947
1.04964316520642 0.323812729688225 -0.353457237098351 0.0422502606727728 -0.528637237819126 1.84348453181161 -0.763680651656947
1.54116508325446 0.900597322872428 0.394863188971711 0.996739930521368 0.0487578034881718 -1.69946230276384 -0.763680651656947
-0.101455063444661 1.10607591351911 -0.117603962056468 -0.0551056984055139 1.20354788610277 0.979351157524924 -0.763680651656947
1.97120424933049 0.347386617934428 3.11354937882437 0.854656599271835 0.62615284479547 1.9875067608594 -0.763680651656947
-0.189537492800383 0.23243341536851 -0.0735371818534641 -0.151124087879192 -0.528637237819126 -0.115217783238223 -0.763680651656947
-1.48618313809472 -0.227777586914945 -0.023930444054269 0.803637872924626 -0.528637237819126 0.201631120666899 -0.763680651656947
-0.0439209037378803 -0.849683090160232 -0.257442232369105 -0.00724459173204201 -0.528637237819126 -0.662502253619796 -0.763680651656947
0.472384915688707 -0.688331540706765 0.398810935593511 0.51986770427264 -0.528637237819126 -1.03696004914404 -0.763680651656947
-1.77560342239868 -0.618388306841506 0.161889942604095 0.46957031010506 -0.528637237819126 -1.64185341114472 -0.763680651656947
1.68304347949361 1.33647027650178 0.397153162990762 0.709267560285197 1.78094292741007 1.55544007371605 -0.763680651656947
-0.0747718027210172 -0.481478842338644 0.257979874908607 0.519409108979631 -0.528637237819126 1.15217783238226 -0.763680651656947
-0.332410819003005 -0.090755800038872 1.14606364371604 0.995970827998718 -0.528637237819126 -0.460871132952899 -0.763680651656947
-1.42912742095438 -0.0675985173162542 -0.0730361036938762 0.0423983487361402 -0.528637237819126 -0.230435566476448 -0.763680651656947
1.28081739032221 1.35896237139944 0.770395513228791 0.326899403636359 -0.528637237819126 -0.83532892847714 -0.763680651656947
-0.304366879149136 -1.51751463392047 0.443102498522311 0.615972080363758 -0.528637237819126 -0.201631120666894 -0.763680651656947
1.71341017154203 2.07389888025574 1.37956138311051 0.902747003591811 0.62615284479547 0.374457795524232 -0.763680651656947
0.58777603972541 1.15343774699325 0.628641906773431 0.804512070201924 -0.528637237819126 1.92989786924028 -0.763680651656947
0.214893467234441 -0.251330759969368 1.3789198157473 0.998913481128857 -0.528637237819126 -0.518480024572017 -0.763680651656947
-0.910654199058126 0.0721760883786486 0.0687128197880301 -0.53230276298679 -0.528637237819126 -1.09456894076314 -0.763680651656947
1.88710211626548 -0.135949443439986 1.42611950519109 1.04430963810241 -0.528637237819126 -0.0288044458095517 -0.763680651656947
-1.42843569676193 -1.14908113797651 -0.260935730565858 -0.39016210732563 -0.528637237819126 -0.0576088916191162 -0.763680651656947
-0.708037807227508 0.0473892105692985 -1.38413754758288 -1.67629260656829 -0.528637237819126 0.115217783238228 1.30653798235285
-0.96787420069417 -0.114083407671685 -1.19516551978991 -0.865400587843015 -0.528637237819126 1.06576449495358 1.30653798235285
-1.16909676827701 -1.12598369914126 0.911540333135119 1.0458287350105 2.93573301002466 0.547284470381575 1.30653798235285
0.386464124434382 -0.228447378115847 -0.494714448367577 -0.530219976031042 -0.528637237819126 -0.259240012286013 1.30653798235285
-0.994862972936144 -0.94165854166563 -1.42952024332648 -2.01303053156277 -0.528637237819126 0.144022229047782 1.30653798235285
0.704389209835436 -0.111947441230319 -1.33699405382054 -0.916032374411747 -0.528637237819126 1.49783118209693 1.30653798235285
0.0410228270946132 -0.251215675570587 -0.0264171029583918 -0.578348596625436 -0.528637237819126 -0.950546711715365 1.30653798235285
0.935903532679182 1.10780217950082 -0.774189621134325 -0.530520929192079 -0.528637237819126 -1.15217783238226 1.30653798235285
0.185887166097829 0.64761879747307 -1.43192729168189 -1.48893254420276 -0.528637237819126 0.172826674857336 1.30653798235285
-1.0236848142881 -0.711489744104573 -1.38269050878557 -1.77417881645412 -0.528637237819126 0.144022229047782 1.30653798235285
-0.160294852564685 -0.804492461970366 -0.0261220756307841 0.135732044931998 -0.528637237819126 0.921742265905805 1.30653798235285
-0.507134009210024 -0.113972926648856 -2.13403379422024 -2.77646462530967 -0.528637237819126 0.0864133374286737 1.30653798235285
-0.591367800446336 0.185739071407298 -0.538355077986259 -0.243373397288456 -0.528637237819126 0.633697807810237 1.30653798235285
-0.15903822028174 -1.24170336380306 0.722821185908672 -2.34832579219799 -0.528637237819126 -1.75707119438294 1.30653798235285
1.22364350363233 1.22258966053249 0.210489841110661 0.328041114834579 -0.528637237819126 0.835328928477134 1.30653798235285
-0.18854313927374 -0.320222582767367 -0.634215544591519 -0.865615554386613 -0.528637237819126 1.90109342343073 1.30653798235285
1.30876304769707 1.6128937956207 0.441880242450794 0.0907944832514555 -0.528637237819126 -0.259240012286013 1.30653798235285
0.388594058510292 1.68240477248414 0.163936402003534 0.039245506096706 -0.528637237819126 -0.172826674857342 1.30653798235285
-0.651602624331478 0.116465168405347 0.67918055628999 1.18964135267742 -0.528637237819126 1.35380895304915 -0.763680651656947
1.36833491158743 0.53045367276259 0.816541533645412 1.09327423969968 -0.528637237819126 -1.18098227819182 -0.763680651656947
-0.0728609146393823 0.0260088309638519 0.162405069684046 -0.339439557105157 -0.528637237819126 -1.15217783238226 -0.763680651656947
0.588130548374039 1.06065210132044 0.538958282154117 0.280557393870979 1.78094292741007 1.15217783238226 -0.763680651656947
-0.131798698020003 0.025760248662486 0.397274920300569 0.23217559045857 -0.528637237819126 1.1233733865727 -0.763680651656947
-0.793246987218853 -0.136013890703303 0.0684224754338764 0.0899919414886907 -0.528637237819126 1.26739561562048 -0.763680651656947
0.213515783217817 1.6138374876907 0.724633496635406 0.851465540357983 -0.528637237819126 1.69946230276383 -0.763680651656947
1.54035518951246 0.601591943024786 2.08188564391449 0.662524279638434 -0.528637237819126 -0.144022229047788 -0.763680651656947
1.97325060006648 0.46267356525681 1.1935115307529 1.18722417332052 2.35833796871736 -0.374457795524238 -0.763680651656947
1.27969045632535 0.783505852177167 1.19382997294778 0.949394743552531 -0.528637237819126 -0.720111145238914 -0.763680651656947
-0.418603976658106 0.807533172954566 0.585492989367429 0.183836780354881 2.93573301002466 -0.662502253619796 -0.763680651656947
0.215340205775396 -0.413019736880059 1.0032985149946 0.854656599271835 -0.528637237819126 -1.46902673628738 -0.763680651656947
1.62747496936703 0.369581795083241 1.75485019274798 1.18705220008564 -0.528637237819126 -0.460871132952899 -0.763680651656947
-0.0731289577639555 0.461306362599298 -0.025972220480253 -0.00739745682971171 3.51312805133196 0.80652448266758 -0.763680651656947
1.19288195235738 1.359381278611 0.11439990880615 -0.101614904371471 0.0487578034881718 -0.777720036858022 -0.763680651656947
0.0133653881332733 -0.734204642398279 1.09985206167106 0.613980057059752 0.0487578034881718 -0.374457795524238 -0.763680651656947
0.531919311185313 1.45275845809355 1.42806293917454 0.853514888073615 -0.528637237819126 0.835328928477134 -0.763680651656947
-0.189684484191278 -0.735539161086538 0.209726516437644 0.758791074895826 -0.528637237819126 1.06576449495358 -0.763680651656947
0.647394018561937 1.54372807195361 0.445383106594454 1.2348941986219 -0.528637237819126 -1.26739561562049 -0.763680651656947
-0.0738293285088081 -0.73544179968517 1.09779155335126 1.04336856234488 3.51312805133196 0.921742265905805 -0.763680651656947
-0.909342805276611 -1.19373158301538 -0.495332600863517 -0.915688427941991 0.62615284479547 0.172826674857336 -0.763680651656947
1.76975398920098 -0.641693357932159 1.05167363077536 1.09315003680782 2.93573301002466 0.43206668714335 -0.763680651656947
-0.680536582646296 -0.850238487468746 0.535867519674417 0.997102985128333 0.62615284479547 -0.777720036858022 -0.763680651656947
0.502088705386036 -0.388879633391855 0.536120400240938 0.183144110381065 0.0487578034881718 -0.288044458095567 -0.763680651656947
-0.332907131111086 -0.111938234478416 1.00321890444588 1.23397700803589 -0.528637237819126 0.172826674857336 -0.763680651656947
0.156782870700621 1.12942653803168 1.09871878209517 1.23698653964626 0.0487578034881718 -0.201631120666894 -0.763680651656947
-0.909322629987665 -1.33377318451546 -1.00788872838732 -1.15188888901294 0.0487578034881718 -0.31684890390512 -0.763680651656947
-1.42976150146412 0.116152138840664 -0.962566911298624 -0.103215210862699 -0.528637237819126 1.38261339885871 -0.763680651656947
-0.794347693340084 -1.21675766952339 0.723514265979878 1.04255168947921 -0.528637237819126 1.49783118209693 -0.763680651656947
-0.939905485846229 -0.756553342135065 0.0233863197258751 -0.916180462475115 -0.528637237819126 1.03696004914403 -0.763680651656947
-1.74572381946911 0.0701022675126235 -0.304534213423453 0.088702142227104 -0.528637237819126 0.748915591048462 -0.763680651656947
0.588026789745172 -0.228249432949945 -0.587413907891325 -0.00577326516697283 -0.528637237819126 0.0288044458095563 -0.763680651656947
0.212881702708074 0.645450607400045 -1.10234430295636 -1.10280486155811 -0.528637237819126 -0.748915591048468 1.30653798235285
-0.391337073647085 0.324035993421859 0.164844898853628 -0.00839107996456363 -0.528637237819126 -0.086413337428669 1.30653798235285
-0.218800308325027 0.760650090579354 -2.36483836963019 -2.4415543936392 -0.528637237819126 1.41141784466827 1.30653798235285
-1.19723841417306 0.00183650384398975 -0.445280980586184 -0.34179941205043 2.35833796871736 1.67065785695428 1.30653798235285
1.53933777851274 1.79702883366955 0.488709976991712 0.472957227425301 1.20354788610277 -0.259240012286013 1.30653798235285
-0.246740201331616 -1.6562488766504 -0.16619917758958 -0.3896557416896 -0.528637237819126 -0.83532892847714 1.30653798235285
-0.707420731604163 1.45275845809355 -0.866594053330465 -0.34074368746965 0.0487578034881718 0.835328928477134 1.30653798235285
-0.966545513807844 -0.642790342421334 -0.680286637432875 -1.10521726388071 -0.528637237819126 1.09456894076315 1.30653798235285
-2.00635684863074 -0.227736156531384 -2.27234635178154 -2.25214498355804 -0.528637237819126 -0.864133374286694 1.30653798235285
-0.881506670898889 -0.342459190299741 0.11584226463001 0.139257496247002 -0.528637237819126 0.604893362000683 1.30653798235285
-0.649451073874554 0.0243285987416562 0.911914971011447 0.613808083824873 -0.528637237819126 -0.460871132952899 1.30653798235285
-1.19815206654392 -1.37804154935037 -0.960192643757399 -0.959708799036516 0.62615284479547 2.33449320330161e-15 1.30653798235285
-2.78203618275188 -2.2304855012456 -1.61781323996861 -1.63082957111451 -0.528637237819126 -0.0288044458095517 1.30653798235285
1.07991474517838 -0.620041609314387 -0.354431295576802 -0.196238399828915 -0.528637237819126 0.316848903905124 1.30653798235285
-0.419917676186929 -1.17280923931708 -0.257704478882534 0.232013171292296 -0.528637237819126 0.748915591048462 1.30653798235285
-0.245944718510301 -0.343941477356034 -2.41299515113961 -2.49126421258762 -0.528637237819126 -0.460871132952899 1.30653798235285
-0.448518742234131 -0.297771918253262 -0.165267265872215 0.805128307626905 -0.528637237819126 1.44022229047783 1.30653798235285
-0.824212885348984 -1.26314819067182 -1.57079150351607 -1.15205608521351 -0.528637237819126 0.43206668714335 1.30653798235285
1.7995067760286 -0.135710067890522 1.56828053033696 1.18580061709847 1.78094292741007 0.201631120666899 -0.763680651656947
-0.794058610271324 -0.251537911887173 0.539136235145373 0.517703707733756 -0.528637237819126 -1.58424451952561 -0.763680651656947
-0.592614489194015 -1.26292492693819 0.350290647635665 0.423395496540255 -0.528637237819126 -0.633697807810242 -0.763680651656947
0.0126361955470688 0.162215820296558 1.1914510224331 1.13890924838834 3.51312805133196 0.921742265905805 -0.763680651656947
0.013889945645879 -0.941560719926666 0.255399556535402 0.421924169975186 0.62615284479547 1.46902673628738 -0.763680651656947
-0.331985985061478 -0.434411624925383 1.05421180238748 0.521553997381307 -0.528637237819126 -1.1233733865727 -0.763680651656947
0.328393878478455 0.852924761521582 -0.682103631133063 -0.531739072939133 0.62615284479547 0.0576088916191103 -0.763680651656947
1.3658014717326 1.33693291578487 0.820119325364339 0.708995269329974 -0.528637237819126 0.777720036858026 -0.763680651656947
1.54006697109895 0.116439849837615 0.582711303135698 0.616683858474781 0.62615284479547 0.115217783238228 -0.763680651656947
0.560366468599697 0.301661284610949 0.116357391709961 0.0402009129571411 -0.528637237819126 -1.41141784466827 -0.763680651656947
-0.622607851931407 0.394005006192445 -0.682609392266105 -0.866556630144141 -0.528637237819126 -0.345653349714674 -0.763680651656947
1.02198572624508 0.968034478869842 0.631404861111345 0.18420938903045 -0.528637237819126 0.460871132952904 -0.763680651656947
-0.190624076219351 0.576399968131728 -0.0252604085152311 0.330305429093809 0.62615284479547 -0.748915591048468 -0.763680651656947
-0.448464268953976 -1.2645844439686 -0.91620079112966 -0.62522563423266 -0.528637237819126 -1.06576449495359 -0.763680651656947
1.511884974625 0.461421446998078 0.209829541853634 0.519662291797646 -0.528637237819126 2.01631120666895 -0.763680651656947
-0.536237468773833 -0.712032482129222 0.818620773859029 0.183793787046161 -0.528637237819126 1.55544007371605 -0.763680651656947
-1.31235284853278 0.00131171898555053 -0.0715094543478422 1.09151151404218 -0.528637237819126 -0.460871132952899 -0.763680651656947
-0.303656708978223 -1.12564304932087 0.724680326369946 0.471352143899771 1.20354788610277 0.259240012286007 -0.763680651656947
-1.3407942415789 -0.942426384774294 0.912650197843739 0.948071505050829 -0.528637237819126 0.979351157524924 -0.763680651656947
1.39728068685721 1.38227847059238 0.538012321516391 0.900301162029098 -0.528637237819126 0.979351157524924 -0.763680651656947
-0.824618120438393 -0.917671500427804 1.19412968324884 1.23348497350276 1.78094292741007 1.03696004914403 -0.763680651656947
-1.19786096594626 0.0930339848136316 0.770395513228791 1.09122489198405 -0.528637237819126 -0.83532892847714 -0.763680651656947
-0.333660534044026 -0.205181916058376 0.160901835205282 0.902532037048213 -0.528637237819126 -0.950546711715365 -0.763680651656947
0.904773061834931 2.74074392054964 -0.0694770438687664 -0.578362927728342 -0.528637237819126 -1.20978672400137 -0.763680651656947
1.3095354730453 2.02786512074353 0.257047963191242 0.0870827275986674 -0.528637237819126 0.201631120666899 -0.763680651656947
0.472621254787793 1.4527814749733 1.70570706932074 1.18756811979028 -0.528637237819126 -0.345653349714674 -0.763680651656947
1.28042253109569 -0.942383113040352 1.00781290140434 0.854011699641041 -0.528637237819126 1.64185341114472 -0.763680651656947
1.07982827965432 0.670016523163737 0.255727364677188 0.616578763720134 -0.528637237819126 0.864133374286698 -0.763680651656947
1.68323658583067 -0.204951747260815 1.0540572642635 1.13858441005579 -0.528637237819126 -1.49783118209694 -0.763680651656947
-0.392318169126706 0.553790487147306 0.77001619237901 0.853791956063141 0.0487578034881718 -0.777720036858022 -0.763680651656947
-0.53534500045637 0.393296086295957 -0.0708632040111777 0.66214211689426 -0.528637237819126 0.518480024572012 -0.763680651656947
-0.564065703661277 -0.250156899101806 0.257675481634091 0.23373768067538 -0.528637237819126 -1.90109342343072 -0.763680651656947
-0.564473535022155 0.853076672927972 -1.61841734354419 -2.01172640119828 -0.528637237819126 -0.230435566476448 1.30653798235285
-1.22550687617106 -0.574156308676603 -1.00736891833392 -0.485038785601089 0.0487578034881718 0.979351157524924 1.30653798235285
-0.707568587650298 -0.758350500106421 -2.78742051413161 -3.15824425133248 -0.528637237819126 -0.31684890390512 1.30653798235285
-0.908397448880267 -1.67819777318582 -1.33586077424465 -1.39201607228027 -0.528637237819126 0.144022229047782 1.30653798235285
1.74064681161963 1.65998633160169 1.37882147330477 1.0445102735431 1.20354788610277 0.892937820096252 1.30653798235285
0.791794325919387 -0.526396283182684 -1.38297617016627 -0.57829127221381 -0.528637237819126 -1.15217783238226 1.30653798235285
-1.37117822673213 -0.573412863460481 -0.117692938552096 0.518831087829069 -0.528637237819126 0.518480024572012 1.30653798235285
-1.28443024863101 -1.01035241929773 0.350707432273079 0.612556500837704 1.78094292741007 0.201631120666899 1.30653798235285
-0.680103678589189 -0.779794636468792 0.349227612661586 0.137743176373213 0.62615284479547 0.43206668714335 1.30653798235285
-0.764824904806446 -0.642137123373856 -0.679677850883843 -0.580278518483513 -0.528637237819126 -0.374457795524238 1.30653798235285
-2.32191277867266 -1.86260441041579 -1.94680617403893 -4.78503366532485 -0.528637237819126 -0.0576088916191162 1.30653798235285
-1.34155513819059 -0.643454609571096 -1.19370443207224 -1.15271531594721 -0.528637237819126 -1.00815560333447 1.30653798235285
-1.0525181843766 -0.734408802121715 -1.28998168331491 -0.915645434633271 -0.528637237819126 1.46902673628738 1.30653798235285
-0.767002106702173 -1.24152613382894 -1.38415159650324 -1.72580656711031 -0.528637237819126 -0.777720036858022 1.30653798235285
-0.594086334166335 -0.549972473116863 -2.92796404024643 -2.96869840915165 -0.528637237819126 -0.864133374286694 1.30653798235285
-1.11034344468104 -1.65614990406745 -0.260542360795714 -0.00544364980012296 1.78094292741007 -1.18098227819182 1.30653798235285
-0.101682755991341 0.14109322974438 -0.352722010266058 0.329345245199072 -0.528637237819126 -1.15217783238226 1.30653798235285
0.703694603458854 0.670283518968908 -0.0246469389927449 0.616960926464308 1.78094292741007 0.604893362000683 1.30653798235285
0.558919612163829 1.86550405094396 0.7265722476454 1.14068152811445 -0.528637237819126 1.5842445195256 -0.763680651656947
