0.038365,-0.509914,1.586776,-0.324581,0
-1.334633,-1.669661,0.564473,0.775207,1
1.416436,-0.429064,-0.092047,-1.394351,0
-0.782434,0.571128,0.627816,-0.021767,1
1.028165,0.399465,0.157780,-1.373637,0
-1.973442,-0.285649,-0.436394,-0.217298,1
0.934058,0.396279,1.262011,-0.476429,0
0.533581,0.725547,1.213457,-0.286668,1
1.572344,0.436364,0.561077,0.208528,0
-1.758679,-0.327345,1.529411,0.557326,1
-0.304819,-0.740012,-0.152222,-0.279450,0
-0.939159,-0.059129,0.190789,0.033439,1
-0.765887,-1.161399,-0.646129,0.781669,0
-1.939905,-0.917166,0.178271,-0.651375,1
2.215282,0.831914,-0.763996,-0.166733,0
-1.363708,-0.157878,-0.840573,-0.487766,1
1.552183,-0.057555,-0.761288,-0.186619,0
-1.773468,0.349988,0.709059,-1.478480,1
1.465657,0.185721,-0.444362,-0.129253,0
-0.991687,0.403081,-0.968209,0.311018,1
1.355795,0.761054,-0.148925,0.423214,0
-1.350559,-0.264153,-1.407675,0.281829,1
1.031368,0.327965,-0.520374,0.136187,0
0.360430,0.492460,-0.347259,-0.649842,1
1.287345,0.651005,-0.798369,-0.434233,0
-1.842222,-0.548286,0.350023,-0.458532,1
-0.604278,0.653791,0.404522,-1.345098,0
-1.169876,-0.395499,0.104363,0.941651,1
0.746136,1.005440,-0.722180,0.378412,0
-2.000237,0.089154,-0.183863,1.293628,1
1.192379,0.294727,0.083580,-0.425889,0
-0.468935,0.013568,-1.199595,-1.201464,1
1.295656,0.815419,-1.386388,0.568368,0
-2.222216,0.009224,1.522980,-0.547104,1
1.157602,1.227336,-1.064547,1.209325,0
-0.983479,0.348362,1.538346,-0.212666,1
0.121837,-0.149050,0.897473,-0.432835,0
-1.403028,0.914689,0.072346,-0.666905,1
1.780494,-0.612141,-0.309529,-0.333324,0
0.416148,-1.789789,-0.632558,0.437553,1
1.333016,-0.991871,0.825464,0.049191,0
-1.617803,0.039150,0.787482,0.257878,1
0.219861,-1.151567,0.881448,-1.146796,0
-0.381854,-0.752437,-0.305882,-0.266316,1
1.816229,-0.564618,-0.729316,-0.079129,0
-1.080827,1.271045,-0.369537,0.348809,1
1.145796,0.894755,0.636980,0.246517,0
0.443217,0.813392,0.545418,-0.617859,1
0.119965,2.226890,0.267390,0.271343,0
-0.944503,-0.917663,-0.395324,0.952262,1
0.643556,-1.054677,0.087886,0.590407,0
-0.938244,0.673871,0.882358,-0.575946,1
-0.270004,1.131308,0.905087,-0.056159,0
-0.906148,0.150438,0.460565,0.054780,1
0.647556,1.274078,0.638864,0.102081,0
-1.309723,-0.980995,-1.984038,0.709463,1
-0.156047,-0.516291,-0.594196,0.307604,0
-1.533813,0.374441,-0.161734,-0.271686,1
2.820627,0.418484,0.087430,-0.112740,0
-1.052165,-0.608942,-0.063411,-0.411018,1
1.781391,0.778835,-0.211412,-1.521900,0
-0.929022,1.180962,0.897023,0.481280,1
-0.335515,-0.890334,-0.858255,-0.582037,0
0.497840,0.691084,0.400956,1.001134,1
1.804971,-0.084491,-1.191461,-0.179003,0
-2.752929,-0.702944,0.241344,-0.813204,1
0.979091,1.186311,-0.081411,-0.237873,0
-1.772834,1.590653,0.285066,0.369548,1
0.988416,-0.181593,0.081219,0.009224,0
-0.718622,1.538406,1.185418,0.326442,1
-0.724279,-0.055128,0.236475,0.573601,0
-0.170300,-1.097724,0.652650,-0.525687,1
2.002573,0.371973,0.859255,0.833479,0
-0.079938,-0.648235,-0.259305,-0.541585,1
0.326381,-0.343230,-0.439026,-0.273534,0
-0.272350,1.639234,-0.050937,0.326280,1
0.962328,0.751061,0.657871,0.339391,0
0.465199,1.249028,-2.028004,0.168649,1
0.920150,0.543599,1.400340,0.514522,0
-1.408567,-2.039708,-2.340759,-0.267596,1
0.406106,0.184933,-0.702205,-0.794556,0
-0.637478,-1.040015,0.050720,0.120704,1
1.785105,-0.276602,-0.165890,0.583481,0
-0.833987,-0.263208,-0.438917,-0.315943,1
1.670846,0.492395,0.038660,-0.052629,0
-1.962271,1.959460,0.552342,0.507071,1
1.949403,0.408720,-0.577953,-0.260983,0
-1.266091,1.412319,0.802546,-0.191269,1
2.146067,0.462374,1.891402,-0.273055,0
-1.212472,0.699331,1.238124,-0.377422,1
1.416788,-0.473088,0.577571,-0.471871,0
-0.714162,-0.017034,-0.397872,-1.057780,1
1.509741,-0.410249,-0.321043,0.759522,0
-1.456627,0.433609,0.336525,-2.125480,1
0.154730,0.638471,1.625087,0.294132,0
-1.368571,-0.285524,0.728652,1.210095,1
1.529973,-0.984650,-1.043201,-0.559048,0
-1.220905,-0.400546,-0.108805,-0.071535,1
0.854414,-0.750334,-0.085617,1.043262,0
-0.941628,0.551283,-0.588733,-0.031477,1
-0.219363,-1.602954,1.156087,0.797740,0
-0.386382,-1.220376,-1.192224,0.238619,1
1.417079,0.975469,-0.197258,0.745049,0
-0.895074,-0.415104,-1.056814,-0.127404,1
0.594606,1.477198,0.213445,0.977141,0
-0.104593,-0.001169,-0.850945,-0.413002,1
0.910564,0.100807,0.846191,-0.436530,0
-2.035908,1.468875,0.056296,1.572045,1
1.464621,0.320037,0.084891,-0.264315,0
-1.278335,-1.305062,0.435836,0.416325,1
1.033788,-1.807301,0.718560,0.497989,0
-1.117239,-0.335964,-0.122064,-0.030178,1
0.958086,0.832717,-0.006202,0.226107,0
0.336020,-0.321716,0.169292,2.097286,1
1.307414,-0.680607,-0.600508,-0.887494,0
-0.674296,1.778643,-1.557977,-1.465914,1
1.321548,-1.199661,0.008946,1.300763,0
-1.294253,-0.063749,0.666652,-0.302497,1
0.848083,0.298479,0.415566,-0.463512,0
-1.008067,-0.147950,-0.997369,0.130554,1
1.798626,0.755482,0.437263,-1.231238,0
0.695641,1.440629,-0.660370,0.812021,1
1.547320,0.677380,-0.338442,0.678389,0
-0.592804,0.064229,2.029428,-0.227377,1
1.146398,-0.363361,-0.296558,0.741553,0
-2.328533,-1.114101,1.509811,0.431496,1
1.369168,-0.922444,-1.278791,2.041173,0
-1.714085,-0.554922,-0.101892,-1.149630,1
1.104765,-0.031689,-0.511284,-0.965352,0
-1.089713,1.454217,-0.756056,-1.075495,1
1.216798,-1.027288,0.536553,-0.136596,0
-0.038377,-0.288851,0.924054,0.352155,1
1.237379,0.196799,-1.067279,-1.299593,0
-0.986599,0.088695,-0.144704,0.621234,1
1.131767,0.018684,0.771412,0.249385,0
-2.288357,-0.716690,1.204704,-0.685873,1
0.640375,0.269098,1.217447,-1.776863,0
-2.104148,1.173099,0.006615,0.066921,1
2.449278,-0.575339,0.975640,1.241618,0
-1.443699,-1.051868,0.296199,-0.238158,1
1.522405,0.673011,0.306700,-1.103448,0
-1.739494,0.696068,-0.438269,0.105926,1
0.603771,0.806185,-0.198571,0.263734,0
-1.443825,-1.467791,1.290323,0.957437,1
1.063161,1.653365,-0.082943,-0.306022,0
-1.422595,-0.756750,0.212514,-0.391235,1
1.858389,1.392061,-0.569376,-0.436872,0
-0.741981,0.864281,-0.933908,-0.242103,1
2.677010,-0.236906,-0.161552,-0.117782,0
-0.917920,0.403909,1.143603,0.843844,1
1.081998,-0.129439,0.990959,-0.196784,0
-0.756905,-0.757544,-0.516379,0.205001,1
0.937936,-0.244559,0.771083,0.612994,0
-0.932199,0.906605,-0.206727,-0.479426,1
1.081922,0.294477,0.079070,-0.949439,0
-2.440759,-0.516495,0.083409,0.383270,1
2.165266,-1.342752,0.077093,-0.536205,0
-1.362830,1.247625,-1.644831,-1.206727,1
0.852172,-0.642094,0.521390,1.155425,0
-0.851316,0.095148,0.574124,0.551146,1
1.038553,-1.058450,0.508588,-2.101220,0
-0.619362,0.175924,1.121930,0.106144,1
0.732597,0.535429,-0.779667,1.643826,0
-1.165966,-0.791259,-0.351589,1.127264,1
1.098992,0.149730,-0.385392,-1.077887,0
-0.276075,-0.525165,0.009828,-0.038189,1
0.927168,-0.571383,-0.559827,-0.285245,0
-0.548873,-0.048568,0.275911,0.246064,1
1.140580,-0.022003,1.048070,0.965390,0
-0.268486,1.528836,0.213772,-0.311209,1
0.618011,-1.239108,0.520694,-0.748438,0
-1.153154,0.948106,1.119839,0.390016,1
0.744942,0.015587,1.272098,-0.477993,0
-1.579240,0.325419,-1.482343,-0.301127,1
1.198759,-1.036758,0.966443,-0.639398,0
-1.103238,-0.133436,-0.027960,-1.889046,1
1.459788,0.761097,-0.284921,-0.759077,0
-1.026717,0.630252,-0.703897,0.344466,1
2.434600,0.298969,-0.799478,-0.118592,0
0.247781,0.006577,0.183774,0.412694,1
0.426101,-0.067008,0.078130,-0.336902,0
-1.402984,0.737375,1.244160,0.274970,1
-0.106600,2.532290,-0.661276,0.116975,0
-0.123100,-0.208477,0.870438,-0.657414,1
1.694848,0.296930,-0.475302,-0.781974,0
0.433582,1.535907,-0.229345,0.556728,1
2.274307,-0.838223,0.178719,0.276990,0
-2.169480,0.162228,0.519713,-0.188840,1
1.821863,-0.482375,-0.092904,-0.209035,0
-0.454601,-0.427526,-0.291368,0.676564,1
0.723896,-0.320106,0.184621,0.993999,0
-0.338436,0.269592,0.052680,0.349109,1
0.715246,0.127248,-0.586124,-0.410248,0
-1.140524,-0.294246,0.001134,-1.155112,1
0.581780,-1.181352,1.682556,0.558133,0
-1.803755,-0.298183,1.315124,0.765992,1
1.155464,0.506933,0.438225,0.318788,0
-1.036075,0.312584,0.356720,-0.303364,1
1.409928,0.711457,0.869465,-0.159735,0
-1.513732,-0.412380,0.000618,0.344045,1
0.161903,-0.652939,0.311634,0.212860,0
-1.731934,-0.004221,0.459763,-0.074942,1
1.259486,0.145738,-1.534698,-0.051440,0
-1.640981,-1.637190,-1.094499,0.652158,1
1.862128,1.411258,0.759468,1.062607,0
-0.568171,-0.280404,1.407839,-0.979191,1
1.045257,-0.677940,-0.304805,-0.169050,0
-1.416259,-0.274558,-0.755820,-0.801121,1
-0.139255,-0.443061,0.693424,0.247101,0
-0.020277,-0.243718,0.865556,-0.226689,1
-0.603819,-0.058103,0.669490,0.619135,0
-1.600080,-0.430452,-0.106867,-0.529397,1
0.325763,0.428316,-3.236087,-0.448780,0
-1.125046,-0.269964,-0.413175,1.206332,1
0.673717,-0.777752,0.730639,0.725827,0
-1.301395,0.029652,-0.323644,0.869090,1
0.536396,0.016372,-0.036274,-0.651857,0
-0.964468,-0.193349,-0.572162,0.742540,1
0.447702,-0.243820,-1.252059,-0.080808,0
-2.026848,-1.400238,0.089607,-0.207758,1
0.123373,0.009914,-0.092782,-0.007017,0
-1.645252,0.055467,-0.111972,1.181042,1
0.714350,1.893244,-0.410270,-0.065327,0
-0.509533,-0.341253,-0.815677,0.162318,1
2.585168,0.554274,-0.578469,-0.115213,0
-0.613351,-1.443669,-0.781231,-0.317694,1
1.029225,-1.346335,-1.225356,2.096720,0
-1.005293,-1.412028,1.207437,0.118370,1
1.144083,0.018509,1.426182,-0.025562,0
-1.332625,0.814024,1.150608,-0.577630,1
1.032094,0.315684,0.993989,-0.085986,0
-1.640541,0.956025,0.470186,-0.950440,1
0.310193,0.381067,0.181032,0.124800,0
-0.106779,0.852450,0.055536,-0.466728,1
0.793853,-0.275851,1.203120,0.444365,0
-1.333618,-1.247533,0.034772,0.005862,1
0.519586,-1.301146,-0.362009,-0.335082,0
0.574707,0.160393,-1.037966,-0.082639,1
-0.349793,-0.513619,0.961020,0.066325,0
-1.074686,-0.277016,0.136622,-0.675136,1
1.345812,-0.240761,0.315181,0.678246,0
0.116839,-0.376838,-0.695124,0.426929,1
1.593514,1.194037,-0.456239,0.532130,0
-0.747729,0.374459,0.383140,-0.840562,1
1.653595,-0.131857,1.051940,-0.834852,0
-1.901950,-0.384068,0.640760,-0.462545,1
0.382131,-1.028452,1.028545,0.955511,0
-0.133151,-1.500133,1.118153,-1.280731,1
0.457507,-1.331164,-0.591184,-0.538727,0
-1.080012,-0.645075,-0.036095,-0.110500,1
