0.961638,-0.051227,0.627676,-0.279078,0.299821,0
-1.289731,0.366416,0.259535,-0.045992,-0.339002,1
1.164510,0.453220,-1.065920,0.771277,-0.121564,0
-0.931076,0.329482,-0.007548,0.342252,-0.172100,1
1.220933,-0.178101,-0.484023,-1.250486,-0.607109,0
-0.857021,0.502159,-0.027588,0.062704,0.811685,1
1.299648,-0.364568,0.981028,-0.409340,0.355935,0
-0.036038,-0.908721,0.415368,-0.920958,-0.588876,1
0.738990,0.594896,0.621147,0.136098,-0.415725,0
-0.601219,0.506785,1.036781,-0.261607,0.290736,1
-0.262657,0.371579,0.648174,0.390269,-0.005260,0
-0.732144,-0.273303,0.078188,0.244745,-0.069099,1
1.596149,-0.966717,-0.122250,0.007439,0.151279,0
-0.957754,0.995463,-0.189795,0.534632,-0.597972,1
2.424950,0.342359,0.021234,0.653208,-0.703985,0
-1.094711,0.560542,-0.006369,0.476789,-0.133255,1
1.402823,-0.023515,-0.110752,-0.084059,-0.225662,0
-0.354589,-0.450846,-1.026962,-0.493870,-0.366952,1
1.249683,0.171065,0.310688,-1.001279,0.028597,0
-0.404807,0.710666,0.194480,0.013585,-0.382860,1
1.343857,0.462517,0.393434,-0.681253,0.455139,0
-1.529897,0.105672,0.091024,-0.651326,-0.705253,1
1.079013,0.807336,0.362919,0.494935,0.303437,0
-0.696757,0.290169,0.155069,-0.340610,-0.336287,1
0.664547,0.149438,-0.538349,0.713100,-0.140370,0
-0.733778,-0.475475,-0.057642,-0.167988,1.153780,1
1.390192,-0.266129,-0.068908,-0.192346,-0.906233,0
-2.078028,-0.354582,-0.293284,-0.403896,0.450243,1
1.135735,-0.067909,-0.325133,1.195216,0.548097,0
-1.618684,-0.830632,1.052166,0.827606,-0.207597,1
0.922409,-0.098702,-0.339408,-0.426990,0.109869,0
-0.948403,0.831920,-0.171720,0.564565,-0.020793,1
1.507052,-0.640876,0.346818,-0.184902,0.347574,0
-0.970136,0.081648,0.598598,0.810596,0.720909,1
0.937349,-0.061432,0.284586,0.642671,-0.256300,0
-1.993370,-0.117805,-0.512659,0.212474,-0.025487,1
0.463346,-0.231479,0.464174,0.569602,0.644103,0
-2.225389,0.198176,0.228822,0.375550,-0.213757,1
1.533567,-0.719267,0.373685,-0.422051,-0.152443,0
-0.928590,-0.506101,0.103752,-0.478828,0.260903,1
0.508699,-0.370734,-0.249716,-0.496787,-0.621432,0
-0.993571,0.034110,0.532435,-0.072586,-0.143533,1
0.137970,0.141895,-0.030407,-0.939037,0.556634,0
-1.165790,-0.108371,-0.288796,-0.213611,-0.480476,1
1.924767,-0.730506,0.023344,0.524606,-0.728554,0
-0.776659,-0.109455,0.608935,0.595084,0.388124,1
0.961522,-0.155553,-0.352722,0.327990,-0.183226,0
-1.444784,0.047646,-0.547146,0.633547,-0.398134,1
0.946920,0.220889,-0.014882,0.199166,-0.213307,0
0.207502,-0.511499,0.003949,0.177216,-0.299274,1
0.559562,0.584891,0.002950,-0.104425,-0.235588,0
-0.930369,-0.008671,-0.824474,0.898830,-0.068280,1
0.774842,0.440803,0.166979,0.794502,0.367891,0
-0.365417,0.068371,-0.142947,-0.393766,0.365442,1
1.309016,0.309851,-0.349330,0.156056,0.364703,0
-1.336459,-1.518243,0.525856,-0.246134,0.323112,1
1.272532,-0.505167,-0.003304,0.853779,0.302799,0
-0.668865,0.465382,0.253825,-0.180610,-0.242444,1
1.453520,0.468071,-1.112981,0.722626,-0.243696,0
-1.494667,0.375392,-0.987759,0.382004,0.258522,1
0.823597,-0.836763,-0.116155,-0.686818,-0.820348,0
-0.673108,0.482182,-0.099878,-0.108198,0.605269,1
1.162341,1.138030,0.095854,0.023089,0.262464,0
-0.485581,-0.203756,-1.109607,-0.965850,0.828714,1
0.809104,0.560298,-0.982869,-0.323576,-0.669061,0
-0.962752,-0.691826,-0.543143,0.460336,0.662466,1
0.770001,-1.227527,-1.122779,0.913880,-0.284403,0
-1.087513,1.617378,-0.204350,0.019944,-0.416255,1
0.657878,0.361005,0.264627,0.462408,-0.832062,0
-1.097857,-0.875996,0.511046,-0.543015,0.148757,1
0.973340,0.061320,-0.161609,0.388139,0.897296,0
-0.546760,-0.161556,0.171562,0.064681,0.308437,1
0.652776,-0.082605,0.487711,-1.011357,0.577791,0
-0.607600,0.588020,-1.271040,-0.272492,-0.417050,1
1.972085,-0.144223,-0.048072,0.638844,0.390157,0
-0.399621,0.678907,-0.589638,1.496162,0.510570,1
0.541267,0.038977,-0.671275,-0.516786,0.061621,0
-1.145403,0.134845,-0.286203,0.029103,0.553060,1
1.396379,0.635320,0.461158,-0.222834,0.438814,0
-1.032604,0.874867,0.391490,-0.350176,-0.221537,1
1.510831,0.001698,-0.080047,0.775933,0.130829,0
-0.832620,0.167578,0.821165,-0.059194,-0.372188,1
1.605399,0.947829,0.360118,-0.544193,0.435457,0
-1.423229,-1.256012,-0.351410,0.330114,0.489678,1
0.754197,-0.249284,-0.145713,0.502326,0.147528,0
-0.340809,-0.143001,-0.346830,0.396363,0.136746,1
0.516456,0.447094,0.355801,-1.184944,1.105709,0
0.252439,0.030714,0.009799,0.486922,0.511347,1
0.508702,0.326608,-0.527521,-0.215575,0.496168,0
0.202092,0.498352,0.605289,0.632243,-0.497921,1
1.198239,0.257090,0.571887,0.399159,0.126579,0
-1.022885,0.607767,-0.225675,0.256183,-0.241354,1
1.047300,-1.060408,0.127490,-0.134244,-0.999361,0
-0.625615,0.852049,-0.211712,-0.441061,0.657829,1
-0.052245,-0.259243,-0.004493,-0.042361,-0.410265,0
-1.037711,-0.349024,0.227355,0.450032,0.582753,1
0.105275,-0.263227,0.019949,0.362149,-0.604385,0
-1.590232,-0.345415,0.132699,0.950936,0.254089,1
1.500772,0.472300,0.228256,0.078278,0.186433,0
-0.616832,-1.058563,-0.084611,0.659573,-0.901409,1
0.603308,0.572452,0.580118,-0.338248,0.988845,0
0.117655,-0.169060,0.039415,-0.884392,0.682437,1
1.208823,-0.285088,0.589198,-0.039682,-0.462678,0
-1.153702,-0.533915,0.557009,-0.436993,0.587479,1
0.865524,0.171410,-0.560446,-0.068446,0.185011,0
-0.788313,0.494500,0.371182,-0.231793,-0.355412,1
1.304729,-0.864358,-0.050895,0.527007,-0.634028,0
-0.443701,-0.088988,-0.291867,0.864171,-0.519322,1
1.292189,-0.556344,0.734607,0.040200,0.123496,0
-1.029903,0.174364,0.788421,-0.538127,-0.084369,1
0.930870,-0.409897,-0.298667,0.719911,-0.155165,0
-0.912121,-0.622676,0.519403,0.216107,-0.470913,1
0.881122,0.692139,0.163111,-0.036443,-0.045792,0
-0.769743,0.265261,-0.033129,0.493697,0.134600,1
1.560254,0.387526,-0.324651,-0.067045,0.449531,0
-0.235698,-0.360546,0.270360,-0.484224,0.646101,1
1.225391,0.737817,-0.594816,-0.112690,-0.198233,0
-0.197810,-0.320736,0.335732,0.195684,0.377818,1
0.679374,-0.292410,0.752550,0.307229,-0.613452,0
-1.093135,0.592626,0.247098,-0.063394,-0.808749,1
1.060833,-0.142525,0.506266,0.781302,-0.506902,0
-0.408388,0.157959,-0.284222,0.151169,-0.311802,1
0.582757,-0.240486,-1.136063,0.433304,0.073529,0
-1.435868,0.191170,0.072106,0.334468,0.497172,1
1.419286,-0.026181,-0.230655,-0.157430,0.591132,0
-0.554240,0.041129,0.332160,0.031040,-0.892602,1
1.750692,0.145961,0.121662,0.818641,-0.341178,0
-0.802140,0.335521,0.378001,-0.578415,0.698033,1
0.824303,0.419242,0.047274,0.079526,0.063462,0
-0.346128,-0.160056,-0.136209,-0.643615,-0.510932,1
1.332226,-0.702200,-0.173715,-0.712861,0.338388,0
-1.340388,-0.054503,-0.772820,0.712197,-0.494578,1
-0.193267,-0.181545,-0.315155,-0.266032,-0.051856,0
-0.921101,0.221703,-0.839486,-0.083134,0.266023,1
2.075843,0.512368,0.478965,0.933673,0.346818,0
-0.375054,-0.018791,-0.892224,0.544825,0.575109,1
1.089838,0.169765,0.255989,0.185335,-0.543902,0
-1.254737,-0.940551,-0.798118,-0.165277,0.161719,1
1.250257,-0.310058,-0.568809,0.775810,-0.213484,0
-0.990517,-0.660155,-0.524937,-0.220346,0.399198,1
0.614336,0.191828,-0.058288,0.210468,0.081680,0
-0.892079,0.412866,-0.538370,-0.234273,0.144431,1
1.129760,-0.381071,-0.687220,0.280411,0.259725,0
-0.428745,0.015001,0.067332,0.181633,0.164610,1
1.089132,-0.259257,-0.137114,0.033320,-0.168158,0
-0.793128,0.177180,0.135483,-0.113247,-0.114079,1
1.004878,-0.234511,-0.168183,1.017976,-0.581792,0
-0.131714,0.306315,-0.007483,0.262462,-1.069287,1
0.153062,-0.071144,0.333778,-0.764014,0.493807,0
-1.609282,0.709533,0.000907,-0.052520,-0.013055,1
0.452374,-0.140136,0.404892,0.540160,0.923492,0
-1.600746,0.517796,0.451899,-0.361223,-0.715262,1
0.622716,-0.258442,-0.280545,-0.389537,0.255900,0
-1.747723,-0.536312,0.488811,0.224349,-0.891330,1
1.339964,1.012822,0.381412,-0.356709,0.531939,0
-1.504455,0.754908,-0.183877,-0.298350,-1.027696,1
0.897405,0.314037,0.349076,0.455395,-0.091783,0
-0.926622,0.161277,-0.282228,-1.271626,-0.174114,1
1.158115,0.673096,-0.823713,-0.079840,-0.093438,0
-2.559712,-0.392580,0.368695,-0.315105,1.204250,1
1.091522,-0.380717,-0.422671,0.113915,-0.661856,0
-1.292922,-0.056353,0.974086,-1.077479,0.333483,1
0.292197,-0.893192,-0.362110,0.160077,0.424361,0
-0.609956,0.515464,-0.003919,-0.006910,0.283168,1
0.465854,0.063057,-0.475666,0.094498,0.620868,0
-1.043150,-0.537378,0.646621,0.539603,-0.267751,1
0.970737,-0.747725,0.216239,-0.037767,0.229261,0
-1.786067,-0.079587,-0.586989,0.342010,0.381074,1
0.386677,-0.593874,0.456807,0.398611,0.890450,0
-0.642441,-0.775523,-0.195948,0.823534,-0.371242,1
1.467274,0.871097,-0.199885,0.617494,-0.392681,0
-0.432363,-0.701471,-0.090846,0.774591,-0.005705,1
1.275200,0.351474,-0.371423,0.351138,-0.514370,0
-0.905692,-0.393963,-0.224252,-0.245472,0.429058,1
0.953079,-0.329555,-0.234166,-0.365857,-0.618499,0
-1.281986,-0.894845,0.115118,-0.403920,-0.619522,1
0.155717,0.106683,0.034251,-0.229049,-0.206016,0
-1.296282,0.513087,0.426321,-0.218287,-0.428173,1
1.452621,-0.969779,0.209952,-0.358371,0.204156,0
-0.301521,0.460818,-0.095509,0.132356,0.506613,1
0.991628,0.190292,0.687280,-0.495247,-0.378465,0
-1.555465,-0.203245,-0.545263,0.031608,-1.425229,1
1.526490,0.327150,-0.422070,1.273875,0.629195,0
-0.909012,0.004796,0.347184,-0.115839,0.973250,1
0.075500,0.216372,-0.502729,-0.318830,-0.055938,0
-0.807498,-0.437158,0.291982,-0.038765,-0.312710,1
0.957095,0.200268,0.194529,0.176776,0.155382,0
-0.643123,0.656436,0.259975,0.153199,-1.149581,1
1.384525,-0.673284,0.588943,-0.060071,0.127771,0
-0.887921,-0.688120,-0.889680,-0.025015,-0.336265,1
1.122015,-0.321566,-0.450359,-0.012355,0.233845,0
-1.070551,-0.515217,-0.061495,0.484093,-0.216174,1
1.175464,-0.696161,0.169781,-0.058799,-0.284404,0
-0.902853,-0.690250,-0.831838,0.138448,-0.424055,1
0.905510,-0.268031,-0.671393,0.374240,0.678027,0
-1.226640,-0.198197,-0.165388,0.167909,-0.350302,1
0.971106,0.581347,-0.131425,0.188528,-0.710393,0
-1.395025,-0.384961,0.262629,0.328078,0.104213,1
0.506195,0.107224,-0.621914,-0.689106,-0.433513,0
-1.318526,-0.703736,-0.083694,0.132693,0.017685,1
2.361786,-0.728791,-0.060104,-0.302654,-0.359867,0
-1.568249,-0.090608,-0.490627,0.247594,-0.809431,1
1.631555,0.753995,-0.627339,-0.465780,0.487559,0
-1.005003,-0.758922,-0.021006,0.243246,-0.694140,1
0.590762,-0.619463,0.028217,0.128472,-0.535994,0
-0.981099,0.762498,0.325004,0.178828,0.117757,1
0.573984,0.408341,0.281026,0.259184,0.515553,0
-2.242805,0.211651,0.389724,-0.145217,0.083974,1
0.826955,-0.105121,0.740958,-0.841688,-0.251341,0
0.035441,-0.093701,-0.223493,-0.549575,-0.914115,1
-0.152256,0.351739,0.179487,0.012200,-0.230500,0
-0.730487,0.742875,0.160300,0.268065,1.022167,1
1.040524,-0.722695,0.341171,0.384095,-0.643003,0
-0.880264,1.022517,-0.634865,0.655758,-0.099875,1
0.768893,-0.609233,0.471788,-1.029797,0.356911,0
-0.606680,-0.303196,0.576250,0.819983,0.036825,1
1.434452,0.565676,-0.556137,0.603436,0.330840,0
-1.070207,-0.137511,-0.324584,0.576650,0.453904,1
0.873534,0.698147,0.101782,1.002028,0.132633,0
-0.500606,-0.287816,-0.595071,0.330257,0.070115,1
1.880361,-0.562814,-0.199908,0.391905,-0.551761,0
-0.974828,0.609462,-0.010085,-0.246467,-0.596000,1
0.941120,0.727047,0.339171,0.030682,0.156454,0
-0.849907,0.983932,0.640494,0.328792,0.046128,1
-0.007796,0.271466,0.460865,-0.968422,0.506126,0
-1.105356,-0.398046,0.281753,0.030611,0.997415,1
1.061293,0.136493,0.099138,-0.868869,-0.150666,0
-0.654852,-0.096951,0.240033,-0.467873,-0.709577,1
1.404330,0.130633,0.470601,-0.040977,0.138402,0
-0.168324,0.416277,-0.155252,0.200547,0.533494,1
0.402079,-0.543884,-0.086542,0.232941,0.443579,0
-1.655502,-0.011343,-0.082741,-0.226712,0.239110,1
1.595661,0.589153,0.538984,0.003128,-0.857743,0
-0.886475,-0.242651,-0.599962,-0.143931,-0.091427,1
1.717280,-0.717688,-0.419123,-0.750459,0.886458,0
-0.198857,-0.330824,-0.221045,-1.019122,0.025222,1
0.801717,0.374605,-0.629722,0.011147,0.218346,0
-1.234847,-0.155252,-1.119890,0.487871,0.770968,1
-0.106342,0.012729,-0.394631,-0.007878,0.547473,0
-0.642533,0.757881,0.199962,0.255480,-0.206436,1
0.923632,-0.121292,-0.602620,-0.420217,-0.224827,0
-1.487932,0.280640,0.283510,-0.806296,0.281848,1
1.058758,-0.131565,-0.111291,-0.457598,0.614262,0
-0.790368,-0.147653,0.125785,-0.952999,0.690563,1
0.794785,-0.616715,0.450053,0.025279,-0.077625,0
-1.164958,0.397861,-0.678491,-1.031815,0.317058,1
1.570720,-0.116885,0.103140,-0.390646,-0.373914,0
-1.651593,0.563929,-0.277090,0.209042,0.733300,1
0.929122,0.379958,0.874922,-0.336871,0.384728,0
-1.391926,0.539023,-0.876710,-0.082028,-0.228655,1
