0.347267,0.404509,0.358207,1.022366,0.278027,0
-0.743203,-0.243104,-0.433234,0.435588,-0.262522,1
1.268792,0.536050,0.184077,-0.114042,1.124444,0
-0.712816,0.622766,-0.082386,0.013362,-0.308938,1
0.924113,-0.630551,1.075460,-0.966539,0.251414,0
-0.961378,-0.018178,0.257393,-0.261309,-0.106796,1
0.385549,0.163184,0.469943,0.804826,-0.690570,0
-0.426677,-0.200351,-0.156186,0.541125,-0.059752,1
-0.393504,-0.093087,-0.476312,-0.102730,-0.011066,0
-0.725650,0.454178,0.341668,0.205536,-1.070547,1
1.449725,0.459751,0.645236,0.241410,0.634389,0
-1.081672,-0.563415,-0.367041,0.190793,0.175712,1
1.287321,1.023953,-0.381467,0.501451,-0.470436,0
-0.583578,-0.222919,-0.091857,0.554331,0.697003,1
2.700096,-0.052805,-0.642495,0.071635,-0.253594,0
-0.541440,-0.481075,-0.576176,-0.758659,-0.245615,1
0.778015,0.627083,-0.940498,-0.678256,0.424392,0
-1.092990,0.201568,-0.992391,0.138933,0.046245,1
1.114778,-0.440349,0.306764,0.242119,0.461463,0
-0.571412,0.360155,0.325744,0.164747,-0.303024,1
1.740156,-0.856424,0.186666,-0.324479,0.371316,0
-1.763337,-0.207129,-0.032120,-0.443181,-0.178600,1
1.265574,0.230228,0.605289,-0.611083,0.768381,0
-0.840847,0.360904,-0.016293,0.251215,0.342960,1
1.647898,0.003767,0.085424,1.104139,-1.132066,0
-0.774197,-0.318675,0.527526,0.701158,-0.389741,1
0.947574,0.918960,-0.367394,-0.307054,0.193700,0
-0.753414,1.193985,-0.110149,0.280910,0.304562,1
1.854537,-0.322969,-0.435696,-0.017319,-0.759030,0
-1.344674,0.721025,0.356489,0.198022,0.346632,1
0.870175,0.124304,-1.221435,0.882338,0.040605,0
-0.961799,0.517845,0.526759,-0.890246,0.291805,1
1.365496,-0.028570,-0.030532,0.369397,-0.455249,0
-0.868594,-0.292473,0.417691,0.514312,0.336609,1
1.441947,-0.859190,0.127428,-0.208330,0.283565,0
-0.969458,0.087632,-0.046413,0.049130,-0.094028,1
0.832320,0.217019,-0.008315,0.278992,-0.313206,0
-0.809873,-0.500664,-0.162603,-0.213222,-0.874665,1
0.818264,0.292646,-1.100371,0.461575,-0.039803,0
-1.482309,-0.530007,0.534938,0.261647,-0.178959,1
1.693731,-0.693879,0.608549,-0.141012,0.249399,0
-1.861524,-0.705899,-0.420679,0.272892,-0.434251,1
0.910064,0.512061,0.040005,-0.234107,-0.479702,0
-0.858919,0.321972,0.207750,-0.610458,-0.100142,1
1.066482,0.066844,0.083463,0.080623,-0.560699,0
-0.395339,0.268602,1.334000,-0.093148,-0.824562,1
1.120590,-0.495643,-0.568119,0.755539,-0.629017,0
-1.484315,0.402839,0.527219,0.046775,-0.465493,1
1.030416,-0.169237,-0.967231,-0.092659,0.348626,0
-0.842038,-0.340588,-0.181443,-0.064235,0.263226,1
0.781359,-0.130810,0.946860,0.267877,-0.569265,0
-0.893303,-0.908092,-0.604975,-0.945731,0.005961,1
1.700423,0.440097,-0.321055,-0.285614,0.289021,0
-1.113623,0.485911,0.530951,-0.402593,0.200737,1
-0.367677,0.230636,0.192456,0.134143,0.073478,0
-0.149726,-0.777033,0.495359,0.238993,0.138155,1
1.302208,-0.524863,0.354239,0.184493,-0.589162,0
-0.988862,-0.049230,-0.196510,-0.552097,-0.740916,1
0.945058,-0.236863,0.051893,0.662086,0.273427,0
-1.269401,-0.618989,-1.189889,-0.016834,-0.129717,1
0.193151,-0.475182,-0.249478,-0.536499,0.695850,0
0.134263,0.013182,-0.592055,0.123124,-0.235492,1
1.389149,0.246260,0.636281,-0.636953,-0.912783,0
-1.681400,0.365104,-0.061311,0.223811,0.906962,1
0.638092,0.523925,0.379864,0.202953,-0.163119,0
-0.899185,-0.659969,-0.156317,-0.484485,-0.446839,1
-0.128866,0.453739,0.637478,0.006258,-0.481822,0
-1.301137,0.493165,0.009323,0.112467,0.118161,1
1.076869,-0.583640,-0.458521,-0.022805,0.075181,0
-1.146408,0.011852,-0.804734,0.050799,-1.232023,1
1.840357,-0.105963,0.176960,-0.044021,-0.199539,0
-1.680733,0.480067,0.518574,0.871353,-0.738304,1
0.696151,0.755443,-0.449222,-0.208815,-0.356037,0
-1.599804,-0.397779,-0.447780,-0.237680,0.985632,1
1.520283,0.361787,0.095803,0.804933,-0.157207,0
-0.346153,-0.080597,0.107110,-0.379358,0.637800,1
-0.128280,0.483551,0.254791,0.257829,-0.198339,0
-1.044009,0.644155,-0.112144,0.862580,0.612998,1
1.587394,-0.542690,-0.393146,0.252151,-0.210887,0
-0.636487,-0.484440,1.039075,-0.972913,-1.127044,1
1.894083,-0.986985,0.086666,-0.476624,0.606006,0
-1.204544,0.124836,0.259381,0.143468,-0.317958,1
0.533682,-1.146240,-0.196610,-0.816825,0.532919,0
-1.636109,-0.018310,-0.159801,-0.022133,0.992396,1
0.767894,-0.065582,0.083872,0.082645,-0.042300,0
-0.928581,0.247224,0.051812,-0.115231,-0.277791,1
1.018192,-0.653656,-0.402134,0.854359,-0.277182,0
-0.666304,-0.123788,0.065717,-0.257590,-1.397536,1
0.733148,0.285901,0.331765,-0.900938,0.280347,0
-1.027449,0.369976,0.632676,0.327674,0.351532,1
1.102420,-0.079185,-0.509006,0.417664,-0.328718,0
-1.172580,0.463121,-0.168602,0.187156,-0.169875,1
1.676888,-0.762041,-0.388142,0.414869,0.849910,0
-1.012193,-0.144794,0.050829,-0.342707,-0.135057,1
1.048363,-0.125345,0.129532,0.888844,-0.358727,0
-1.036785,-0.372829,0.328606,-0.029388,-0.616349,1
0.553847,-0.684256,0.545127,0.550223,0.218491,0
-1.538571,-0.045399,-0.587068,-0.307865,1.142932,1
1.104460,0.694103,0.810406,0.013117,-0.488287,0
-1.602767,-0.291406,-0.889677,0.347551,1.254546,1
0.588824,0.478315,0.054479,-0.106844,-0.208925,0
-0.793256,0.483732,-0.501529,-0.288594,-1.146529,1
0.517679,0.439248,-1.231335,0.553921,0.406786,0
-0.580255,0.062582,0.385766,-0.207841,-0.288007,1
1.341189,-0.911974,0.453119,-1.090340,0.108216,0
-1.124478,-0.830946,-0.565348,-0.457298,-0.543229,1
0.266624,-0.313134,0.095294,-0.251516,0.722411,0
-0.037909,-0.424516,0.079176,0.146264,0.555620,1
0.730577,-0.947540,-0.447641,-0.047702,-0.655685,0
-0.564734,-0.312062,-0.636616,0.041894,0.776448,1
0.244439,1.509624,0.573696,0.796546,0.569498,0
-0.429516,0.543954,-0.171192,-0.138343,-0.002061,1
1.192480,0.675521,-0.567274,-0.141571,0.125435,0
-1.476641,0.381727,-0.243275,0.458966,-0.670932,1
0.703138,0.019670,0.166318,0.393998,-0.102982,0
-0.714625,-0.545292,-0.396347,0.312359,0.842508,1
1.799582,-0.262284,1.734797,0.077618,0.004561,0
-0.715004,-0.381493,0.663059,-0.066114,-0.570428,1
0.748070,0.863843,-0.263133,0.930269,0.130675,0
-1.890131,0.347698,-0.822577,1.439879,0.037315,1
0.962225,0.591680,0.495156,-0.460390,0.494019,0
-0.128456,0.394601,-0.222389,-0.094567,-1.118281,1
1.621433,0.018118,-0.030188,0.256885,-0.459941,0
-0.610760,0.114053,-0.250185,-0.132096,-0.404673,1
1.344389,0.314207,0.692425,-0.200032,0.094462,0
-0.880376,-0.241724,-0.466470,-0.331508,0.517099,1
1.088799,0.465835,0.102807,-0.288401,-0.333401,0
-1.549176,0.932764,-0.457904,0.115064,-0.049294,1
1.044356,-0.699925,-0.554592,0.911027,1.000209,0
-0.946340,0.802078,-0.252250,-0.241451,0.025867,1
1.267939,-0.377120,0.195391,-0.186538,0.186746,0
-1.242094,-0.297228,-0.849267,0.109692,-0.173626,1
0.840611,0.416801,0.766390,1.390857,0.350713,0
-0.017424,0.684957,-0.264699,-0.737486,-0.107287,1
1.306805,-0.284670,0.001943,0.838510,1.126536,0
-0.475328,1.087694,0.058244,-0.582022,-0.190995,1
1.451914,-0.089222,0.225744,0.085825,-0.106140,0
-1.915807,1.179602,0.196074,-0.399221,-0.581345,1
0.837392,0.417095,-0.503866,0.106344,0.121753,0
-0.123538,-0.353786,-0.411701,0.247393,0.241840,1
0.928091,0.287279,-0.053983,-0.399577,-0.718696,0
-0.969391,0.193164,0.202772,-0.433924,0.158418,1
1.549662,1.328802,-0.479945,0.805927,0.208309,0
-0.681843,0.180804,0.445242,-0.726789,-0.270436,1
1.139224,-0.262496,-0.064249,-0.413889,0.234886,0
-0.092879,0.346312,-0.007941,-0.121509,-0.060436,1
1.668573,0.401895,-0.149125,0.387258,-0.699838,0
-1.659275,-0.821232,-0.067547,0.878558,0.597911,1
0.373310,0.533113,0.106802,0.004293,-0.391364,0
-0.647857,-0.446870,-0.305694,0.752270,-0.115771,1
1.089569,0.048345,-0.299416,0.585208,-0.429213,0
-0.628528,-0.403087,0.418981,-0.128253,1.178245,1
1.553564,-0.160182,-0.445583,-0.155795,0.319724,0
-0.651840,-0.074488,-0.416571,0.951510,1.057343,1
0.314517,0.257244,-0.007260,-0.095392,0.208102,0
-1.251701,0.732461,0.824211,0.125340,-0.821467,1
1.750556,0.105678,-0.863951,0.122357,-0.315631,0
-0.565202,0.075641,0.536807,-0.686172,-0.110884,1
1.269107,0.396496,0.638923,0.158314,-0.429968,0
-1.340111,-0.395605,0.162514,0.367738,-0.758333,1
1.325564,0.389862,0.443159,-1.036026,0.427470,0
-0.581765,0.091148,0.716478,0.654956,0.160978,1
0.748942,1.015007,0.785738,-0.291699,0.038513,0
-2.309245,-0.826207,-0.545562,0.326406,-0.145866,1
0.287035,0.497046,0.251094,-0.424264,-0.245753,0
-1.285142,-0.459102,1.256481,0.752228,0.904422,1
1.612601,-1.057209,0.774814,-0.352829,-0.989198,0
-1.441319,0.272510,-0.140479,0.040629,-0.822596,1
1.071237,0.251812,-0.448530,0.015762,0.056211,0
-1.648654,-0.700978,0.597112,-0.250499,0.343436,1
1.260419,0.937567,-0.000915,-0.233526,0.218219,0
-1.792303,-1.334984,-0.966226,0.993946,0.133505,1
0.430623,0.054870,1.219637,0.797761,0.240025,0
-0.800710,0.437829,0.021702,-0.754830,0.331023,1
0.029204,0.492545,0.043811,0.140255,0.107916,0
-1.143705,0.086155,-0.566278,-0.084595,0.410123,1
0.832259,-0.361816,-0.002123,0.337304,-0.869554,0
-0.836371,0.166736,0.021746,0.053392,-0.036152,1
0.004929,0.500957,-0.191568,-0.547898,-0.524858,0
-0.983819,0.623066,-0.300262,-0.106571,0.568241,1
1.022748,0.607698,-0.473740,0.410140,0.101829,0
-0.803857,0.073108,-0.598484,-0.039343,-0.653207,1
1.537467,-0.205668,-0.023484,1.011877,0.912897,0
-0.813795,-0.658255,0.712720,-0.336618,0.356939,1
1.075073,0.468472,0.056664,-0.249871,-0.135184,0
-0.682796,-0.403784,-0.228145,0.656093,-0.402975,1
1.285612,-0.450294,-0.583666,0.371552,0.177760,0
-2.028223,0.018059,-0.475996,0.347718,-0.377050,1
1.229717,0.106139,-0.319605,0.241490,1.340506,0
-0.607524,-0.087932,-0.605380,0.346215,-0.762883,1
1.576284,-0.031492,0.969692,-0.418982,0.237070,0
-0.998458,-0.513224,0.211831,-0.780645,-0.466644,1
0.853779,-0.757947,-0.625314,0.314938,-0.602683,0
-0.070662,-0.133957,0.682387,-0.352213,-0.630646,1
0.539693,0.811192,-0.478659,0.887017,0.423987,0
-1.449742,-1.061348,-0.209067,-0.468722,-0.275588,1
1.355866,0.185181,0.186598,-0.426549,-0.151333,0
-0.876946,-0.871786,0.270032,-0.539618,-0.579145,1
1.217080,-0.464922,-0.699517,-1.177210,0.847149,0
-1.164153,0.486209,0.084440,-0.585057,0.101193,1
0.758379,0.561042,0.450379,-0.455986,0.017558,0
-0.954573,-0.787998,0.641807,-0.145405,-0.143735,1
1.227051,0.269236,0.229961,0.392232,-0.379509,0
-1.691227,0.528941,0.203101,0.193682,0.220579,1
0.610673,-0.056631,-1.355419,0.422183,0.172482,0
-0.305369,0.015059,0.068288,0.829097,0.840484,1
1.699871,0.107144,0.316831,0.267488,0.196871,0
-0.219675,0.394406,0.629591,-0.206608,0.173406,1
0.490200,0.015587,0.982845,0.220637,-0.150340,0
-0.663742,0.883274,-0.055773,0.297248,-0.315033,1
1.315941,0.609046,0.321119,1.735856,-1.043378,0
-0.848183,-0.106184,0.055995,-0.161736,-0.406312,1
1.081002,-0.378957,0.056072,0.176918,0.087169,0
-1.389575,0.332047,0.631166,1.641484,0.305796,1
0.777430,0.036534,-0.991597,-0.340106,-0.760694,0
-1.557407,0.947481,-0.048359,0.474450,-0.366326,1
0.866349,0.139243,-0.233716,0.906602,0.386657,0
-0.182431,-0.034362,0.125653,-0.404721,-0.128930,1
0.496841,0.347296,-0.115556,0.396777,-0.266057,0
-0.924670,-0.466221,-0.089569,-0.141159,0.498616,1
1.346078,0.758884,-0.304257,-1.188249,-0.481279,0
0.413295,-0.267854,-0.936597,-0.272200,0.023735,1
0.062943,0.307861,0.437288,-0.203492,-0.371885,0
-0.434111,-0.132915,-0.069190,-0.250491,-0.290039,1
1.010723,-0.142626,-0.532814,-0.418411,-0.222842,0
-1.360923,-1.125940,1.084171,0.755858,-0.330774,1
1.035184,0.607581,-0.336818,-0.349365,-0.699296,0
-1.262092,-0.079700,-0.257187,-0.102582,-0.132153,1
1.346208,0.373633,0.103691,0.381940,-0.623787,0
-1.377777,-0.047202,0.168745,-0.638564,-0.043828,1
1.312257,0.315237,0.015878,-0.426204,0.256777,0
-1.555529,-0.505826,0.061993,-0.456889,0.094998,1
0.781090,0.507914,-0.026843,-0.609369,-0.751829,0
-1.251311,-0.544907,0.376744,-0.043017,-0.420453,1
0.155900,0.296072,0.575665,0.287881,0.093916,0
-1.112646,0.364816,-0.988483,-0.135739,0.188330,1
0.989955,-0.328007,-0.528099,1.430560,1.067048,0
-1.612500,-0.037700,0.411436,0.117107,-0.412739,1
1.001342,-0.054395,-0.185794,-0.347263,0.326291,0
-1.093939,-0.467375,0.041713,-0.514317,0.217954,1
1.245829,-0.089065,-0.290700,0.836718,-0.825243,0
-1.842265,0.035553,0.560196,0.081267,-0.379341,1
0.516471,0.304029,0.458759,0.380960,-0.555502,0
-1.383095,0.135369,0.170934,0.404909,-0.887802,1
0.551951,-0.365333,0.608806,-0.346789,0.622113,0
-1.142184,-0.128381,-0.190604,0.681385,0.699392,1
0.528551,-0.169950,0.244067,-1.049583,-0.663341,0
-0.476201,0.584496,-1.010013,-0.072606,-0.320787,1
1.556477,0.212618,-0.492822,-0.919555,-0.535064,0
-0.764805,-0.254855,-0.037457,0.288901,-0.046474,1
